
4.34 0.00ð-7.69 -23.0568 2.0751
-7.35 -18.5863 1.6728
-6.96 -14.6483 1.3184
-6.40 -10.7491 0.9674
-5.40 -6.1467 0.5532
-4.19 -1.5908 0.1432
-2.64 3.2938 -0.2964
-1.00 7.7217 -0.6950
0.23 10.2435 -0.9219
1.12 11.3749 -1.0237
1.65 11.2787 -1.0151
1.82 10.0929 -0.9084
1.87 8.7169 -0.7845
1.78 7.1334 -0.6420
1.56 5.4194 -0.4877
1.24 3.6405 -0.3276
0.55 1.0244 -0.0922
-0.39 -1.9352 0.1742
-1.23 -4.1749 0.3757
-2.24 -6.5847 0.5926
-3.58 -9.5990 0.8639
-4.31 -10.3671 0.9330
-4.86 -10.4680 0.9421
-5.42 -10.5538 0.9498
-5.81 -10.1667 0.9150
-6.09 -9.4697 0.8523
-6.27 -8.6013 0.7741
-6.38 -7.6331 0.6870
-6.46 -6.7181 0.6046
-6.52 -5.8944 0.5305
-6.55 -5.1022 0.4592
-6.57 -4.3829 0.3945
-6.58 -3.7715 0.3394
-6.60 -3.2517 0.2927
-6.61 -2.8100 0.2529
-6.63 -2.4345 0.2191
-6.64 -2.1153 0.1904
-6.66 -1.8440 0.1660
-6.67 -1.6134 0.1452
-6.69 -1.4174 0.1276
-6.70 -1.2508 0.1126
-6.73 -1.1552 0.1040
-6.75 -1.0279 0.0925
-6.77 -0.9197 0.0828
-6.80 -0.8738 0.0786
-6.81 -0.7887 0.0710
-6.83 -0.7164 0.0645
-6.86 -0.7009 0.0631
-6.89 -0.6878 0.0619
-6.92 -0.6766 0.0609
-6.95 -0.6671 0.0600
-6.98 -0.6591 0.0593
-7.01 -0.6522 0.0587
-7.03 -0.6004 0.0540
-7.06 -0.6023 0.0542
-7.07 -0.5580 0.0502
-7.09 -0.5203 0.0468
-7.10 -0.4882 0.0439
-7.12 -0.4610 0.0415
-7.12 -0.3918 0.0353
-7.12 -0.3331 0.0300
-7.12 -0.2831 0.0255
-7.12 -0.2406 0.0217
-7.12 -0.2045 0.0184
-7.12 -0.1739 0.0156
-7.12 -0.1478 0.0133
-7.13 -0.1716 0.0154
-7.13 -0.1459 0.0131
-7.13 -0.1240 0.0112
-7.13 -0.1054 0.0095
-7.13 -0.0896 0.0081
-7.13 -0.0761 0.0069
-7.15 -0.1107 0.0100
-7.16 -0.1401 0.0126
-7.16 -0.1191 0.0107
-7.18 -0.1472 0.0133
-7.21 -0.2171 0.0195
-7.23 -0.2306 0.0208
-7.24 -0.2420 0.0218
-7.27 -0.2977 0.0268
-7.29 -0.2990 0.0269
-7.30 -0.3002 0.0270
-7.33 -0.3472 0.0312
-7.35 -0.3411 0.0307
-7.38 -0.3819 0.0344
-7.39 -0.3706 0.0334
-7.42 -0.4070 0.0366
-7.44 -0.3920 0.0353
-7.46 -0.3792 0.0341
-7.49 -0.4143 0.0373
-7.50 -0.3982 0.0358
-7.52 -0.3844 0.0346
-7.53 -0.3728 0.0335
-7.55 -0.3629 0.0327
-7.56 -0.3544 0.0319
-7.58 -0.3473 0.0313
-7.59 -0.3412 0.0307
-7.59 -0.2900 0.0261
-7.61 -0.2925 0.0263
-7.62 -0.2946 0.0265
-7.62 -0.2504 0.0225
-7.64 -0.2589 0.0233
-7.65 -0.2660 0.0239
-7.65 -0.2261 0.0204
-7.65 -0.1922 0.0173
-7.67 -0.2094 0.0188
-7.67 -0.1780 0.0160
-7.67 -0.1513 0.0136
-7.69 -0.1746 0.0157
-7.69 -0.1484 0.0134
-7.69 -0.1261 0.0114
-7.69 -0.1072 0.0096
-7.69 -0.0911 0.0082
-7.69 -0.0775 0.0070
-7.69 -0.0658 0.0059
-7.70 -0.1020 0.0092
-7.70 -0.0867 0.0078
-7.70 -0.0737 0.0066
-7.70 -0.0626 0.0056
-7.70 -0.0532 0.0048
-7.72 -0.0912 0.0082
-7.72 -0.0776 0.0070
-7.72 -0.0659 0.0059
-7.72 -0.0560 0.0050
-7.72 -0.0476 0.0043
-7.72 -0.0405 0.0036
-7.73 -0.0804 0.0072
-7.73 -0.0683 0.0062
-7.73 -0.0581 0.0052
-7.73 -0.0494 0.0044
-7.73 -0.0420 0.0038
-7.73 -0.0357 0.0032
-7.73 -0.0303 0.0027
-7.73 -0.0258 0.0023
-7.75 -0.0679 0.0061
-7.75 -0.0577 0.0052
-7.75 -0.0491 0.0044
-7.75 -0.0417 0.0038
-7.75 -0.0355 0.0032
-7.75 -0.0301 0.0027
-7.75 -0.0256 0.0023
-7.75 -0.0218 0.0020
-7.75 -0.0185 0.0017
-7.75 -0.0157 0.0014
-7.75 -0.0134 0.0012
-7.75 -0.0114 0.0010
-7.75 -0.0097 0.0009
-7.75 -0.0082 0.0007
-7.75 -0.0070 0.0006
-7.75 -0.0059 0.0005
-7.75 -0.0050 0.0005
-7.75 -0.0043 0.0004
-7.75 -0.0036 0.0003
-7.75 -0.0031 0.0003
-7.73 0.0434 -0.0039
-7.75 -0.0091 0.0008
-7.73 0.0382 -0.0034
-7.76 -0.0595 0.0054
-7.76 -0.0506 0.0046
-7.79 -0.1350 0.0121
-7.81 -0.1607 0.0145
-7.82 -0.1826 0.0164
-7.84 -0.2012 0.0181
-7.82 -0.1251 0.0113
-7.82 -0.1063 0.0096
-7.82 -0.0903 0.0081
-7.82 -0.0768 0.0069
-7.82 -0.0653 0.0059
-7.82 -0.0555 0.0050
-7.82 -0.0472 0.0042
-7.82 -0.0401 0.0036
-7.82 -0.0341 0.0031
-7.82 -0.0290 0.0026
-7.82 -0.0246 0.0022
-7.82 -0.0209 0.0019
-7.82 -0.0178 0.0016
-7.82 -0.0151 0.0014
-7.82 -0.0129 0.0012
-7.82 -0.0109 0.0010
-7.82 -0.0093 0.0008
-7.82 -0.0079 0.0007
-7.82 -0.0067 0.0006
-7.82 -0.0057 0.0005
-7.82 -0.0048 0.0004
-7.82 -0.0041 0.0004
-7.82 -0.0035 0.0003
-7.82 -0.0030 0.0003
-7.82 -0.0025 0.0002
-7.82 -0.0022 0.0002
-7.82 -0.0018 0.0002
-7.82 -0.0016 0.0001
-7.82 -0.0013 0.0001
-7.82 -0.0011 0.0001
-7.82 -0.0010 0.0001
-7.82 -0.0008 0.0001
-7.84 -0.0467 0.0042
-7.84 -0.0397 0.0036
-7.85 -0.0797 0.0072
-7.85 -0.0678 0.0061
-7.84 -0.0116 0.0010
-7.84 -0.0099 0.0009
-7.84 -0.0084 0.0008
-7.84 -0.0071 0.0006
-7.84 -0.0061 0.0005
-7.84 -0.0051 0.0005
-7.84 -0.0044 0.0004
-7.84 -0.0037 0.0003
-7.84 -0.0032 0.0003
-7.84 -0.0027 0.0002
-7.84 -0.0023 0.0002
-7.84 -0.0019 0.0002
-7.84 -0.0017 0.0001
-7.84 -0.0014 0.0001
-7.84 -0.0012 0.0001
-7.84 -0.0010 0.0001
-7.84 -0.0009 0.0001
-7.84 -0.0007 0.0001
-7.84 -0.0006 0.0001
-7.84 -0.0005 0.0000
-7.85 -0.0465 0.0042
-7.85 -0.0395 0.0036
-7.85 -0.0336 0.0030
-7.84 0.0175 -0.0016
-7.84 0.0149 -0.0013
-7.84 0.0126 -0.0011
-7.85 -0.0353 0.0032
-7.85 -0.0300 0.0027
-7.88 -0.1175 0.0106
-7.88 -0.0999 0.0090
-7.88 -0.0849 0.0076
-7.87 -0.0261 0.0024
-7.85 0.0238 -0.0021
-7.85 0.0202 -0.0018
-7.84 0.0632 -0.0057
-7.85 0.0077 -0.0007
-7.85 0.0065 -0.0006
-7.87 -0.0404 0.0036
-7.90 -0.1264 0.0114
-7.92 -0.1534 0.0138
-7.93 -0.1764 0.0159
-7.92 -0.1039 0.0094
-7.90 -0.0424 0.0038
-7.88 0.0100 -0.0009
-7.87 0.0545 -0.0049
-7.85 0.0923 -0.0083
-7.85 0.0785 -0.0071
-7.85 0.0667 -0.0060
-7.87 0.0107 -0.0010
-7.90 -0.0829 0.0075
-7.90 -0.0705 0.0063
-7.93 -0.1519 0.0137
-7.93 -0.1291 0.0116
-7.93 -0.1097 0.0099
-7.92 -0.0473 0.0043
-7.88 0.0518 -0.0047
-7.88 0.0440 -0.0040
-7.85 0.1294 -0.0116
-7.85 0.1100 -0.0099
-7.87 0.0475 -0.0043
-7.88 -0.0056 0.0005
-7.90 -0.0508 0.0046
-7.93 -0.1352 0.0122
-7.93 -0.1149 0.0103
-7.93 -0.0976 0.0088
-7.93 -0.0830 0.0075
-7.92 -0.0246 0.0022
-7.92 -0.0209 0.0019
-7.90 0.0283 -0.0025
-7.88 0.0700 -0.0063
-7.87 0.1055 -0.0095
-7.87 0.0897 -0.0081
-7.88 0.0302 -0.0027
-7.88 0.0257 -0.0023
-7.92 -0.0702 0.0063
-7.92 -0.0596 0.0054
-7.95 -0.1427 0.0128
-7.96 -0.1673 0.0151
-7.95 -0.0962 0.0087
-7.95 -0.0818 0.0074
-7.93 -0.0235 0.0021
-7.92 0.0260 -0.0023
-7.93 -0.0239 0.0021
-7.92 0.0257 -0.0023
-7.93 -0.0242 0.0022
-7.92 0.0255 -0.0023
-7.93 -0.0243 0.0022
-7.93 -0.0207 0.0019
-0.02 23.7183 -2.1346
-7.93 -3.5753 0.3218
-22.08 -45.4968 4.0947
-7.96 3.6935 -0.3324
-22.01 -38.9963 3.5097
-21.93 -32.9169 2.9625
-22.02 -28.2553 2.5430
-21.93 -23.7411 2.1367
-21.62 -19.2599 1.7334
-21.30 -15.4049 1.3864
-20.84 -11.7142 1.0543
-20.18 -7.9791 0.7181
-19.22 -3.8842 0.3496
-18.37 -0.7716 0.0694
-17.42 2.1961 -0.1977
-16.39 4.9487 -0.4454
-15.69 6.3224 -0.5690
-15.52 5.8800 -0.5292
-15.58 4.8140 -0.4333
-16.03 2.7579 -0.2482
-16.87 -0.1858 0.0167
-17.88 -3.1939 0.2874
-18.51 -4.6008 0.4141
-19.17 -5.8887 0.5300
-19.81 -6.9374 0.6244
-20.29 -7.3227 0.6590
-20.61 -7.1903 0.6471
-20.83 -6.7558 0.6080
-20.99 -6.2484 0.5624
-21.10 -5.6331 0.5070
-21.19 -5.0642 0.4558
-21.26 -4.4885 0.4040
-21.30 -3.9533 0.3558
-21.33 -3.4523 0.3107
-21.36 -3.0264 0.2724
-21.38 -2.6185 0.2357
-21.39 -2.2717 0.2045
-21.39 -1.9309 0.1738
-21.39 -1.6413 0.1477
-21.39 -1.3951 0.1256
-21.39 -1.1858 0.1067
-21.39 -1.0080 0.0907
-21.39 -0.8568 0.0771
-21.39 -0.7283 0.0655
-21.39 -0.6190 0.0557
-21.39 -0.5262 0.0474
-21.39 -0.4472 0.0403
-21.41 -0.4262 0.0384
-21.41 -0.3622 0.0326
-21.41 -0.3079 0.0277
-21.42 -0.3077 0.0277
-21.45 -0.3536 0.0318
-21.47 -0.3465 0.0312
-21.50 -0.3865 0.0348
-21.55 -0.4666 0.0420
-21.59 -0.5346 0.0481
-21.64 -0.5924 0.0533
-21.68 -0.6415 0.0577
-21.73 -0.6833 0.0615
-21.78 -0.7188 0.0647
-21.81 -0.7030 0.0633
-21.85 -0.7355 0.0662
-21.88 -0.7172 0.0645
-21.93 -0.7476 0.0673
-21.96 -0.7275 0.0655
-21.99 -0.7104 0.0639
-22.02 -0.6958 0.0626
-22.05 -0.6834 0.0615
-22.07 -0.6269 0.0564
-22.10 -0.6249 0.0562
-22.11 -0.5772 0.0519
-22.14 -0.5826 0.0524
-22.18 -0.5872 0.0528
-22.21 -0.5911 0.0532
-22.24 -0.5944 0.0535
-22.27 -0.5973 0.0538
-22.30 -0.5997 0.0540
-22.33 -0.6017 0.0542
-22.36 -0.6035 0.0543
-22.41 -0.6510 0.0586
-22.44 -0.6453 0.0581
-22.48 -0.6865 0.0618
-22.53 -0.7215 0.0649
-22.56 -0.7053 0.0635
-22.60 -0.7375 0.0664
-22.65 -0.7649 0.0688
-22.70 -0.7882 0.0709
-22.73 -0.7619 0.0686
-22.77 -0.7856 0.0707
-22.82 -0.8058 0.0725
-22.87 -0.8229 0.0741
-22.91 -0.8375 0.0754
-22.94 -0.8039 0.0723
-22.99 -0.8213 0.0739
-23.03 -0.8361 0.0752
-23.06 -0.8027 0.0722
-23.10 -0.7743 0.0697
-23.13 -0.7501 0.0675
-23.16 -0.7296 0.0657
-23.17 -0.6662 0.0600
-23.19 -0.6122 0.0551
-23.22 -0.6124 0.0551
-23.23 -0.5665 0.0510
-23.23 -0.4816 0.0433
-23.25 -0.4553 0.0410
-23.25 -0.3870 0.0348
-23.25 -0.3290 0.0296
-23.25 -0.2796 0.0252
-23.25 -0.2377 0.0214
-23.25 -0.2020 0.0182
-23.25 -0.1717 0.0155
-23.25 -0.1460 0.0131
-23.25 -0.1241 0.0112
-23.25 -0.1055 0.0095
-23.25 -0.0896 0.0081
-23.25 -0.0762 0.0069
-23.25 -0.0648 0.0058
-23.25 -0.0551 0.0050
-23.23 -0.0008 0.0001
-23.25 -0.0467 0.0042
-23.23 0.0063 -0.0006
-23.25 -0.0406 0.0037
-23.23 0.0115 -0.0010
-23.25 -0.0363 0.0033
-23.25 -0.0308 0.0028
-23.26 -0.0722 0.0065
-23.28 -0.1074 0.0097
-23.26 -0.0453 0.0041
-23.26 -0.0385 0.0035
-23.26 -0.0327 0.0029
-23.26 -0.0278 0.0025
-23.26 -0.0236 0.0021
-23.26 -0.0201 0.0018
-23.25 0.0289 -0.0026
-23.26 -0.0214 0.0019
-23.25 0.0278 -0.0025
-23.28 -0.0684 0.0062
-23.26 -0.0121 0.0011
-23.28 -0.0563 0.0051
-23.28 -0.0479 0.0043
-23.28 -0.0407 0.0037
-23.28 -0.0346 0.0031
-23.26 0.0166 -0.0015
-23.26 0.0141 -0.0013
-23.26 0.0120 -0.0011
-23.26 0.0102 -0.0009
-23.28 -0.0373 0.0034
-23.29 -0.0777 0.0070
-23.31 -0.1121 0.0101
-23.33 -0.1413 0.0127
-23.31 -0.0741 0.0067
-23.31 -0.0630 0.0057
-23.31 -0.0535 0.0048
-23.29 0.0005 -0.0000
-23.28 0.0464 -0.0042
-23.28 0.0395 -0.0036
-23.26 0.0796 -0.0072
-23.28 0.0216 -0.0019
-23.28 0.0184 -0.0017
-23.29 -0.0304 0.0027
-23.31 -0.0718 0.0065
-23.34 -0.1531 0.0138
-23.34 -0.1301 0.0117
-23.33 -0.0646 0.0058
-23.33 -0.0549 0.0049
-23.29 0.0453 -0.0041
-23.29 0.0385 -0.0035
-23.26 0.1248 -0.0112
-23.28 0.0600 -0.0054
-23.28 0.0510 -0.0046
-23.29 -0.0026 0.0002
-23.31 -0.0482 0.0043
-23.34 -0.1330 0.0120
-23.33 -0.0670 0.0060
-23.33 -0.0570 0.0051
-23.31 -0.0024 0.0002
-23.29 0.0439 -0.0040
-23.28 0.0833 -0.0075
-23.25 0.1628 -0.0147
-23.23 0.1844 -0.0166
-23.23 0.1568 -0.0141
-23.23 0.1332 -0.0120
-23.25 0.0672 -0.0061
-23.25 0.0572 -0.0051
-23.26 0.0026 -0.0002
-23.28 -0.0438 0.0039
-23.28 -0.0372 0.0034
-23.29 -0.0776 0.0070
-23.28 -0.0200 0.0018
-23.26 0.0290 -0.0026
-23.25 0.0706 -0.0064
-23.22 0.1521 -0.0137
-23.22 0.1292 -0.0116
-23.22 0.1099 -0.0099
-23.23 0.0474 -0.0043
-23.23 0.0403 -0.0036
-23.23 0.0342 -0.0031
-23.25 -0.0169 0.0015
-23.25 -0.0144 0.0013
-23.25 -0.0122 0.0011
-23.23 0.0356 -0.0032
-23.22 0.0763 -0.0069
-23.19 0.1568 -0.0141
-23.17 0.1793 -0.0161
-23.16 0.1984 -0.0179
-23.14 0.2146 -0.0193
-23.16 0.1365 -0.0123
-23.16 0.1160 -0.0104
-23.16 0.0986 -0.0089
-23.16 0.0838 -0.0075
-23.16 0.0712 -0.0064
-23.16 0.0605 -0.0054
-23.16 0.0515 -0.0046
-23.16 0.0437 -0.0039
-23.16 0.0372 -0.0033
-23.16 0.0316 -0.0028
-23.16 0.0269 -0.0024
-23.16 0.0228 -0.0021
-23.16 0.0194 -0.0017
-23.16 0.0165 -0.0015
-23.16 0.0140 -0.0013
-23.16 0.0119 -0.0011
-23.16 0.0101 -0.0009
-23.16 0.0086 -0.0008
-23.14 0.0533 -0.0048
-23.16 -0.0007 0.0001
-23.16 -0.0006 0.0001
-23.16 -0.0005 0.0000
-23.16 -0.0004 0.0000
-23.14 0.0456 -0.0041
-23.14 0.0388 -0.0035
-23.13 0.0790 -0.0071
-23.11 0.1131 -0.0102
-23.11 0.0962 -0.0087
-23.11 0.0817 -0.0074
-23.11 0.0695 -0.0063
-23.11 0.0591 -0.0053
-23.11 0.0502 -0.0045
-23.11 0.0427 -0.0038
-23.11 0.0363 -0.0033
-23.13 -0.0152 0.0014
-23.13 -0.0129 0.0012
-23.13 -0.0110 0.0010
-23.11 0.0367 -0.0033
-23.11 0.0312 -0.0028
-23.08 0.1185 -0.0107
-23.06 0.1467 -0.0132
-23.08 0.0787 -0.0071
-23.08 0.0669 -0.0060
-23.08 0.0569 -0.0051
-23.08 0.0483 -0.0044
-23.08 0.0411 -0.0037
-23.08 0.0349 -0.0031
-23.08 0.0297 -0.0027
-23.08 0.0252 -0.0023
-23.08 0.0214 -0.0019
-23.08 0.0182 -0.0016
-23.08 0.0155 -0.0014
-23.08 0.0132 -0.0012
-23.08 0.0112 -0.0010
-23.08 0.0095 -0.0009
-23.08 0.0081 -0.0007
-23.08 0.0069 -0.0006
-23.08 0.0058 -0.0005
-23.08 0.0050 -0.0004
-23.08 0.0042 -0.0004
-23.08 0.0036 -0.0003
-23.08 0.0031 -0.0003
-23.08 0.0026 -0.0002
-23.08 0.0022 -0.0002
-23.08 0.0019 -0.0002
-23.08 0.0016 -0.0001
-23.08 0.0014 -0.0001
-23.08 0.0012 -0.0001
-23.08 0.0010 -0.0001
-23.08 0.0008 -0.0001
-23.08 0.0007 -0.0001
-23.06 0.0466 -0.0042
-23.06 0.0396 -0.0036
-23.06 0.0337 -0.0030
-23.08 -0.0174 0.0016
-23.06 0.0312 -0.0028
-23.08 -0.0195 0.0018
-23.06 0.0295 -0.0027
-23.06 0.0250 -0.0023
-23.05 0.0673 -0.0061
-23.03 0.1032 -0.0093
-23.05 0.0417 -0.0038
-23.05 0.0355 -0.0032
-23.03 0.0761 -0.0069
-23.05 0.0187 -0.0017
-23.05 0.0159 -0.0014
-23.05 0.0135 -0.0012
-23.05 0.0115 -0.0010
-23.05 0.0098 -0.0009
-23.05 0.0083 -0.0007
-23.05 0.0071 -0.0006
-23.03 0.0520 -0.0047
-23.05 -0.0018 0.0002
-23.05 -0.0015 0.0001
-23.05 -0.0013 0.0001
-23.03 0.0449 -0.0040
-23.02 0.0842 -0.0076
-23.00 0.1175 -0.0106
-23.00 0.0999 -0.0090
-23.00 0.0849 -0.0076
-23.00 0.0722 -0.0065
-23.02 0.0154 -0.0014
-23.02 0.0131 -0.0012
-23.02 0.0111 -0.0010
-23.03 -0.0366 0.0033
-23.03 -0.0311 0.0028
-23.05 -0.0724 0.0065
-23.03 -0.0156 0.0014
-23.03 -0.0132 0.0012
-23.02 0.0348 -0.0031
-23.00 0.0755 -0.0068
-22.99 0.1102 -0.0099
-22.99 0.0937 -0.0084
-23.00 0.0336 -0.0030
-23.00 0.0286 -0.0026
-23.02 -0.0217 0.0020
-23.03 -0.0645 0.0058
-23.06 -0.1468 0.0132
-23.06 -0.1248 0.0112
-23.06 -0.1061 0.0095
-23.06 -0.0901 0.0081
-23.05 -0.0306 0.0028
-23.05 -0.0260 0.0023
-23.05 -0.0221 0.0020
-23.03 0.0272 -0.0024
-23.03 0.0231 -0.0021
-23.03 0.0196 -0.0018
-23.05 -0.0293 0.0026
-23.06 -0.0709 0.0064
-23.10 -0.1523 0.0137
-23.13 -0.2214 0.0199
-23.13 -0.1882 0.0169
-23.14 -0.2060 0.0185
-23.14 -0.1751 0.0158
-23.14 -0.1488 0.0134
-23.13 -0.0805 0.0072
-23.14 -0.1144 0.0103
-23.14 -0.0973 0.0088
-23.14 -0.0827 0.0074
-23.14 -0.0703 0.0063
-23.14 -0.0597 0.0054
-23.14 -0.0508 0.0046
-23.14 -0.0432 0.0039
-23.14 -0.0367 0.0033
-23.14 -0.0312 0.0028
-23.14 -0.0265 0.0024
-23.14 -0.0225 0.0020
-23.16 -0.0651 0.0059
-23.16 -0.0554 0.0050
-23.16 -0.0471 0.0042
-23.17 -0.0860 0.0077
-23.19 -0.1191 0.0107
-23.19 -0.1012 0.0091
-23.20 -0.1321 0.0119
-23.22 -0.1582 0.0142
-23.23 -0.1805 0.0162
-23.25 -0.1994 0.0179
-23.26 -0.2155 0.0194
-23.28 -0.2292 0.0206
-23.31 -0.2868 0.0258
-23.33 -0.2898 0.0261
-23.34 -0.2923 0.0263
-23.37 -0.3405 0.0306
-23.39 -0.3354 0.0302
-23.42 -0.3771 0.0339
-23.45 -0.4125 0.0371
-23.46 -0.3966 0.0357
-23.49 -0.4291 0.0386
-23.52 -0.4568 0.0411
-23.54 -0.4343 0.0391
-23.57 -0.4611 0.0415
-23.60 -0.4840 0.0436
-23.63 -0.5034 0.0453
-23.66 -0.5199 0.0468
-23.69 -0.5339 0.0480
-23.74 -0.5918 0.0533
-23.77 -0.5950 0.0536
-23.80 -0.5978 0.0538
-23.83 -0.6001 0.0540
-23.86 -0.6021 0.0542
-23.89 -0.6038 0.0543
-23.92 -0.6052 0.0545
-23.95 -0.6064 0.0546
-23.98 -0.6075 0.0547
-24.00 -0.5623 0.0506
-24.03 -0.5700 0.0513
-24.06 -0.5765 0.0519
-24.08 -0.5360 0.0482
-24.11 -0.5476 0.0493
-24.12 -0.5115 0.0460
-24.14 -0.4808 0.0433
-24.15 -0.4546 0.0409
-24.17 -0.4324 0.0389
-24.18 -0.4136 0.0372
-24.18 -0.3515 0.0316
-24.20 -0.3448 0.0310
-24.20 -0.2931 0.0264
-24.20 -0.2491 0.0224
-24.21 -0.2578 0.0232
-24.20 -0.1731 0.0156
-24.20 -0.1471 0.0132
-24.21 -0.1711 0.0154
-24.20 -0.0994 0.0089
-24.21 -0.1305 0.0117
-24.21 -0.1109 0.0100
-24.21 -0.0943 0.0085
-24.21 -0.0801 0.0072
-24.21 -0.0681 0.0061
-24.21 -0.0579 0.0052
-24.21 -0.0492 0.0044
-24.21 -0.0418 0.0038
-24.21 -0.0356 0.0032
-24.21 -0.0302 0.0027
-24.23 -0.0717 0.0065
-24.25 -0.1069 0.0096
-24.25 -0.0909 0.0082
-24.26 -0.1233 0.0111
-24.28 -0.1508 0.0136
-24.29 -0.1742 0.0157
-24.31 -0.1940 0.0175
-24.32 -0.2109 0.0190
-24.35 -0.2713 0.0244
-24.37 -0.2766 0.0249
-24.40 -0.3271 0.0294
-24.41 -0.3240 0.0292
-24.44 -0.3674 0.0331
-24.46 -0.3583 0.0322
-24.48 -0.3506 0.0316
-24.49 -0.3440 0.0310
-24.52 -0.3844 0.0346
-24.54 -0.3727 0.0335
-24.55 -0.3628 0.0327
-24.57 -0.3544 0.0319
-24.58 -0.3472 0.0313
-24.60 -0.3411 0.0307
-24.63 -0.3820 0.0344
-24.64 -0.3707 0.0334
-24.66 -0.3611 0.0325
-24.69 -0.3989 0.0359
-24.71 -0.3851 0.0347
-24.74 -0.4193 0.0377
-24.77 -0.4484 0.0404
-24.80 -0.4732 0.0426
-24.83 -0.4942 0.0445
-24.87 -0.5580 0.0502
-24.92 -0.6123 0.0551
-24.98 -0.7045 0.0634
-25.04 -0.7828 0.0705
-25.10 -0.8494 0.0764
-25.20 -0.9980 0.0898
-25.30 -1.1703 0.1053
-25.41 -1.3167 0.1185
-25.55 -1.5332 0.1380
-25.69 -1.7172 0.1546
-25.84 -1.9196 0.1728
-26.01 -2.1377 0.1924
-26.21 -2.4150 0.2174
-26.39 -2.6048 0.2344
-26.58 -2.7661 0.2489
-26.81 -3.0411 0.2737
-27.02 -3.2290 0.2906
-27.24 -3.3886 0.3050
-27.47 -3.5703 0.3213
-27.73 -3.8168 0.3435
-27.96 -3.9342 0.3541
-28.17 -3.9881 0.3589
-28.40 -4.0799 0.3672
-28.60 -4.0659 0.3659
-28.80 -4.0540 0.3649
-28.98 -3.9979 0.3598
-29.18 -3.9962 0.3597
-29.37 -3.9488 0.3554
-29.55 -3.9085 0.3518
-29.73 -3.8742 0.3487
-29.92 -3.8451 0.3461
-30.09 -3.7743 0.3397
-30.26 -3.7141 0.3343
-30.41 -3.6170 0.3255
-30.55 -3.4885 0.3140
-30.67 -3.3332 0.3000
-30.78 -3.1552 0.2840
-30.87 -2.9579 0.2662
-30.95 -2.7442 0.2470
-31.02 -2.5626 0.2306
-31.07 -2.3162 0.2085
-31.11 -2.1068 0.1896
-31.15 -1.8828 0.1694
-31.18 -1.6923 0.1523
-31.19 -1.4845 0.1336
-31.19 -1.2618 0.1136
-31.21 -1.1186 0.1007
-31.21 -0.9508 0.0856
-31.21 -0.8082 0.0727
-31.21 -0.6869 0.0618
-31.21 -0.5839 0.0526
-31.21 -0.4963 0.0447
-31.21 -0.4219 0.0380
-31.21 -0.3586 0.0323
-31.21 -0.3048 0.0274
-31.21 -0.2591 0.0233
-31.21 -0.2202 0.0198
-31.21 -0.1872 0.0168
-31.21 -0.1591 0.0143
-31.21 -0.1352 0.0122
-31.22 -0.1609 0.0145
-31.24 -0.1828 0.0165
-31.25 -0.2014 0.0181
-31.27 -0.2172 0.0195
-31.30 -0.2766 0.0249
-31.33 -0.3271 0.0294
-31.36 -0.3700 0.0333
-31.39 -0.4065 0.0366
-31.44 -0.4836 0.0435
-31.48 -0.5490 0.0494
-31.51 -0.5587 0.0503
-31.56 -0.6129 0.0552
-31.62 -0.7049 0.0634
-31.67 -0.7372 0.0663
-31.73 -0.8106 0.0730
-31.77 -0.8270 0.0744
-31.84 -0.8870 0.0798
-31.91 -0.9839 0.0886
-31.97 -1.0203 0.0918
-32.05 -1.0973 0.0988
-32.13 -1.1627 0.1046
-32.20 -1.2183 0.1096
-32.30 -1.3115 0.1180
-32.37 -1.3448 0.1210
-32.46 -1.4191 0.1277
-32.56 -1.4822 0.1334
-32.65 -1.5359 0.1382
-32.72 -1.5355 0.1382
-32.82 -1.5812 0.1423
-32.91 -1.6200 0.1458
-33.02 -1.6990 0.1529
-33.09 -1.6742 0.1507
-33.18 -1.6990 0.1529
-33.28 -1.7202 0.1548
-33.35 -1.6921 0.1523
-33.43 -1.6683 0.1501
-33.51 -1.6481 0.1483
-33.57 -1.5849 0.1426
-33.63 -1.5311 0.1378
-33.69 -1.4855 0.1337
-33.74 -1.4006 0.1261
-33.78 -1.3285 0.1196
-33.83 -1.2673 0.1141
-33.86 -1.1692 0.1052
-33.89 -1.0858 0.0977
-33.92 -1.0149 0.0913
-33.94 -0.9087 0.0818
-33.97 -0.8644 0.0778
-33.98 -0.7807 0.0703
-34.00 -0.7096 0.0639
-34.01 -0.6492 0.0584
-34.03 -0.5978 0.0538
-34.04 -0.5541 0.0499
-34.07 -0.5630 0.0507
-34.07 -0.4786 0.0431
-34.10 -0.4988 0.0449
-34.12 -0.4700 0.0423
-34.14 -0.4455 0.0401
-34.17 -0.4706 0.0424
-34.18 -0.4460 0.0401
-34.21 -0.4711 0.0424
-34.24 -0.4925 0.0443
-34.27 -0.5106 0.0460
-34.30 -0.5260 0.0473
-34.35 -0.5851 0.0527
-34.40 -0.6353 0.0572
-34.44 -0.6780 0.0610
-34.50 -0.7603 0.0684
-34.56 -0.8303 0.0747
-34.64 -0.9357 0.0842
-34.70 -0.9794 0.0881
-34.78 -1.0625 0.0956
-34.87 -1.1791 0.1061
-34.96 -1.2782 0.1150
-35.06 -1.3625 0.1226
-35.16 -1.4801 0.1332
-35.29 -1.6261 0.1463
-35.39 -1.7042 0.1534
-35.52 -1.8165 0.1635
-35.64 -1.9121 0.1721
-35.75 -1.9473 0.1753
-35.87 -2.0232 0.1821
-35.98 -2.0417 0.1838
-36.08 -2.0574 0.1852
-36.16 -1.9788 0.1781
-36.01 -1.2220 0.1100
-36.10 -1.3147 0.1183
-36.17 -1.3475 0.1213
-36.27 -1.4214 0.1279
-36.34 -1.4382 0.1294
-36.42 -1.4524 0.1307
-36.50 -1.4646 0.1318
-36.56 -1.4289 0.1286
-36.62 -1.3985 0.1259
-36.70 -1.4188 0.1277
-36.74 -1.3440 0.1210
-36.80 -1.3264 0.1194
-36.88 -1.3574 0.1222
-36.94 -1.3378 0.1204
-37.00 -1.3211 0.1189
-37.09 -1.3989 0.1259
-37.17 -1.4191 0.1277
-37.25 -1.4363 0.1293
-37.34 -1.4968 0.1347
-37.43 -1.5483 0.1393
-37.51 -1.5460 0.1391
-37.62 -1.6361 0.1473
-37.69 -1.6207 0.1459
-37.78 -1.6536 0.1488
-37.88 -1.6816 0.1513
-37.95 -1.6593 0.1493
-38.03 -1.6404 0.1476
-38.12 -1.6704 0.1503
-38.20 -1.6498 0.1485
-38.26 -1.5863 0.1428
-38.34 -1.5784 0.1421
-38.41 -1.5716 0.1414
-38.47 -1.5199 0.1368
-38.54 -1.4759 0.1328
-38.60 -1.4385 0.1295
-38.64 -1.3607 0.1225
-38.70 -1.3406 0.1207
-38.75 -1.2775 0.1150
-38.80 -1.2239 0.1102
-38.83 -1.1323 0.1019
-38.86 -1.0545 0.0949
-38.89 -0.9883 0.0889
-38.92 -0.9321 0.0839
-38.93 -0.8383 0.0754
-38.97 -0.8045 0.0724
-38.98 -0.7298 0.0657
-39.00 -0.6663 0.0600
-39.01 -0.6124 0.0551
-39.03 -0.5665 0.0510
-39.04 -0.5275 0.0475
-39.06 -0.4944 0.0445
-39.07 -0.4663 0.0420
-39.09 -0.4423 0.0398
-39.10 -0.4220 0.0380
-39.12 -0.4047 0.0364
-39.13 -0.3900 0.0351
-39.15 -0.3775 0.0340
-39.16 -0.3669 0.0330
-39.18 -0.3578 0.0322
-39.20 -0.3501 0.0315
-39.21 -0.3436 0.0309
-39.23 -0.3381 0.0304
-39.24 -0.3334 0.0300
-39.26 -0.3294 0.0296
-39.29 -0.3720 0.0335
-39.32 -0.4082 0.0367
-39.36 -0.4849 0.0436
-39.41 -0.5502 0.0495
-39.46 -0.6057 0.0545
-39.52 -0.6988 0.0629
-39.59 -0.8240 0.0742
-39.67 -0.9304 0.0837
-39.78 -1.1128 0.1002
-39.89 -1.2679 0.1141
-40.02 -1.4917 0.1343
-40.18 -1.7280 0.1555
-40.36 -2.0208 0.1819
-40.61 -2.4537 0.2208
-40.96 -3.1436 0.2829
-41.45 -4.1440 0.3730
-42.17 -5.6844 0.5116
-42.97 -7.2238 0.6501
-43.57 -7.9342 0.7141
-44.45 -9.4120 0.8471
-45.67 -11.6342 1.0471
-46.33 -11.8671 1.0680
-46.89 -11.7890 1.0610
-47.46 -11.7226 1.0550
-47.90 -11.2982 1.0168
-48.29 -10.7535 0.9678
-48.55 -9.9225 0.8930
-48.76 -9.0781 0.8170
-48.92 -8.1764 0.7359
-49.05 -7.3639 0.6628
-49.18 -6.6273 0.5965
-49.27 -5.9092 0.5318
-49.36 -5.2989 0.4769
-49.47 -4.8260 0.4343
-49.55 -4.3321 0.3899
-49.62 -3.9123 0.3521
-49.70 -3.5555 0.3200
-49.76 -3.2061 0.2886
-49.82 -2.9092 0.2618
-49.87 -2.6108 0.2350
-49.93 -2.4032 0.2163
-49.97 -2.1807 0.1963
-50.02 -1.9916 0.1792
-50.05 -1.7849 0.1606
-50.10 -1.6551 0.1490
-50.28 -1.9589 0.1763
-50.33 -1.8030 0.1623
-50.36 -1.6246 0.1462
-50.40 -1.5189 0.1367
-50.45 -1.4291 0.1286
-50.48 -1.3067 0.1176
-50.53 -1.2487 0.1124
-50.59 -1.2454 0.1121
-50.63 -1.1966 0.1077
-50.70 -1.2011 0.1081
-50.76 -1.2049 0.1084
-50.83 -1.2542 0.1129
-50.91 -1.2961 0.1166
-51.00 -1.3776 0.1240
-51.08 -1.4010 0.1261
-51.19 -1.5129 0.1362
-51.29 -1.6079 0.1447
-51.40 -1.6887 0.1520
-51.51 -1.7574 0.1582
-51.63 -1.8618 0.1676
-51.74 -1.9046 0.1714
-51.83 -1.8948 0.1705
-51.95 -1.9786 0.1781
-52.04 -1.9578 0.1762
-52.15 -1.9861 0.1788
-52.26 -2.0102 0.1809
-52.37 -2.0307 0.1828
-52.46 -2.0021 0.1802
-52.55 -1.9778 0.1780
-52.66 -2.0031 0.1803
-52.75 -1.9787 0.1781
-52.83 -1.9118 0.1721
-52.93 -1.9471 0.1752
-53.01 -1.8850 0.1697
-53.10 -1.8783 0.1690
-53.19 -1.8725 0.1685
-53.30 -1.9136 0.1722
-53.42 -1.9946 0.1795
-53.55 -2.0634 0.1857
-53.69 -2.1679 0.1951
-53.82 -2.2567 0.2031
-53.98 -2.3782 0.2140
-54.16 -2.5735 0.2316
-54.31 -2.6474 0.2383
-54.48 -2.7563 0.2481
-54.67 -2.8949 0.2605
-54.84 -2.9666 0.2670
-55.00 -3.0276 0.2725
-55.17 -3.0795 0.2772
-55.36 -3.1696 0.2853
-55.51 -3.1541 0.2839
-55.69 -3.2330 0.2910
-55.85 -3.2081 0.2887
-56.00 -3.1868 0.2868
-56.15 -3.1688 0.2852
-56.31 -3.1535 0.2838
-56.43 -3.0485 0.2744
-56.55 -2.9592 0.2663
-56.68 -2.8833 0.2595
-56.80 -2.8188 0.2537
-56.91 -2.7180 0.2446
-57.03 -2.6783 0.2410
-57.14 -2.5985 0.2339
-57.26 -2.5768 0.2319
-57.40 -2.6042 0.2344
-57.55 -2.6736 0.2406
-57.70 -2.7326 0.2459
-57.87 -2.8287 0.2546
-58.07 -3.0024 0.2702
-58.29 -3.1960 0.2876
-58.52 -3.4066 0.3066
-58.76 -3.6316 0.3268
-59.01 -3.8229 0.3441
-59.24 -3.9394 0.3545
-59.48 -4.0845 0.3676
-59.73 -4.2078 0.3787
-59.94 -4.2207 0.3799
-60.14 -4.1856 0.3767
-60.36 -4.2017 0.3782
-60.54 -4.1235 0.3711
-60.74 -4.1029 0.3693
-60.91 -3.9935 0.3594
-61.08 -3.9005 0.3510
-61.26 -3.8674 0.3481
-61.41 -3.7473 0.3373
-61.58 -3.6912 0.3322
-61.72 -3.5515 0.3196
-61.87 -3.4788 0.3131
-62.00 -3.3250 0.2992
-62.12 -3.1942 0.2875
-62.23 -3.0371 0.2733
-62.32 -2.8575 0.2572
-62.43 -2.7509 0.2476
-62.52 -2.6143 0.2353
-62.59 -2.4521 0.2207
-62.67 -2.3143 0.2083
-62.76 -2.2431 0.2019
-62.84 -2.1367 0.1923
-62.93 -2.0922 0.1883
-63.04 -2.1003 0.1890
-63.13 -2.0613 0.1855
-63.24 -2.0741 0.1867
-63.36 -2.1310 0.1918
-63.48 -2.1793 0.1961
-63.61 -2.2204 0.1998
-63.73 -2.2554 0.2030
-63.87 -2.3311 0.2098
-63.97 -2.3034 0.2073
-64.10 -2.3259 0.2093
-64.22 -2.3450 0.2111
-64.31 -2.2692 0.2042
-64.40 -2.2049 0.1984
-64.16 -1.1382 0.1024
-64.25 -1.2434 0.1119
-64.36 -1.3789 0.1241
-64.45 -1.4481 0.1303
-64.54 -1.5068 0.1356
-64.63 -1.5568 0.1401
-64.74 -1.6453 0.1481
-64.85 -1.7205 0.1548
-64.96 -1.7844 0.1606
-65.08 -1.8848 0.1696
-65.22 -2.0160 0.1814
-65.37 -2.1736 0.1956
-65.55 -2.3996 0.2160
-65.74 -2.5916 0.2332
-65.95 -2.8469 0.2562
-66.20 -3.1558 0.2840
-66.47 -3.5105 0.3159
-66.76 -3.8579 0.3472
-67.10 -4.2912 0.3862
-67.49 -4.7975 0.4318
-67.87 -5.2279 0.4705
-68.31 -5.7777 0.5200
-68.94 -6.7971 0.6117
-69.88 -8.5835 0.7725
-71.00 -10.6539 0.9589
-72.04 -12.1838 1.0965
-73.63 -15.1402 1.3626
-74.57 -15.6752 1.4108
-75.35 -15.6699 1.4103
-76.03 -15.3434 1.3809
-76.52 -14.5139 1.3063
-76.87 -13.3948 1.2055
-77.13 -12.1676 1.0951
-77.31 -10.8944 0.9805
-77.48 -9.7663 0.8790
-77.62 -8.7153 0.7844
-77.76 -7.8220 0.7040
-77.87 -6.9707 0.6274
-77.97 -6.2471 0.5622
-78.08 -5.6320 0.5069
-78.19 -5.1092 0.4598
-78.26 -4.5728 0.4116
-78.36 -4.1629 0.3747
-78.46 -3.8605 0.3474
-78.56 -3.5574 0.3202
-78.65 -3.2998 0.2970
-78.76 -3.1268 0.2814
-78.86 -2.9798 0.2682
-78.99 -2.9008 0.2611
-79.11 -2.8337 0.2550
-79.25 -2.8226 0.2540
-79.37 -2.7672 0.2491
-79.52 -2.8122 0.2531
-79.64 -2.7583 0.2482
-79.77 -2.7126 0.2441
-79.89 -2.6737 0.2406
-80.00 -2.5946 0.2335
-80.10 -2.5274 0.2275
-80.18 -2.3783 0.2140
-80.24 -2.2056 0.1985
-80.29 -2.0127 0.1811
-80.32 -1.8028 0.1623
-80.32 -1.5324 0.1379
-80.32 -1.3026 0.1172
-80.32 -1.1072 0.0996
-80.30 -0.8951 0.0806
-80.30 -0.7608 0.0685
-80.32 -0.6927 0.0623
-80.32 -0.5888 0.0530
-80.30 -0.4545 0.0409
-80.32 -0.4323 0.0389
-80.32 -0.3675 0.0331
-80.32 -0.3123 0.0281
-80.32 -0.2655 0.0239
-80.32 -0.2257 0.0203
-80.32 -0.1918 0.0173
-80.32 -0.1630 0.0147
-80.32 -0.1386 0.0125
-80.32 -0.1178 0.0106
-80.30 -0.0541 0.0049
-80.30 -0.0460 0.0041
-80.30 -0.0391 0.0035
-80.32 -0.0792 0.0071
-80.30 -0.0214 0.0019
-80.32 -0.0642 0.0058
-80.32 -0.0545 0.0049
-80.30 -0.0003 0.0000
-80.32 -0.0463 0.0042
-80.30 0.0067 -0.0006
-80.32 -0.0404 0.0036
-80.30 0.0117 -0.0011
-80.32 -0.0361 0.0032
-80.30 0.0154 -0.0014
-80.33 -0.0790 0.0071
-80.32 -0.0211 0.0019
-80.33 -0.0639 0.0058
-80.32 -0.0083 0.0008
-80.32 -0.0071 0.0006
-80.33 -0.0520 0.0047
-80.32 0.0018 -0.0002
-80.33 -0.0445 0.0040
-80.32 0.0082 -0.0007
-80.33 -0.0391 0.0035
-80.32 0.0128 -0.0012
-80.35 -0.0811 0.0073
-80.33 -0.0230 0.0021
-80.35 -0.0655 0.0059
-80.33 -0.0097 0.0009
-80.35 -0.0542 0.0049
-80.35 -0.0461 0.0041
-80.33 0.0068 -0.0006
-80.35 -0.0402 0.0036
-80.35 -0.0342 0.0031
-80.37 -0.0750 0.0068
-80.35 -0.0178 0.0016
-80.35 -0.0151 0.0014
-80.37 -0.0589 0.0053
-80.35 -0.0040 0.0004
-80.37 -0.0494 0.0044
-80.35 0.0040 -0.0004
-80.35 0.0034 -0.0003
-80.35 0.0029 -0.0003
-80.35 0.0025 -0.0002
-80.37 -0.0439 0.0040
-80.37 -0.0373 0.0034
-80.37 -0.0317 0.0029
-80.37 -0.0270 0.0024
-80.37 -0.0229 0.0021
-80.37 -0.0195 0.0018
-80.37 -0.0166 0.0015
-80.37 -0.0141 0.0013
-80.37 -0.0120 0.0011
-80.35 0.0358 -0.0032
-80.35 0.0305 -0.0027
-80.35 0.0259 -0.0023
-80.35 0.0220 -0.0020
-80.35 0.0187 -0.0017
-80.35 0.0159 -0.0014
-80.35 0.0135 -0.0012
-80.35 0.0115 -0.0010
-80.35 0.0098 -0.0009
-80.35 0.0083 -0.0007
-80.35 0.0071 -0.0006
-80.35 0.0060 -0.0005
-80.33 0.0511 -0.0046
-80.33 0.0434 -0.0039
-80.33 0.0369 -0.0033
-80.33 0.0314 -0.0028
-80.33 0.0267 -0.0024
-80.32 0.0687 -0.0062
-80.32 0.0584 -0.0053
-80.32 0.0496 -0.0045
-80.30 0.0882 -0.0079
-80.29 0.1210 -0.0109
-80.27 0.1488 -0.0134
-80.26 0.1725 -0.0155
-80.24 0.1926 -0.0173
-80.23 0.2097 -0.0189
-80.23 0.1783 -0.0160
-80.20 0.2435 -0.0219
-80.20 0.2070 -0.0186
-80.18 0.2220 -0.0200
-80.15 0.2807 -0.0253
-80.14 0.2846 -0.0256
-80.12 0.2879 -0.0259
-80.10 0.2907 -0.0262
-80.07 0.3391 -0.0305
-80.06 0.3342 -0.0301
-80.04 0.3301 -0.0297
-80.01 0.3726 -0.0335
-80.00 0.3627 -0.0326
-79.98 0.3543 -0.0319
-79.95 0.3931 -0.0354
-79.92 0.4262 -0.0384
-79.91 0.4082 -0.0367
-79.87 0.4390 -0.0395
-79.86 0.4192 -0.0377
-79.83 0.4483 -0.0403
-79.80 0.4730 -0.0426
-79.77 0.4941 -0.0445
-79.75 0.4660 -0.0419
-79.74 0.4421 -0.0398
-79.71 0.4678 -0.0421
-79.68 0.4896 -0.0441
-79.64 0.5082 -0.0457
-79.63 0.4779 -0.0430
-79.60 0.4982 -0.0448
-79.57 0.5155 -0.0464
-79.54 0.5302 -0.0477
-79.51 0.5427 -0.0488
-79.48 0.5533 -0.0498
-79.43 0.6083 -0.0547
-79.40 0.6090 -0.0548
-79.35 0.6557 -0.0590
-79.31 0.6953 -0.0626
-79.26 0.7290 -0.0656
-79.22 0.7577 -0.0682
-79.17 0.7820 -0.0704
-79.11 0.8487 -0.0764
-79.06 0.8594 -0.0773
-79.00 0.9145 -0.0823
-78.94 0.9613 -0.0865
-78.88 1.0011 -0.0901
-78.82 1.0350 -0.0931
-78.74 1.1097 -0.0999
-78.66 1.1732 -0.1056
-78.57 1.2733 -0.1146
-78.48 1.3583 -0.1222
-78.36 1.5225 -0.1370
-78.23 1.6622 -0.1496
-77.87 2.5168 -0.2265
-77.70 2.6453 -0.2381
-77.48 2.8925 -0.2603
-77.27 3.1026 -0.2792
-76.99 3.4652 -0.3119
-76.64 4.0034 -0.3603
-76.21 4.6909 -0.4222
-75.67 5.5973 -0.5038
-75.00 6.7817 -0.6103
-74.26 7.9724 -0.7175
-73.50 9.0765 -0.8169
-72.30 11.3031 -1.0173
-71.23 12.8276 -1.1545
-70.55 12.9274 -1.1635
-69.72 13.4723 -1.2125
-68.99 13.6594 -1.2293
-68.51 13.0366 -1.1733
-68.13 12.2310 -1.1008
-67.81 11.3624 -1.0226
-67.53 10.4860 -0.9437
-67.26 9.7411 -0.8767
-67.01 9.0159 -0.8114
-66.78 8.3536 -0.7518
-66.53 7.8365 -0.7053
-66.34 7.2590 -0.6533
-66.15 6.7222 -0.6050
-65.95 6.3118 -0.5681
-65.78 5.8711 -0.5284
-65.63 5.4504 -0.4905
-65.49 5.0468 -0.4542
-65.34 4.7498 -0.4275
-65.22 4.4053 -0.3965
-65.09 4.1125 -0.3701
-64.97 3.8637 -0.3477
-64.86 3.6061 -0.3245
-64.76 3.3872 -0.3048
-64.65 3.2011 -0.2881
-64.54 3.0429 -0.2739
-64.43 2.9085 -0.2618
-64.33 2.7942 -0.2515
-64.20 2.7431 -0.2469
-64.08 2.6996 -0.2430
-63.96 2.6627 -0.2396
-62.66 6.1732 -0.5556
-62.81 4.7873 -0.4309
-62.69 4.4372 -0.3993
-62.56 4.1396 -0.3726
-62.44 3.8867 -0.3498
-62.32 3.6717 -0.3304
-62.20 3.4889 -0.3140
-62.07 3.3336 -0.3000
-61.97 3.1555 -0.2840
-61.84 3.0502 -0.2745
-61.74 2.9147 -0.2623
-61.63 2.7995 -0.2520
-61.52 2.7015 -0.2431
-61.40 2.6643 -0.2398
-61.28 2.6327 -0.2369
-61.15 2.6058 -0.2345
-60.98 2.7209 -0.2449
-60.82 2.8188 -0.2537
-60.63 2.9479 -0.2653
-60.43 3.1037 -0.2793
-60.19 3.3742 -0.3037
-59.97 3.5121 -0.3161
-59.74 3.6753 -0.3308
-59.50 3.8599 -0.3474
-59.25 4.0170 -0.3615
-59.04 4.0584 -0.3653
-58.82 4.0936 -0.3684
-58.61 4.1236 -0.3711
-58.39 4.1490 -0.3734
-58.19 4.1247 -0.3712
-58.01 4.0580 -0.3652
-57.81 4.0473 -0.3643
-57.63 3.9922 -0.3593
-57.46 3.8994 -0.3509
-57.30 3.7745 -0.3397
-57.15 3.6683 -0.3301
-57.01 3.5320 -0.3179
-56.87 3.4162 -0.3075
-56.75 3.2718 -0.2945
-56.63 3.1490 -0.2834
-56.51 3.0447 -0.2740
-56.41 2.8640 -0.2578
-56.29 2.8024 -0.2522
-56.18 2.7040 -0.2434
-56.08 2.6204 -0.2358
-55.94 2.6413 -0.2377
-55.80 2.6592 -0.2393
-55.65 2.7203 -0.2448
-55.48 2.8182 -0.2536
-55.31 2.9015 -0.2611
-55.10 3.1103 -0.2799
-54.88 3.2877 -0.2959
-54.67 3.4385 -0.3095
-54.45 3.5668 -0.3210
-54.21 3.7678 -0.3391
-53.98 3.8926 -0.3503
-53.78 3.9067 -0.3516
-53.58 3.9187 -0.3527
-53.36 3.9749 -0.3577
-53.19 3.8846 -0.3496
-53.03 3.8079 -0.3427
-52.87 3.6968 -0.3327
-52.70 3.6482 -0.3283
-52.55 3.5610 -0.3205
-52.41 3.4408 -0.3097
-52.27 3.3387 -0.3005
-52.15 3.2059 -0.2885
-52.03 3.0930 -0.2784
-51.91 2.9971 -0.2697
-51.80 2.8695 -0.2583
-51.69 2.7611 -0.2485
-51.58 2.6689 -0.2402
-51.48 2.5906 -0.2332
-51.37 2.5240 -0.2272
-51.23 2.5594 -0.2303
-51.11 2.5435 -0.2289
-50.97 2.5760 -0.2318
-50.83 2.6036 -0.2343
-50.68 2.6730 -0.2406
-50.53 2.7321 -0.2459
-50.39 2.7363 -0.2463
-50.25 2.7398 -0.2466
-50.10 2.7889 -0.2510
-49.94 2.8305 -0.2547
-49.81 2.8199 -0.2538
-49.65 2.8569 -0.2571
-49.51 2.8424 -0.2558
-49.38 2.8300 -0.2547
-49.22 2.8655 -0.2579
-49.07 2.8957 -0.2606
-48.92 2.9213 -0.2629
-49.84 -0.2768 0.0249
-49.65 0.3167 -0.0285
-49.42 0.9592 -0.0863
-49.13 1.6893 -0.1520
-48.79 2.4479 -0.2203
-48.38 3.3227 -0.2990
-47.87 4.3423 -0.3908
-47.11 5.9909 -0.5392
-46.42 7.1623 -0.6446
-45.80 7.9279 -0.7135
-44.93 9.3607 -0.8425
-43.89 11.0846 -0.9976
-43.23 11.3999 -1.0260
-42.84 10.8399 -0.9756
-42.54 10.1339 -0.9121
-42.26 9.4418 -0.8498
-42.09 8.5316 -0.7678
-41.97 7.6198 -0.6858
-41.91 6.6608 -0.5995
-41.86 5.7997 -0.5220
-41.85 4.9758 -0.4478
-41.82 4.3214 -0.3889
-41.80 3.7192 -0.3347
-41.77 3.2533 -0.2928
-41.74 2.8573 -0.2572
-41.69 2.5667 -0.2310
-41.65 2.3197 -0.2088
-41.57 2.2017 -0.1982
-41.48 2.1475 -0.1933
-41.39 2.1014 -0.1891
-41.28 2.1081 -0.1897
-41.14 2.2059 -0.1985
-40.99 2.3350 -0.2102
-40.84 2.4448 -0.2200
-40.67 2.5841 -0.2326
-40.48 2.7485 -0.2474
-40.30 2.8882 -0.2599
-40.12 3.0069 -0.2706
-39.93 3.1079 -0.2797
-39.72 3.2857 -0.2957
-39.49 3.4829 -0.3135
-39.27 3.6044 -0.3244
-39.03 3.7998 -0.3420
-38.80 3.9198 -0.3528
-38.55 4.0678 -0.3661
-38.32 4.1476 -0.3733
-38.12 4.1235 -0.3711
-37.89 4.1950 -0.3775
-37.71 4.1177 -0.3706
-37.54 4.0061 -0.3605
-37.37 3.9111 -0.3520
-37.20 3.8305 -0.3447
-37.06 3.6699 -0.3303
-36.93 3.5334 -0.3180
-36.79 3.4174 -0.3076
-36.65 3.3188 -0.2987
-36.53 3.1890 -0.2870
-36.40 3.0786 -0.2771
-36.28 2.9848 -0.2686
-36.14 2.9511 -0.2656
-36.01 2.9224 -0.2630
-35.88 2.8521 -0.2567
-35.75 2.8382 -0.2554
-35.88 1.9985 -0.1799
-35.75 2.1127 -0.1901
-35.61 2.2098 -0.1989
-35.45 2.3383 -0.2105
-35.32 2.4016 -0.2161
-35.18 2.4554 -0.2210
-35.04 2.5011 -0.2251
-34.89 2.5859 -0.2327
-34.76 2.5660 -0.2309
-34.64 2.5491 -0.2294
-34.50 2.5807 -0.2323
-34.37 2.6076 -0.2347
-34.23 2.6305 -0.2367
-34.06 2.7419 -0.2468
-33.89 2.8366 -0.2553
-33.68 3.0551 -0.2750
-33.45 3.2869 -0.2958
-33.22 3.4838 -0.3135
-32.97 3.6973 -0.3328
-32.71 3.9247 -0.3532
-32.45 4.1180 -0.3706
-32.20 4.2363 -0.3813
-31.94 4.3828 -0.3945
-31.70 4.4614 -0.4015
-31.47 4.4822 -0.4034
-31.25 4.4539 -0.4008
-31.01 4.5218 -0.4070
-30.81 4.4415 -0.3997
-30.64 4.2813 -0.3853
-30.46 4.1911 -0.3772
-30.29 4.0684 -0.3662
-30.16 3.8261 -0.3444
-30.03 3.6662 -0.3300
-29.90 3.4843 -0.3136
-29.80 3.2836 -0.2955
-29.69 3.1131 -0.2802
-29.60 2.9221 -0.2630
-29.49 2.8058 -0.2525
-29.38 2.7069 -0.2436
-29.26 2.6689 -0.2402
-29.15 2.5906 -0.2332
-29.01 2.6160 -0.2354
-28.86 2.6836 -0.2415
-28.69 2.7870 -0.2508
-28.52 2.8750 -0.2587
-28.32 3.0417 -0.2738
-28.09 3.2755 -0.2948
-27.88 3.4281 -0.3085
-27.65 3.6039 -0.3244
-27.40 3.7993 -0.3419
-27.16 3.9654 -0.3569
-26.93 4.0606 -0.3655
-26.71 4.0955 -0.3686
-26.51 4.0792 -0.3671
-26.32 4.0653 -0.3659
-26.13 4.0075 -0.3607
-25.98 3.8664 -0.3480
-25.81 3.7924 -0.3413
-25.66 3.6836 -0.3315
-25.50 3.5910 -0.3232
-25.36 3.4664 -0.3120
-25.24 3.3144 -0.2983
-25.12 3.1852 -0.2867
-25.00 3.0755 -0.2768
-24.89 2.9361 -0.2643
-24.80 2.7717 -0.2495
-24.67 2.7240 -0.2452
-24.58 2.5914 -0.2332
-24.46 2.5707 -0.2314
-24.35 2.5071 -0.2256
-24.21 2.5450 -0.2290
-24.08 2.5772 -0.2320
-23.94 2.6047 -0.2344
-23.80 2.6280 -0.2365
-23.65 2.6938 -0.2424
-23.51 2.7037 -0.2433
-23.37 2.7121 -0.2441
-23.22 2.7653 -0.2489
-23.06 2.8105 -0.2529
-22.93 2.8029 -0.2523
-22.77 2.8425 -0.2558
-22.62 2.8761 -0.2589
-22.47 2.9047 -0.2614
-22.31 2.9290 -0.2636
-22.16 2.9496 -0.2655
-21.96 3.1052 -0.2795
-21.87 2.9154 -0.2624
-21.65 3.1221 -0.2810
-21.41 3.3898 -0.3051
-21.13 3.7093 -0.3338
-20.80 4.1649 -0.3748
-20.41 4.6902 -0.4221
-19.94 5.4126 -0.4871
-19.31 6.4867 -0.5838
-18.60 7.6297 -0.6867
-18.05 8.1413 -0.7327
-17.44 8.7601 -0.7884
-16.52 10.2060 -0.9185
-15.66 11.2511 -1.0126
-15.18 10.9894 -0.9890
-14.92 10.1230 -0.9111
-14.69 9.2946 -0.8365
-14.57 8.2684 -0.7442
-14.49 7.2581 -0.6532
-14.46 6.2614 -0.5635
-14.45 5.3682 -0.4831
-14.45 4.5630 -0.4107
-14.46 3.8325 -0.3449
-14.45 3.3036 -0.2973
-14.43 2.8541 -0.2569
-14.42 2.4720 -0.2225
-14.40 2.1472 -0.1932
-14.36 1.9631 -0.1767
-14.31 1.8066 -0.1626
-14.23 1.7656 -0.1589
-14.14 1.7768 -0.1599
-14.03 1.8323 -0.1649
-13.90 1.9714 -0.1774
-13.74 2.1357 -0.1922
-13.53 2.4594 -0.2213
-13.31 2.7344 -0.2461
-13.08 3.0143 -0.2713
-12.85 3.2521 -0.2927
-12.61 3.5003 -0.3150
-12.38 3.6653 -0.3299
-12.16 3.7595 -0.3384
-11.96 3.7935 -0.3414
-11.75 3.8685 -0.3482
-11.53 3.9322 -0.3539
-11.32 3.9864 -0.3588
-11.10 4.0324 -0.3629
-10.89 4.0716 -0.3664
-10.68 4.1048 -0.3694
-10.49 4.0411 -0.3637
-10.32 3.9409 -0.3547
-10.14 3.9018 -0.3512
-9.97 3.8225 -0.3440
-9.82 3.7091 -0.3338
-9.68 3.5668 -0.3210
-9.56 3.3997 -0.3060
-9.42 3.3038 -0.2973
-9.30 3.1762 -0.2859
-9.19 3.0218 -0.2720
-9.07 2.9365 -0.2643
-8.96 2.8180 -0.2536
-8.85 2.7173 -0.2446
-8.76 2.5857 -0.2327
-8.67 2.4739 -0.2226
-8.57 2.3788 -0.2141
-8.48 2.2980 -0.2068
-8.39 2.2293 -0.2006
-8.30 2.1709 -0.1954
-8.19 2.1672 -0.1951
-8.08 2.1642 -0.1948
-7.98 2.1615 -0.1945
-7.88 2.1133 -0.1902
-7.78 2.1183 -0.1906
-7.85 1.5706 -0.1414
-7.75 1.6570 -0.1491
-7.64 1.7304 -0.1557
-7.53 1.7929 -0.1614
-7.42 1.8459 -0.1661
-7.32 1.8910 -0.1702
-7.23 1.8834 -0.1695
-7.12 1.9229 -0.1731
-7.03 1.9104 -0.1719
-6.93 1.8999 -0.1710
-6.86 1.8449 -0.1660
-6.78 1.7982 -0.1618
-6.70 1.7584 -0.1583
-6.64 1.6787 -0.1511
-6.57 1.6569 -0.1491
-6.50 1.5923 -0.1433
-6.44 1.5375 -0.1384
-6.37 1.5369 -0.1383
-6.29 1.5363 -0.1383
-6.21 1.5359 -0.1382
-6.11 1.6275 -0.1465
-5.98 1.7514 -0.1576
-5.85 1.9027 -0.1712
-5.68 2.1233 -0.1911
-5.49 2.3568 -0.2121
-5.29 2.6013 -0.2341
-5.06 2.9011 -0.2611
-4.82 3.2019 -0.2882
-4.56 3.5036 -0.3153
-4.31 3.7141 -0.3343
-4.04 3.9850 -0.3586
-3.74 4.2612 -0.3835
-3.45 4.4960 -0.4046
-3.15 4.7416 -0.4267
-2.84 4.9504 -0.4455
-2.56 5.0358 -0.4532
-2.29 5.1084 -0.4598
-2.04 5.0782 -0.4570
-1.80 5.0524 -0.4547
-1.57 4.9846 -0.4486
-1.35 4.8809 -0.4393
-1.14 4.7927 -0.4313
-0.94 4.6718 -0.4205
-0.75 4.5231 -0.4071
-0.57 4.3966 -0.3957
-0.36 4.3811 -0.3943
-0.16 4.3219 -0.3890
0.07 4.3636 -0.3927
0.29 4.3531 -0.3918
0.52 4.3901 -0.3951
0.73 4.3756 -0.3938
0.95 4.3633 -0.3927
1.16 4.3528 -0.3917
1.38 4.3438 -0.3909
1.58 4.2903 -0.3861
1.74 4.1527 -0.3737
1.90 3.9898 -0.3591
2.05 3.8513 -0.3466
2.20 3.7336 -0.3360
2.34 3.5876 -0.3229
2.47 3.4175 -0.3076
2.59 3.2728 -0.2946
2.71 3.1499 -0.2835
2.80 2.9534 -0.2658
2.89 2.7864 -0.2508
3.00 2.6904 -0.2421
3.08 2.5169 -0.2265
3.16 2.3693 -0.2132
3.23 2.2439 -0.2020
3.31 2.1373 -0.1924
3.37 2.0007 -0.1801
3.46 1.9766 -0.1779
3.54 1.9101 -0.1719
3.63 1.8996 -0.1710
3.72 1.8907 -0.1702
3.81 1.8831 -0.1695
3.92 1.9226 -0.1730
4.04 2.0022 -0.1802
4.17 2.0699 -0.1863
4.27 2.0814 -0.1873
4.40 2.1372 -0.1923
4.52 2.1846 -0.1966
4.63 2.1789 -0.1961
4.75 2.2201 -0.1998
4.87 2.2551 -0.2030
5.00 2.2848 -0.2056
5.12 2.3101 -0.2079
5.23 2.2856 -0.2057
5.35 2.3107 -0.2080
5.46 2.2861 -0.2058
5.56 2.2652 -0.2039
5.67 2.2474 -0.2023
5.79 2.2783 -0.2050
5.92 2.3046 -0.2074
6.04 2.3269 -0.2094
6.16 2.3458 -0.2111
6.16 1.9940 -0.1795
6.31 2.1549 -0.1939
6.51 2.4296 -0.2187
6.71 2.6632 -0.2397
6.94 2.9537 -0.2658
7.19 3.2466 -0.2922
7.46 3.5876 -0.3229
7.82 4.1075 -0.3697
8.23 4.7334 -0.4260
8.72 5.4954 -0.4946
9.23 6.1890 -0.5570
9.64 6.5027 -0.5852
9.98 6.5393 -0.5885
10.32 6.5704 -0.5913
10.73 6.8268 -0.6144
11.16 7.0908 -0.6382
11.48 6.9932 -0.6294
11.66 6.4962 -0.5847
11.74 5.7518 -0.5177
11.76 4.9350 -0.4441
11.71 4.0567 -0.3651
11.65 3.2642 -0.2938
11.62 2.6826 -0.2414
11.57 2.1422 -0.1928
11.57 1.8209 -0.1639
11.56 1.5017 -0.1352
11.56 1.2765 -0.1149
11.56 1.0850 -0.0977
11.56 0.9223 -0.0830
11.54 0.7379 -0.0664
11.51 0.5352 -0.0482
11.48 0.3629 -0.0327
11.43 0.1705 -0.0153
11.39 0.0069 -0.0006
11.33 -0.1781 0.0160
11.28 -0.2894 0.0260
11.34 -0.0620 0.0056
11.39 0.0853 -0.0077
11.54 0.5325 -0.0479
11.62 0.6826 -0.0614
11.71 0.8562 -0.0771
11.74 0.8198 -0.0738
11.73 0.6508 -0.0586
11.74 0.5992 -0.0539
11.71 0.4173 -0.0376
11.71 0.3547 -0.0319
11.71 0.3015 -0.0271
11.71 0.2563 -0.0231
11.71 0.2178 -0.0196
11.71 0.1852 -0.0167
11.73 0.2034 -0.0183
11.74 0.2189 -0.0197
11.76 0.2321 -0.0209
11.79 0.2892 -0.0260
11.82 0.3379 -0.0304
11.88 0.4712 -0.0424
11.96 0.6305 -0.0567
12.06 0.8579 -0.0772
12.17 1.0512 -0.0946
12.29 1.2615 -0.1135
12.42 1.4403 -0.1296
12.52 1.5463 -0.1392
12.65 1.6823 -0.1514
12.77 1.7980 -0.1618
12.88 1.8503 -0.1665
13.00 1.9407 -0.1747
13.14 2.0636 -0.1857
13.29 2.2141 -0.1993
13.47 2.4340 -0.2191
13.69 2.7129 -0.2442
13.93 3.0419 -0.2738
14.21 3.4136 -0.3072
14.47 3.6836 -0.3315
14.72 3.8671 -0.3480
14.96 4.0230 -0.3621
15.19 4.1095 -0.3699
15.38 4.0451 -0.3641
15.54 3.9443 -0.3550
15.68 3.7667 -0.3390
15.84 3.6617 -0.3296
15.96 3.4804 -0.3132
16.08 3.3264 -0.2994
16.22 3.2414 -0.2917
16.36 3.1692 -0.2852
16.49 3.1078 -0.2797
16.63 3.0556 -0.2750
16.77 3.0113 -0.2710
16.91 2.9736 -0.2676
17.06 2.9876 -0.2689
17.18 2.9074 -0.2617
17.31 2.8393 -0.2555
17.43 2.7814 -0.2503
17.54 2.6862 -0.2418
17.64 2.6053 -0.2345
17.72 2.4445 -0.2200
17.80 2.3078 -0.2077
17.86 2.1456 -0.1931
17.92 2.0078 -0.1807
17.98 1.8906 -0.1702
18.01 1.6990 -0.1529
18.04 1.5362 -0.1383
18.07 1.3977 -0.1258
18.10 1.2801 -0.1152
18.12 1.1341 -0.1021
18.12 0.9640 -0.0868
18.14 0.8654 -0.0779
18.14 0.7356 -0.0662
18.14 0.6252 -0.0563
18.14 0.5314 -0.0478
18.14 0.4517 -0.0407
18.14 0.3840 -0.0346
18.14 0.3264 -0.0294
18.14 0.2774 -0.0250
18.14 0.2358 -0.0212
18.14 0.2004 -0.0180
18.14 0.1704 -0.0153
18.14 0.1448 -0.0130
18.12 0.0771 -0.0069
18.12 0.0655 -0.0059
18.12 0.0557 -0.0050
18.10 0.0013 -0.0001
18.10 0.0011 -0.0001
18.09 -0.0450 0.0041
18.09 -0.0383 0.0034
18.09 -0.0325 0.0029
18.10 0.0184 -0.0017
18.10 0.0156 -0.0014
18.10 0.0133 -0.0012
18.10 0.0113 -0.0010
18.07 -0.0824 0.0074
18.06 -0.1161 0.0104
18.03 -0.1906 0.0172
18.01 -0.2081 0.0187
18.01 -0.1768 0.0159
18.01 -0.1503 0.0135
18.01 -0.1278 0.0115
18.03 -0.0626 0.0056
18.04 -0.0072 0.0006
18.04 -0.0061 0.0006
18.06 0.0408 -0.0037
18.07 0.0807 -0.0073
18.07 0.0686 -0.0062
18.06 0.0123 -0.0011
18.04 -0.0356 0.0032
18.01 -0.1222 0.0110
17.98 -0.1959 0.0176
17.95 -0.2585 0.0233
17.95 -0.2197 0.0198
17.95 -0.1868 0.0168
17.95 -0.1588 0.0143
17.95 -0.1349 0.0121
17.97 -0.0687 0.0062
17.97 -0.0584 0.0053
17.95 -0.0956 0.0086
17.95 -0.0813 0.0073
17.95 -0.0691 0.0062
17.95 -0.0587 0.0053
17.95 -0.0499 0.0045
17.95 -0.0424 0.0038
17.95 -0.0361 0.0032
17.95 -0.0307 0.0028
17.95 -0.0261 0.0023
17.95 -0.0222 0.0020
17.94 -0.0648 0.0058
17.94 -0.0551 0.0050
17.92 -0.0928 0.0084
17.92 -0.0789 0.0071
17.91 -0.1131 0.0102
17.89 -0.1421 0.0128
17.87 -0.1668 0.0150
17.86 -0.1878 0.0169
17.84 -0.2056 0.0185
17.81 -0.2668 0.0240
17.80 -0.2728 0.0245
17.77 -0.3238 0.0291
17.74 -0.3673 0.0331
17.71 -0.4042 0.0364
17.68 -0.4356 0.0392
17.64 -0.4622 0.0416
17.61 -0.4849 0.0436
17.58 -0.5041 0.0454
17.55 -0.5205 0.0468
17.52 -0.5344 0.0481
17.49 -0.5463 0.0492
17.46 -0.5563 0.0501
17.43 -0.5649 0.0508
17.40 -0.5722 0.0515
17.37 -0.5783 0.0520
17.32 -0.6296 0.0567
17.29 -0.6271 0.0564
17.25 -0.6711 0.0604
17.20 -0.7084 0.0638
17.15 -0.7402 0.0666
17.09 -0.8131 0.0732
17.05 -0.8292 0.0746
16.97 -0.9348 0.0841
16.91 -0.9786 0.0881
16.83 -1.0618 0.0956
16.74 -1.1785 0.1061
16.66 -1.2317 0.1109
16.56 -1.3690 0.1232
16.46 -1.4396 0.1296
16.34 -1.5917 0.1433
16.22 -1.7209 0.1549
16.07 -1.9228 0.1731
15.91 -2.0944 0.1885
15.73 -2.3322 0.2099
15.48 -2.7184 0.2447
15.15 -3.3226 0.2990
14.69 -4.2042 0.3784
14.04 -5.5056 0.4955
13.34 -6.7957 0.6116
12.77 -7.4784 0.6731
12.11 -8.3346 0.7501
11.11 -10.0744 0.9067
10.18 -11.3692 1.0232
9.67 -11.1818 1.0064
9.20 -10.9305 0.9837
8.75 -10.6250 0.9562
8.35 -10.2272 0.9204
8.03 -9.6591 0.8693
7.79 -8.9463 0.8052
7.57 -8.2483 0.7423
7.40 -7.5171 0.6765
7.25 -6.8495 0.6165
7.13 -6.1901 0.5571
7.00 -5.6296 0.5067
6.88 -5.1531 0.4638
6.77 -4.7022 0.4232
6.67 -4.3188 0.3887
6.57 -3.9470 0.3552
6.47 -3.6770 0.3309
6.38 -3.4014 0.3061
6.28 -3.1672 0.2850
6.19 -2.9681 0.2671
6.10 -2.7989 0.2519
6.19 -2.1031 0.1893
6.10 -2.0636 0.1857
6.02 -1.9841 0.1786
5.95 -1.9165 0.1725
5.85 -1.9050 0.1714
5.78 -1.8492 0.1664
5.69 -1.8478 0.1663
5.59 -1.8467 0.1662
5.49 -1.8917 0.1703
5.38 -1.9299 0.1737
5.26 -2.0084 0.1808
5.13 -2.0752 0.1868
5.00 -2.1779 0.1960
4.87 -2.2192 0.1997
4.75 -2.2543 0.2029
4.63 -2.2842 0.2056
4.50 -2.3095 0.2079
4.37 -2.3771 0.2139
4.24 -2.3885 0.2150
4.12 -2.3983 0.2158
3.98 -2.4525 0.2207
3.86 -2.4526 0.2207
3.74 -2.4527 0.2207
3.60 -2.4988 0.2249
3.48 -2.4920 0.2243
3.34 -2.5322 0.2279
3.19 -2.6124 0.2351
3.02 -2.7265 0.2454
2.82 -2.9155 0.2624
2.60 -3.1222 0.2810
2.36 -3.3899 0.3051
2.10 -3.6634 0.3297
1.82 -3.9419 0.3548
1.51 -4.2706 0.3844
1.19 -4.5960 0.4136
0.84 -4.9646 0.4468
0.47 -5.3239 0.4792
0.09 -5.6753 0.5108
-0.29 -5.9740 0.5377
-0.71 -6.3199 0.5688
-1.11 -6.5679 0.5911
-1.55 -6.9167 0.6225
-2.00 -7.2132 0.6492
-2.47 -7.5572 0.6801
-2.93 -7.8036 0.7023
-3.39 -8.0131 0.7212
-3.84 -8.1451 0.7331
-4.25 -8.1653 0.7349
-4.65 -8.1365 0.7323
-5.02 -8.0200 0.7218
-5.37 -7.8750 0.7088
-5.69 -7.6598 0.6894
-6.00 -7.4308 0.6688
-6.27 -7.1442 0.6430
-6.54 -6.8546 0.6169
-6.80 -6.6084 0.5948
-7.06 -6.3991 0.5759
-7.30 -6.1752 0.5558
-7.56 -6.0309 0.5428
-7.81 -5.8623 0.5276
-7.81 -4.9830 0.4485
-8.05 -4.9715 0.4474
-8.31 -5.0078 0.4507
-8.57 -5.0386 0.4535
-8.88 -5.2028 0.4683
-9.22 -5.4344 0.4891
-9.63 -5.8612 0.5275
-10.15 -6.5460 0.5891
-10.89 -7.7721 0.6995
-11.86 -9.5043 0.8554
-13.99 -14.4726 1.3025
-17.62 -23.2037 2.0883
-19.97 -26.7611 2.4085
-21.27 -26.6569 2.3991
-20.76 -21.1404 1.9026
-21.26 -19.4413 1.7497
-21.70 -17.8591 1.6073
-22.08 -16.3302 1.4697
-22.41 -14.8467 1.3362
-22.74 -13.6317 1.2269
-23.03 -12.4609 1.1215
-23.34 -11.5118 1.0361
-23.68 -10.7970 0.9717
-24.05 -10.2815 0.9253
-24.52 -10.1652 0.9149
-25.07 -10.2964 0.9267
-25.70 -10.6380 0.9574
-26.50 -11.4343 1.0291
-27.34 -12.2491 1.1024
-28.37 -13.4937 1.2144
-29.46 -14.7356 1.3262
-30.41 -15.3773 1.3840
-31.30 -15.7387 1.4165
-32.02 -15.5399 1.3986
-32.57 -14.8649 1.3378
-33.08 -14.1531 1.2738
-33.48 -13.2262 1.1904
-33.81 -12.2543 1.1029
-34.14 -11.3821 1.0244
-34.43 -10.5488 0.9494
-34.69 -9.7485 0.8774
-35.70 -11.3222 1.0190
-35.93 -10.3138 0.9282
-36.17 -9.5028 0.8552
-36.40 -8.7674 0.7891
-36.65 -8.1882 0.7369
-36.94 -7.8340 0.7051
-37.26 -7.6249 0.6862
-37.62 -7.5391 0.6785
-38.08 -7.7883 0.7009
-38.61 -8.2300 0.7407
-39.27 -8.9735 0.8076
-40.21 -10.4335 0.9390
-42.45 -15.5844 1.4026
-45.13 -21.2967 1.9167
-47.00 -23.7142 2.1343
-48.43 -24.4351 2.1992
-49.13 -22.8858 2.0597
-49.58 -20.7869 1.8708
-49.21 -16.5649 1.4908
-49.45 -14.8161 1.3335
-49.71 -13.3757 1.2038
-49.96 -12.1054 1.0895
-50.17 -10.9335 0.9840
-50.42 -10.0295 0.9027
-50.66 -9.2611 0.8335
-50.88 -8.5159 0.7664
-51.11 -7.9285 0.7136
-51.35 -7.4752 0.6728
-51.62 -7.1360 0.6422
-51.88 -6.8476 0.6163
-52.21 -6.8324 0.6149
-52.60 -6.9576 0.6262
-53.06 -7.2939 0.6565
-53.67 -8.0398 0.7236
-54.42 -9.0878 0.8179
-55.30 -10.3466 0.9312
-56.43 -12.1986 1.0979
-57.60 -13.8648 1.2478
-58.84 -15.5111 1.3960
-59.88 -16.3124 1.4681
-60.66 -16.2115 1.4590
-61.34 -15.8038 1.4223
-61.86 -14.9972 1.3497
-62.27 -13.9896 1.2591
-62.67 -13.0872 1.1778
-62.98 -12.0441 1.0840
-63.28 -11.1575 1.0042
-63.56 -10.3118 0.9281
-63.81 -9.5011 0.8551
-64.07 -8.8579 0.7972
-64.31 -8.2652 0.7439
-64.62 -7.9454 0.7151
-64.94 -7.7196 0.6948
-65.29 -7.6197 0.6858
-65.72 -7.7647 0.6988
-66.23 -8.1180 0.7306
-66.80 -8.6023 0.7742
-67.49 -9.3819 0.8444
-68.77 -11.8386 1.0655
-70.49 -15.2148 1.3693
-72.79 -19.8326 1.7849
-74.31 -21.4116 1.9270
-75.47 -21.6959 1.9526
-76.26 -20.7875 1.8709
-76.75 -19.1414 1.7227
-77.05 -17.1902 1.5471
-72.84 -1.9617 0.1766
-72.19 0.2645 -0.0238
-72.41 -0.4191 0.0377
-72.61 -0.9543 0.0859
-72.87 -1.5931 0.1434
-73.16 -2.2281 0.2005
-73.42 -2.6759 0.2408
-73.68 -3.0566 0.2751
-73.91 -3.2881 0.2959
-74.09 -3.3468 0.3012
-74.23 -3.2588 0.2933
-74.31 -3.0000 0.2700
-74.32 -2.5960 0.2336
-74.28 -2.0686 0.1862
-74.26 -1.7123 0.1541
-74.20 -1.2715 0.1144
-74.16 -0.9428 0.0848
-74.11 -0.6633 0.0597
-74.09 -0.5178 0.0466
-74.09 -0.4402 0.0396
-74.11 -0.4201 0.0378
-74.11 -0.3571 0.0321
-74.12 -0.3495 0.0315
-74.12 -0.2971 0.0267
-74.12 -0.2525 0.0227
-74.12 -0.2147 0.0193
-74.12 -0.1825 0.0164
-74.11 -0.1091 0.0098
-74.11 -0.0927 0.0083
-74.11 -0.0788 0.0071
-74.11 -0.0670 0.0060
-74.11 -0.0569 0.0051
-74.11 -0.0484 0.0044
-74.11 -0.0411 0.0037
-74.11 -0.0350 0.0031
-74.11 -0.0297 0.0027
-74.11 -0.0253 0.0023
-74.09 0.0245 -0.0022
-74.09 0.0208 -0.0019
-74.09 0.0177 -0.0016
-74.09 0.0150 -0.0014
-74.09 0.0128 -0.0012
-74.08 0.0569 -0.0051
-74.08 0.0483 -0.0044
-74.08 0.0411 -0.0037
-74.08 0.0349 -0.0031
-74.06 0.0757 -0.0068
-74.06 0.0643 -0.0058
-74.03 0.1467 -0.0132
-74.02 0.1707 -0.0154
-73.99 0.2371 -0.0213
-73.94 0.3395 -0.0306
-73.89 0.4266 -0.0384
-73.85 0.5006 -0.0451
-73.77 0.6555 -0.0590
-73.70 0.7872 -0.0708
-73.60 0.9451 -0.0851
-73.50 1.1253 -0.1013
-73.39 1.2786 -0.1151
-73.24 1.5467 -0.1392
-73.08 1.7747 -0.1597
-72.90 2.0605 -0.1854
-72.70 2.3495 -0.2115
-72.44 2.7790 -0.2501
-72.16 3.1902 -0.2871
-76.95 -11.6403 1.0476
-76.47 -8.4683 0.7621
-75.84 -5.3120 0.4781
-74.60 -0.7892 0.0710
-72.53 5.5391 -0.4985
-69.39 14.1382 -1.2724
-67.03 19.1014 -1.7191
-65.91 19.5942 -1.7635
-65.08 19.1390 -1.7225
-64.54 17.8782 -1.6090
-64.10 16.5305 -1.4877
-63.74 15.1089 -1.3598
-63.45 13.7166 -1.2345
-63.15 12.5791 -1.1321
-63.38 10.0022 -0.9002
-63.08 9.3759 -0.8438
-62.76 8.9355 -0.8042
-62.41 8.6531 -0.7788
-61.98 8.6432 -0.7779
-61.51 8.7727 -0.7895
-60.92 9.2048 -0.8284
-60.14 10.1701 -0.9153
-59.27 11.2665 -1.0140
-58.15 12.9345 -1.1641
-57.01 14.3983 -1.2959
-55.95 15.4126 -1.3871
-54.96 16.0907 -1.4482
-54.21 15.9311 -1.4338
-53.53 15.5654 -1.4009
-53.03 14.7486 -1.3274
-52.63 13.7323 -1.2359
-52.26 12.7764 -1.1499
-51.98 11.6880 -1.0519
-51.68 10.8548 -0.9769
-51.39 10.1006 -0.9091
-51.09 9.4595 -0.8514
-50.79 8.9605 -0.8064
-50.43 8.6745 -0.7807
-50.08 8.4313 -0.7588
-49.67 8.4086 -0.7568
-48.87 9.5393 -0.8585
-48.13 10.3164 -0.9285
-47.06 11.9889 -1.0790
-44.96 16.4925 -1.4843
-41.92 23.1266 -2.0814
-39.27 27.6156 -2.4854
-38.09 27.0152 -2.4314
-37.34 25.2169 -2.2695
-36.76 23.1824 -2.0864
-36.37 20.8550 -1.8770
-36.04 18.7388 -1.6865
-35.76 16.7560 -1.5080
-35.52 14.9786 -1.3481
-35.27 13.4678 -1.2121
-35.01 12.2296 -1.1007
-35.61 8.6012 -0.7741
-35.30 8.2310 -0.7408
-34.93 8.1003 -0.7290
-34.47 8.2653 -0.7439
-33.92 8.6815 -0.7813
-33.18 9.5873 -0.8629
-32.13 11.3231 -1.0191
-30.84 13.4887 -1.2140
-29.18 16.4333 -1.4790
-27.66 18.5223 -1.6670
-26.41 19.5160 -1.7564
-25.43 19.5325 -1.7579
-24.75 18.6267 -1.6764
-24.17 17.5806 -1.5823
-23.68 16.4155 -1.4774
-23.20 15.3792 -1.3841
-22.70 14.5903 -1.3131
-22.18 13.9658 -1.2569
-32.48 -19.0410 1.7137
-19.60 22.4550 -2.0210
-17.76 24.6067 -2.2146
-13.68 33.1517 -2.9836
-10.86 36.6429 -3.2979
-9.23 36.0224 -3.2420
-8.47 32.9190 -2.9627
-7.93 29.5912 -2.6632
-7.55 26.3025 -2.3672
-7.24 23.2771 -2.0949
-7.01 20.4755 -1.8428
-6.78 18.0942 -1.6285
-6.52 16.1621 -1.4546
-7.84 9.7818 -0.8804
-7.58 9.0965 -0.8187
-7.29 8.6060 -0.7745
-6.93 8.3731 -0.7536
-6.46 8.5431 -0.7689
-5.88 9.0097 -0.8109
-5.11 9.9582 -0.8962
-4.13 11.4085 -1.0268
-2.87 13.4692 -1.2122
-1.44 15.7268 -1.4154
0.01 17.7377 -1.5964
1.16 18.5271 -1.6674
2.05 18.4160 -1.6574
2.71 17.6316 -1.5868
3.28 16.6888 -1.5020
3.72 15.5195 -1.3968
4.14 14.4336 -1.2990
4.55 13.5105 -1.2159
4.95 12.6799 -1.1412
5.44 12.2500 -1.1025
5.98 12.0225 -1.0820
5.98 10.2191 -0.9197
6.87 11.3542 -1.0219
8.64 14.9871 -1.3488
11.68 21.8470 -1.9662
14.85 28.0919 -2.5283
16.26 28.1101 -2.5299
17.17 26.6075 -2.3947
17.77 24.4104 -2.1969
18.17 21.9448 -1.9750
18.47 19.5731 -1.7616
18.69 17.2811 -1.5553
18.89 15.2870 -1.3758
19.06 13.4999 -1.2150
19.24 12.0269 -1.0824
19.41 10.7289 -0.9656
19.59 9.6716 -0.8704
19.94 9.2788 -0.8351
20.05 8.2090 -0.7388
20.27 7.6216 -0.6859
20.48 7.1224 -0.6410
20.70 6.6980 -0.6028
20.94 6.4293 -0.5786
21.22 6.2929 -0.5664
21.46 6.0850 -0.5476
21.75 6.0462 -0.5442
22.06 6.0593 -0.5453
22.44 6.3004 -0.5670
22.81 6.4593 -0.5813
23.20 6.6404 -0.5976
23.56 6.7484 -0.6074
23.92 6.7941 -0.6115
24.25 6.7870 -0.6108
24.51 6.5509 -0.5896
24.71 6.1663 -0.5550
24.84 5.6093 -0.5048
24.87 4.8599 -0.4374
24.84 4.0389 -0.3635
24.74 3.1571 -0.2841
24.61 2.2695 -0.2043
24.44 1.4231 -0.1281
24.22 0.5657 -0.0509
23.96 -0.3012 0.0271
23.70 -1.0380 0.0934
23.44 -1.6643 0.1498
23.18 -2.1967 0.1977
22.92 -2.6492 0.2384
22.67 -2.9878 0.2689
22.43 -3.2756 0.2948
22.18 -3.5203 0.3168
21.94 -3.7282 0.3355
21.69 -3.9050 0.3514
21.45 -4.0552 0.3650
21.20 -4.1830 0.3765
20.91 -4.4295 0.3987
20.63 -4.5931 0.4134
20.36 -4.7321 0.4259
20.04 -4.9883 0.4489
20.04 -4.2400 0.3816
19.75 -4.4780 0.4030
19.44 -4.7263 0.4254
19.10 -5.0294 0.4526
18.66 -5.6090 0.5048
18.15 -6.2856 0.5657
17.46 -7.4128 0.6671
16.43 -9.3828 0.8445
14.36 -14.1854 1.2767
10.28 -24.2935 2.1864
7.42 -29.2514 2.6326
6.22 -28.4517 2.5607
5.70 -25.7479 2.3173
5.12 -23.6337 2.1270
4.63 -21.5607 1.9405
4.23 -19.5226 1.7570
3.83 -17.7902 1.6011
3.43 -16.3176 1.4686
3.00 -15.1580 1.3642
2.50 -14.4023 1.2962
1.84 -14.2199 1.2798
0.92 -14.8469 1.3362
-0.17 -15.8859 1.4297
-1.48 -17.4130 1.5672
-2.96 -19.2630 1.7337
-4.36 -20.5595 1.8504
-5.39 -20.5576 1.8502
-6.18 -19.8659 1.7879
-6.83 -18.8180 1.6936
-7.38 -17.6513 1.5886
-7.79 -16.2456 1.4621
-7.79 -13.8088 1.2428
-8.16 -12.8415 1.1557
-8.51 -11.9732 1.0776
-8.90 -11.3272 1.0195
-9.33 -10.9162 0.9825
-9.94 -11.1187 1.0007
-10.68 -11.6589 1.0493
-11.81 -13.3141 1.1983
-14.59 -19.6429 1.7679
-18.36 -28.0124 2.5211
-20.60 -30.5265 2.7474
-21.65 -29.1215 2.6209
-21.30 -23.6953 2.1326
-21.79 -21.6130 1.9452
-22.28 -19.8431 1.7859
-22.68 -18.0626 1.6256
-23.06 -16.5032 1.4853
-23.48 -15.2697 1.3743
-23.94 -14.3593 1.2923
-24.52 -13.9534 1.2558
-25.33 -14.2983 1.2869
-26.38 -15.2816 1.3753
-27.74 -17.0833 1.5375
-29.47 -19.7188 1.7747
-30.96 -21.2230 1.9101
-32.26 -21.9495 1.9755
-33.25 -21.6011 1.9441
-33.89 -20.2929 1.8264
-34.49 -19.0430 1.7139
-34.95 -17.5665 1.5810
-35.33 -16.0815 1.4473
-35.73 -14.8653 1.3379
-36.19 -14.0155 1.2614
-36.68 -13.3852 1.2047
-37.36 -13.4014 1.2061
-38.32 -14.2892 1.2860
-39.79 -16.5618 1.4906
-43.89 -26.3595 2.3724
-47.20 -32.3415 2.9107
-48.55 -31.5382 2.8384
-47.44 -23.4955 2.1146
-48.00 -21.6272 1.9464
-48.46 -19.7631 1.7787
-48.86 -17.9946 1.6195
-49.22 -16.3994 1.4759
-49.59 -15.0435 1.3539
-49.97 -13.9370 1.2543
-50.39 -13.0884 1.1780
-50.93 -12.7352 1.1462
-51.60 -12.8489 1.1564
-52.38 -13.2675 1.1941
-53.44 -14.4514 1.3006
-54.65 -15.9177 1.4326
-55.86 -17.1640 1.5448
-57.06 -18.1774 1.6360
-58.02 -18.3488 1.6514
-58.75 -17.7584 1.5983
-59.36 -16.9347 1.5241
-59.82 -15.7745 1.4197
-60.19 -14.5123 1.3061
-60.52 -13.3474 1.2013
-60.83 -12.2653 1.1039
-61.06 -11.1155 1.0004
-63.45 -16.6242 1.4962
-63.65 -14.7285 1.3256
-63.85 -13.1173 1.1806
-64.04 -11.7017 1.0531
-64.19 -10.4064 0.9366
-64.34 -9.3055 0.8375
-64.50 -8.3696 0.7533
-64.65 -7.5741 0.6817
-64.82 -6.9440 0.6250
-64.97 -6.3624 0.5726
-65.12 -5.8681 0.5281
-65.26 -5.4019 0.4862
-65.40 -5.0056 0.4505
-65.51 -4.5768 0.4119
-65.60 -4.1662 0.3750
-65.66 -3.7253 0.3353
-65.71 -3.3045 0.2974
-65.71 -2.8088 0.2528
-65.71 -2.3875 0.2149
-65.68 -1.9374 0.1744
-65.63 -1.5088 0.1358
-65.57 -1.0984 0.0989
-65.49 -0.7037 0.0633
-65.38 -0.2761 0.0249
-65.28 0.0873 -0.0079
-65.14 0.4882 -0.0439
-65.00 0.8290 -0.0746
-64.85 1.1646 -0.1048
-64.71 1.4039 -0.1264
-64.57 1.6073 -0.1447
-64.43 1.7802 -0.1602
-64.28 1.9732 -0.1776
-64.11 2.1832 -0.1965
-63.93 2.4077 -0.2167
-63.74 2.5986 -0.2339
-63.50 2.9448 -0.2650
-63.42 2.7330 -0.2460
-63.12 3.2431 -0.2919
-62.72 3.9527 -0.3557
-62.24 4.7857 -0.4307
-61.66 5.8159 -0.5234
-60.88 7.2895 -0.6561
-59.71 9.6920 -0.8723
-58.32 12.4242 -1.1182
-56.58 15.7586 -1.4183
-55.11 17.8107 -1.6030
-53.81 19.0491 -1.7144
-52.95 18.7677 -1.6891
-52.21 18.1606 -1.6345
-51.62 17.2305 -1.5507
-51.06 16.3019 -1.4672
-50.40 15.8346 -1.4251
-49.70 15.5754 -1.4018
-46.94 21.5191 -1.9367
-44.85 24.5472 -2.2092
-40.84 32.9170 -2.9625
-37.34 38.4674 -3.4621
-35.91 36.9753 -3.3278
-35.06 34.0050 -3.0604
-34.43 30.7902 -2.7711
-33.98 27.5057 -2.4755
-33.52 24.7598 -2.2284
-35.13 16.2159 -1.4594
-34.64 15.2555 -1.3730
-34.03 14.8072 -1.3326
-33.28 14.8401 -1.3356
-32.10 16.1560 -1.4540
-30.55 18.3786 -1.6541
-28.60 21.4638 -1.9317
-26.74 23.8102 -2.1429
-25.47 24.0567 -2.1651
-24.48 23.4382 -2.1094
-23.79 21.9924 -1.9793
-23.14 20.6255 -1.8563
-22.48 19.5097 -1.7559
-21.84 18.5152 -1.6664
-20.89 18.5899 -1.6731
-19.52 19.8954 -1.7906
-16.41 26.2491 -2.3624
-11.83 36.0657 -3.2459
-10.09 35.8538 -3.2268
-8.99 33.7877 -3.0409
-8.33 30.6975 -2.7628
-7.84 27.5649 -2.4808
-7.42 24.6722 -2.2205
-7.84 19.7293 -1.7756
-7.41 18.0579 -1.6252
-6.92 16.8212 -1.5139
-6.27 16.2300 -1.4607
-5.37 16.5095 -1.4859
-4.11 17.8051 -1.6025
-2.47 20.0563 -1.8051
-0.65 22.5218 -2.0270
0.98 24.0195 -2.1618
2.25 24.2346 -2.1811
3.17 23.3594 -2.1023
3.81 21.7875 -1.9609
4.43 20.3593 -1.8323
5.04 19.1454 -1.7231
5.73 18.3436 -1.6509
5.73 15.5921 -1.4033
7.23 17.7612 -1.5985
10.85 25.9530 -2.3358
15.07 34.7100 -3.1239
16.79 34.6555 -3.1190
17.78 32.4471 -2.9202
18.41 29.4661 -2.6519
18.92 26.5641 -2.3908
19.35 23.8675 -2.1481
19.85 21.8054 -1.9625
20.27 19.7766 -1.7799
20.79 18.3741 -1.6537
21.39 17.4120 -1.5671
22.11 16.9622 -1.5266
23.09 17.3618 -1.5626
24.21 18.1155 -1.6304
25.63 19.6762 -1.7709
27.03 20.9107 -1.8820
28.15 21.1321 -1.9019
29.11 20.8603 -1.8774
29.79 19.7552 -1.7780
30.33 18.4019 -1.6562
30.71 16.7916 -1.5112
31.05 15.2849 -1.3756
31.34 13.8661 -1.2480
31.58 12.5222 -1.1270
31.81 11.3339 -1.0201
32.00 10.1858 -0.9167
32.17 9.1639 -0.8248
32.29 8.1573 -0.7342
32.36 7.1638 -0.6447
32.44 6.3192 -0.5687
32.49 5.5093 -0.4958
32.50 4.7289 -0.4256
32.49 3.9736 -0.3576
32.47 3.3315 -0.2998
32.43 2.6938 -0.2424
32.38 2.1517 -0.1937
32.32 1.6450 -0.1480
32.23 1.1222 -0.1010
32.13 0.6779 -0.0610
32.04 0.3002 -0.0270
31.92 -0.1128 0.0102
31.78 -0.5099 0.0459
31.61 -0.9394 0.0845
31.44 -1.3045 0.1174
31.29 -1.5688 0.1412
31.12 -1.8395 0.1656
30.92 -2.1616 0.1945
30.72 -2.4353 0.2192
30.48 -2.8060 0.2525
30.16 -3.3511 0.3016
29.77 -3.9985 0.3599
29.33 -4.7327 0.4259
28.75 -5.7708 0.5194
27.95 -7.2971 0.6567
27.06 -8.8706 0.7983
26.02 -10.6680 0.9601
24.74 -12.8857 1.1597
23.61 -14.3569 1.2921
22.55 -15.3773 1.3840
21.68 -15.6927 1.4123
21.03 -15.2708 1.3744
20.44 -14.7742 1.3297
19.94 -14.0300 1.2627
17.95 -17.9055 1.6115
18.53 -13.4717 1.2125
18.14 -12.6469 1.1382
17.66 -12.1759 1.0958
17.08 -12.0975 1.0888
16.34 -12.4909 1.1242
15.11 -14.2972 1.2867
12.45 -20.1566 1.8141
7.82 -31.0250 2.7923
5.53 -33.2252 2.9903
5.88 -27.1835 2.4465
5.12 -25.4059 2.2865
4.52 -23.3890 2.1050
4.03 -21.3527 1.9217
3.54 -19.6218 1.7660
2.96 -18.4265 1.6584
2.25 -17.7785 1.6001
1.30 -17.9637 1.6167
-0.05 -19.3171 1.7385
-1.95 -22.1235 1.9911
-3.87 -24.5550 2.2099
-5.37 -25.3797 2.2842
-6.52 -25.0227 2.2520
-7.38 -23.8453 2.1461
-7.38 -20.2685 1.8242
-7.90 -18.7922 1.6913
-8.45 -17.6294 1.5866
-9.20 -17.2390 1.5515
-10.17 -17.5511 1.5796
-12.06 -20.5764 1.8519
-17.25 -33.0839 2.9775
-20.72 -38.5172 3.4666
-7.84 5.9002 -0.5310
-19.32 -29.4387 2.6495
-20.01 -27.0929 2.4384
-20.73 -25.1909 2.2672
-21.52 -23.7583 2.1382
-22.57 -23.3685 2.1032
-24.03 -24.2332 2.1810
-25.84 -26.0262 2.3424
-28.02 -28.6543 2.5789
-29.49 -28.7721 2.5895
-30.64 -27.9063 2.5116
-31.47 -26.2043 2.3584
-32.05 -24.0217 2.1620
-35.09 -29.5264 2.6574
-35.53 -26.4314 2.3788
-35.99 -23.8467 2.1462
-36.56 -21.9717 1.9775
-37.26 -20.7919 1.8713
-38.14 -20.2951 1.8266
-39.72 -21.9888 1.9790
-43.69 -30.6045 2.7544
-46.79 -35.3057 3.1775
-48.36 -34.7479 3.1273
-47.49 -26.9137 2.4222
-48.01 -24.4406 2.1997
-48.49 -22.2005 1.9980
-48.86 -19.9745 1.7977
-49.22 -18.0823 1.6274
-49.58 -16.4279 1.4785
-49.91 -14.9757 1.3478
-50.31 -13.9254 1.2533
-50.80 -13.3086 1.1978
-51.37 -13.0143 1.1713
-52.18 -13.5001 1.2150
-53.23 -14.6031 1.3143
-54.41 -15.9546 1.4359
-55.92 -18.1154 1.6304
-57.37 -19.7221 1.7750
-58.45 -20.0297 1.8027
-59.39 -19.8313 1.7848
-60.09 -18.9725 1.7075
-60.62 -17.6907 1.5922
-61.12 -16.5551 1.4900
-62.90 -19.4078 1.7467
-63.27 -17.6006 1.5841
-63.64 -16.0645 1.4458
-64.00 -14.7589 1.3283
-64.43 -13.8330 1.2450
-64.96 -13.3221 1.1990
-65.54 -13.0717 1.1765
-66.38 -13.6410 1.2277
-67.61 -15.2748 1.3747
-69.97 -20.0676 1.8061
-72.97 -26.0734 2.3466
-74.83 -27.7284 2.4956
-75.89 -26.7431 2.4069
-76.50 -24.5716 2.2114
-76.90 -22.0819 1.9874
-77.36 -20.1496 1.8135
-77.59 -17.8171 1.6035
-77.77 -15.6966 1.4127
-77.94 -13.8481 1.2463
-78.11 -12.2769 1.1049
-78.26 -10.8953 0.9806
-78.40 -9.6750 0.8708
-78.53 -8.5918 0.7733
-78.63 -7.6250 0.6863
-78.71 -6.7113 0.6040
-78.76 -5.8426 0.5258
-78.77 -5.0122 0.4511
-78.76 -4.2143 0.3793
-78.72 -3.4902 0.3141
-78.69 -2.8747 0.2587
-78.63 -2.2595 0.2034
-78.54 -1.6446 0.1480
-78.45 -1.1219 0.1010
-78.33 -0.5856 0.0527
-78.19 -0.0838 0.0075
-77.99 0.5268 -0.0474
-77.77 1.0918 -0.0983
-77.53 1.6640 -0.1498
-77.24 2.2884 -0.2060
-76.50 4.1531 -0.3738
-76.03 4.9562 -0.4461
-75.35 6.2367 -0.5613
-74.08 9.1192 -0.8207
-72.32 13.0413 -1.1737
-69.63 19.1351 -1.7222
-67.15 23.7168 -2.1345
-65.88 23.9772 -2.1580
-65.05 22.8646 -2.0578
-64.37 21.4589 -1.9313
-63.87 19.7581 -1.7782
-63.42 18.1284 -1.6316
-63.01 16.6511 -1.4986
-62.70 15.0735 -1.3566
-62.24 14.1924 -1.2773
-61.64 13.8575 -1.2472
-60.92 13.9409 -1.2547
-59.82 15.1618 -1.3646
-58.33 17.3495 -1.5615
-56.48 20.3130 -1.8282
-54.53 23.1080 -2.0797
-53.13 23.8278 -2.1445
-52.06 23.4736 -2.1126
-51.28 22.2986 -2.0069
-50.70 20.7018 -1.8632
-50.04 19.5745 -1.7617
-49.44 18.4323 -1.6589
-48.66 18.0135 -1.6212
-46.14 22.8554 -2.0570
-44.12 25.4991 -2.2949
-40.12 33.6802 -3.0312
-37.14 37.5521 -3.3797
-35.75 36.1053 -3.2495
-34.87 33.3115 -2.9980
-34.32 29.9707 -2.6974
-33.86 26.8551 -2.4170
-33.51 23.8848 -2.1496
-33.12 21.4521 -1.9307
-35.19 12.0243 -1.0822
-34.79 11.4167 -1.0275
-34.23 11.4062 -1.0266
-33.54 11.7652 -1.0589
-32.48 13.1744 -1.1857
-30.95 15.7982 -1.4218
-29.11 18.9485 -1.7054
-27.13 22.0402 -1.9836
-25.63 23.2421 -2.0918
-24.58 22.8838 -2.0595
-23.79 21.8432 -1.9659
-23.13 20.5447 -1.8490
-22.37 19.7170 -1.7745
-21.58 19.1515 -1.7236
-20.23 20.3267 -1.8294
-17.84 24.4537 -2.2008
-13.63 33.3896 -3.0051
-10.43 37.9951 -3.4196
-9.14 36.1598 -3.2544
-8.33 33.1738 -2.9856
-7.79 29.8077 -2.6827
-7.36 26.6246 -2.3962
-6.95 23.8729 -2.1486
-7.58 18.4060 -1.6565
-7.15 16.9331 -1.5240
-6.64 15.9111 -1.4320
-6.01 15.4104 -1.3869
-5.06 15.9508 -1.4356
-3.90 17.0542 -1.5349
-2.35 19.1420 -1.7228
-0.72 21.1467 -1.9032
0.86 22.7127 -2.0441
2.05 22.8938 -2.0604
2.89 21.9897 -1.9791
3.54 20.6232 -1.8561
4.08 19.1397 -1.7226
4.64 17.9708 -1.6174
5.26 17.1151 -1.5404
5.92 16.5259 -1.4873
5.92 14.0470 -1.2642
7.39 16.3559 -1.4720
10.58 23.4705 -2.1123
15.01 33.2438 -2.9919
16.59 32.9952 -2.9696
17.64 31.2199 -2.8098
18.30 28.5149 -2.5663
18.79 25.7097 -2.3139
19.19 23.0492 -2.0744
19.64 20.9258 -1.8833
20.04 18.9830 -1.7085
20.44 17.3315 -1.5598
20.96 16.2958 -1.4666
21.51 15.5074 -1.3957
22.32 15.6193 -1.4057
23.32 16.2664 -1.4640
24.51 17.4144 -1.5673
25.92 19.0342 -1.7131
27.15 19.8591 -1.7873
28.30 20.3302 -1.8297
29.14 19.8107 -1.7830
29.80 18.8171 -1.6935
30.29 17.4665 -1.5720
30.66 15.9505 -1.4355
30.97 14.4779 -1.3030
31.21 13.0422 -1.1738
31.48 11.8679 -1.0681
31.71 10.7777 -0.9700
31.95 9.8971 -0.8907
32.13 8.9645 -0.8068
32.32 8.1718 -0.7355
32.52 7.5440 -0.6790
32.67 6.8724 -0.6185
32.79 6.2096 -0.5589
32.89 5.5541 -0.4999
32.95 4.9050 -0.4415
32.96 4.2153 -0.3794
32.99 3.6750 -0.3307
32.98 3.0777 -0.2770
32.98 2.6161 -0.2354
32.98 2.2237 -0.2001
32.96 1.8441 -0.1660
32.96 1.5675 -0.1411
32.95 1.2864 -0.1158
32.95 1.0934 -0.0984
32.95 0.9294 -0.0836
32.93 0.7440 -0.0670
32.93 0.6324 -0.0569
32.92 0.4915 -0.0442
32.90 0.3718 -0.0335
32.90 0.3160 -0.0284
32.89 0.2226 -0.0200
32.87 0.1432 -0.0129
32.87 0.1218 -0.0110
32.89 0.1495 -0.0135
32.87 0.0811 -0.0073
32.87 0.0689 -0.0062
32.87 0.0586 -0.0053
32.87 0.0498 -0.0045
32.87 0.0423 -0.0038
32.87 0.0360 -0.0032
32.87 0.0306 -0.0028
32.87 0.0260 -0.0023
32.87 0.0221 -0.0020
32.87 0.0188 -0.0017
32.87 0.0160 -0.0014
32.86 -0.0324 0.0029
32.86 -0.0276 0.0025
32.86 -0.0234 0.0021
32.86 -0.0199 0.0018
32.86 -0.0169 0.0015
32.84 -0.0604 0.0054
32.84 -0.0513 0.0046
32.84 -0.0436 0.0039
32.84 -0.0371 0.0033
32.84 -0.0315 0.0028
32.82 -0.0728 0.0066
32.81 -0.1079 0.0097
32.79 -0.1377 0.0124
32.76 -0.2090 0.0188
32.73 -0.2697 0.0243
32.69 -0.3672 0.0331
32.64 -0.4501 0.0405
32.58 -0.5666 0.0510
32.53 -0.6196 0.0558
32.46 -0.7567 0.0681
32.38 -0.8732 0.0786
32.29 -1.0182 0.0916
32.20 -1.1415 0.1027
32.09 -1.2923 0.1163
31.97 -1.4664 0.1320
31.84 -1.6144 0.1453
31.69 -1.8323 0.1649
31.55 -1.9714 0.1774
31.38 -2.1817 0.1964
31.20 -2.4065 0.2166
31.02 -2.5975 0.2338
30.80 -2.8519 0.2567
30.56 -3.1601 0.2844
30.23 -3.6521 0.3287
29.88 -4.1622 0.3746
29.45 -4.8259 0.4343
28.93 -5.6660 0.5099
28.27 -6.7941 0.6115
27.53 -7.9830 0.7185
26.72 -9.2235 0.8301
25.79 -10.6460 0.9581
24.82 -11.9471 1.0752
23.85 -13.0530 1.1748
23.10 -13.3490 1.2014
22.43 -13.3707 1.2034
21.89 -12.9751 1.1678
21.45 -12.3628 1.1127
21.06 -11.6584 1.0493
20.76 -10.8296 0.9747
20.45 -10.1252 0.9113
20.17 -9.4344 0.8491
19.93 -8.7552 0.7880
19.71 -8.0859 0.7277
20.11 -5.6771 0.5109
19.90 -5.4695 0.4923
19.70 -5.2471 0.4722
19.52 -5.0120 0.4511
19.30 -4.9042 0.4414
19.06 -4.9046 0.4414
18.79 -4.9509 0.4456
18.52 -5.0362 0.4533
18.17 -5.3388 0.4805
17.74 -5.8260 0.5243
17.25 -6.4241 0.5782
16.62 -7.3465 0.6612
15.65 -9.1425 0.8228
13.57 -14.0271 1.2624
10.76 -20.3410 1.8307
8.67 -23.5458 2.1191
7.26 -24.2459 2.1821
6.51 -22.8630 2.0577
6.05 -20.8136 1.8732
5.92 -18.1055 1.6295
5.62 -16.2637 1.4637
5.35 -14.6521 1.3187
5.10 -13.1903 1.1871
4.87 -11.9018 1.0712
4.64 -10.8065 0.9726
4.40 -9.9215 0.8929
4.18 -9.0773 0.8170
3.98 -8.3137 0.7482
3.74 -7.8026 0.7022
3.49 -7.3682 0.6631
3.23 -7.0450 0.6340
2.93 -6.9082 0.6217
2.56 -6.9760 0.6278
2.13 -7.2176 0.6496
1.61 -7.6989 0.6929
0.98 -8.4301 0.7587
0.27 -9.2816 0.8353
-0.56 -10.3733 0.9336
-1.61 -11.9913 1.0792
-2.66 -13.3206 1.1989
-3.64 -14.2665 1.2840
-4.48 -14.6565 1.3191
-5.23 -14.7120 1.3241
-5.81 -14.2532 1.2828
-6.27 -13.4952 1.2146
-6.69 -12.7129 1.1442
-7.03 -11.8180 1.0636
-7.32 -10.9193 0.9827
-7.58 -10.0634 0.9057
-7.84 -9.3359 0.8402
-7.84 -7.9355 0.7142
-8.02 -7.2972 0.6567
-8.22 -6.8006 0.6121
-8.41 -6.3325 0.5699
-8.61 -5.9806 0.5383
-8.82 -5.7275 0.5155
-9.05 -5.5584 0.5003
-9.30 -5.4606 0.4915
-9.57 -5.4695 0.4923
-9.88 -5.5691 0.5012
-10.23 -5.7917 0.5213
-10.64 -6.1650 0.5548
-11.12 -6.6662 0.6000
-11.73 -7.5063 0.6756
-12.48 -8.6343 0.7771
-14.03 -11.9851 1.0787
-15.74 -15.2934 1.3764
-17.85 -19.3473 1.7413
-19.14 -20.3092 1.8278
-20.24 -20.5748 1.8517
-20.78 -19.0986 1.7189
-21.16 -17.3838 1.5645
-21.42 -15.5582 1.4002
-21.59 -13.7305 1.2357
-21.76 -12.1769 1.0959
-21.88 -10.7184 0.9647
-21.99 -9.4326 0.8489
-22.13 -8.4317 0.7589
-22.24 -7.4890 0.6740
-22.34 -6.6876 0.6019
-22.47 -6.0525 0.5447
-22.60 -5.5586 0.5003
-22.74 -5.1388 0.4625
-22.90 -4.8280 0.4345
-23.08 -4.6558 0.4190
-23.23 -4.4174 0.3976
-23.40 -4.2608 0.3835
-23.57 -4.1277 0.3715
-23.74 -4.0145 0.3613
-23.91 -3.9183 0.3527
-24.08 -3.8366 0.3453
-24.26 -3.8131 0.3432
-24.43 -3.7471 0.3372
-24.60 -3.6911 0.3322
-24.78 -3.6894 0.3320
-24.98 -3.7340 0.3361
-25.21 -3.8639 0.3478
-25.49 -4.1123 0.3701
-25.79 -4.4155 0.3974
-26.13 -4.7651 0.4289
-26.53 -5.2464 0.4722
-27.02 -5.9314 0.5338
-27.53 -6.5597 0.5904
-28.11 -7.3237 0.6591
-28.78 -8.2491 0.7424
-29.46 -9.0358 0.8132
-30.18 -9.8424 0.8858
-30.99 -10.8040 0.9724
-31.71 -11.3454 1.0211
-32.40 -11.7136 1.0542
-32.95 -11.6125 1.0451
-33.48 -11.4347 1.0291
-33.92 -11.0535 0.9948
-34.27 -10.4534 0.9408
-34.61 -9.8974 0.8908
-34.89 -9.2408 0.8317
-35.16 -8.6827 0.7814
-35.42 -8.1623 0.7346
-35.65 -7.6279 0.6865
-35.88 -7.1737 0.6456
-35.67 -5.4537 0.4908
-35.87 -5.2336 0.4710
-36.07 -5.0466 0.4542
-36.28 -4.9336 0.4440
-36.48 -4.7915 0.4312
-36.68 -4.6708 0.4204
-36.94 -4.7522 0.4277
-37.22 -4.8674 0.4381
-37.51 -5.0112 0.4510
-37.88 -5.3636 0.4827
-38.28 -5.7550 0.5180
-38.75 -6.3177 0.5686
-39.38 -7.2561 0.6530
-40.15 -8.4677 0.7621
-41.71 -11.8895 1.0701
-43.80 -16.3620 1.4726
-46.11 -20.8537 1.8768
-47.72 -22.5556 2.0300
-48.72 -22.1623 1.9946
-49.22 -20.3559 1.8320
-49.61 -18.4525 1.6607
-49.38 -14.9946 1.3495
-49.58 -13.3435 1.2009
-49.79 -11.9859 1.0787
-49.97 -10.7401 0.9666
-50.17 -9.7270 0.8754
-50.37 -8.8660 0.7979
-50.57 -8.1341 0.7321
-50.79 -7.5580 0.6802
-50.97 -6.9763 0.6279
-51.19 -6.5738 0.5916
-51.37 -6.1397 0.5526
-51.55 -5.7708 0.5194
-51.77 -5.5492 0.4994
-51.97 -5.3148 0.4783
-52.17 -5.1156 0.4604
-52.41 -5.0842 0.4576
-52.66 -5.0576 0.4552
-52.96 -5.2189 0.4697
-53.32 -5.4941 0.4945
-53.72 -5.8660 0.5279
-54.18 -6.3661 0.5729
-54.71 -7.0212 0.6319
-55.33 -7.8080 0.7027
-55.95 -8.5228 0.7670
-56.66 -9.3604 0.8424
-57.49 -10.4403 0.9396
-58.30 -11.3122 1.0181
-59.13 -12.0994 1.0889
-59.83 -12.4005 1.1160
-60.43 -12.3344 1.1101
-61.00 -12.1862 1.0968
-61.43 -11.6463 1.0482
-61.83 -11.0953 0.9986
-62.18 -10.4890 0.9440
-62.49 -9.8357 0.8852
-62.78 -9.2343 0.8311
-63.04 -8.6311 0.7768
-63.28 -8.0725 0.7265
-63.53 -7.5976 0.6838
-63.76 -7.1480 0.6433
-63.96 -6.6738 0.6006
-64.17 -6.3167 0.5685
-64.39 -6.0132 0.5412
-64.62 -5.8012 0.5221
-64.88 -5.7130 0.5142
-65.17 -5.7301 0.5157
-65.48 -5.7905 0.5211
-65.83 -5.9799 0.5382
-66.24 -6.3250 0.5692
-66.70 -6.7562 0.6081
-67.22 -7.3068 0.6576
-67.93 -8.3267 0.7494
-69.02 -10.3437 0.9309
-70.71 -13.8522 1.2467
-72.45 -17.0183 1.5316
-74.09 -19.3875 1.7449
-75.21 -19.8374 1.7854
-76.07 -19.4377 1.7494
-76.59 -18.0861 1.6277
-76.92 -16.3392 1.4705
-77.18 -14.6703 1.3203
-77.39 -13.1137 1.1802
-77.57 -11.6987 1.0529
-77.80 -10.6339 0.9570
-77.97 -9.5448 0.8590
-78.14 -8.6191 0.7757
-78.31 -7.8322 0.7049
-78.53 -7.3014 0.6571
-78.71 -6.7582 0.6082
-78.91 -6.3424 0.5708
-79.11 -5.9891 0.5390
-79.29 -5.6427 0.5078
-79.46 -5.3023 0.4772
-79.61 -4.9670 0.4470
-79.75 -4.6359 0.4172
-79.83 -4.1705 0.3753
-79.89 -3.7290 0.3356
-79.91 -3.2156 0.2894
-79.89 -2.6873 0.2419
-79.89 -2.2842 0.2056
-79.86 -1.8495 0.1665
-79.86 -1.5721 0.1415
-79.83 -1.2443 0.1120
-79.83 -1.0576 0.0952
-79.83 -0.8990 0.0809
-79.83 -0.7641 0.0688
-79.83 -0.6495 0.0585
-79.83 -0.5521 0.0497
-79.83 -0.4693 0.0422
-79.83 -0.3989 0.0359
-79.83 -0.3391 0.0305
-79.81 -0.2422 0.0218
-79.81 -0.2059 0.0185
-79.81 -0.1750 0.0157
-79.81 -0.1487 0.0134
-79.81 -0.1264 0.0114
-79.80 -0.0615 0.0055
-79.80 -0.0523 0.0047
-79.80 -0.0444 0.0040
-79.78 0.0082 -0.0007
-79.78 0.0070 -0.0006
-79.77 0.0520 -0.0047
-79.77 0.0442 -0.0040
-79.77 0.0375 -0.0034
-79.77 0.0319 -0.0029
-79.77 0.0271 -0.0024
-79.77 0.0231 -0.0021
-79.77 0.0196 -0.0018
-79.77 0.0167 -0.0015
-79.77 0.0142 -0.0013
-79.77 0.0120 -0.0011
-79.75 0.0562 -0.0051
-79.77 0.0018 -0.0002
-79.75 0.0475 -0.0043
-79.77 -0.0056 0.0005
-79.77 -0.0048 0.0004
-79.77 -0.0040 0.0004
-79.75 0.0426 -0.0038
-79.74 0.0822 -0.0074
-79.71 0.1618 -0.0146
-79.71 0.1376 -0.0124
-79.69 0.1629 -0.0147
-79.69 0.1385 -0.0125
-79.69 0.1177 -0.0106
-79.69 0.1001 -0.0090
-79.69 0.0851 -0.0077
-79.69 0.0723 -0.0065
-79.69 0.0615 -0.0055
-79.69 0.0522 -0.0047
-79.69 0.0444 -0.0040
-79.68 0.0837 -0.0075
-79.68 0.0712 -0.0064
-79.68 0.0605 -0.0054
-79.66 0.0974 -0.0088
-79.64 0.1288 -0.0116
-79.63 0.1555 -0.0140
-79.61 0.1781 -0.0160
-79.58 0.2434 -0.0219
-79.57 0.2529 -0.0228
-79.54 0.3070 -0.0276
-79.49 0.3989 -0.0359
-79.46 0.4311 -0.0388
-79.41 0.5044 -0.0454
-79.38 0.5208 -0.0469
-79.34 0.5807 -0.0523
-79.28 0.6775 -0.0610
-79.22 0.7599 -0.0684
-79.15 0.8299 -0.0747
-79.08 0.9355 -0.0842
-79.00 1.0251 -0.0923
-78.92 1.1014 -0.0991
-78.82 1.2581 -0.1132
-78.72 1.3454 -0.1211
-78.62 1.4656 -0.1319
-78.49 1.6138 -0.1452
-78.37 1.7397 -0.1566
-78.25 1.8468 -0.1662
-78.11 1.9837 -0.1785
-77.94 2.1922 -0.1973
-77.77 2.3693 -0.2132
-77.68 2.2899 -0.2061
-77.42 2.7285 -0.2456
-77.15 3.1472 -0.2832
-76.79 3.7331 -0.3360
-76.32 4.5991 -0.4139
-75.70 5.7492 -0.5174
-74.89 7.3248 -0.6592
-73.99 8.9401 -0.8046
-72.79 11.1871 -1.0068
-71.30 13.9710 -1.2574
-70.26 15.0033 -1.3503
-69.22 15.8808 -1.4293
-68.39 15.9827 -1.4384
-67.85 15.1953 -1.3676
-67.49 14.0200 -1.2618
-67.13 12.9750 -1.1677
-66.84 11.9027 -1.0712
-66.58 10.8993 -0.9809
-66.32 10.0464 -0.9042
-66.11 9.1834 -0.8265
-65.89 8.4499 -0.7605
-65.69 7.7804 -0.7002
-65.51 7.1653 -0.6449
-65.34 6.5966 -0.5937
-65.17 6.1131 -0.5502
-65.02 5.6561 -0.5090
-64.86 5.2677 -0.4741
-64.69 4.9836 -0.4485
-64.56 4.6500 -0.4185
-64.42 4.3665 -0.3930
-64.27 4.1715 -0.3754
-64.11 4.0058 -0.3605
-63.96 3.8649 -0.3478
-63.81 3.7452 -0.3371
-63.64 3.6894 -0.3320
-63.71 2.9060 -0.2615
-63.54 2.9761 -0.2678
-63.35 3.1277 -0.2815
-63.13 3.3025 -0.2972
-62.93 3.4051 -0.3065
-62.70 3.5844 -0.3226
-62.47 3.7367 -0.3363
-62.18 4.0502 -0.3645
-61.89 4.3167 -0.3885
-61.57 4.6352 -0.4172
-61.15 5.1819 -0.4664
-60.71 5.7386 -0.5165
-60.23 6.3038 -0.5673
-59.71 6.9222 -0.6230
-59.11 7.6779 -0.6910
-58.52 8.3202 -0.7488
-57.95 8.7742 -0.7897
-57.38 9.1600 -0.8244
-56.83 9.4420 -0.8498
-56.34 9.4977 -0.8548
-55.88 9.4530 -0.8508
-55.42 9.4151 -0.8474
-55.00 9.2448 -0.8320
-54.64 8.9621 -0.8066
-54.31 8.5838 -0.7725
-54.02 8.1702 -0.7353
-53.76 7.7267 -0.6954
-53.55 7.2117 -0.6490
-53.35 6.7279 -0.6055
-53.15 6.3167 -0.5685
-52.98 5.8752 -0.5288
-52.84 5.4079 -0.4867
-52.70 5.0107 -0.4510
-52.57 4.6731 -0.4206
-52.43 4.3862 -0.3948
-52.31 4.0962 -0.3687
-52.17 3.8958 -0.3506
-52.00 3.8174 -0.3436
-51.85 3.7048 -0.3334
-51.69 3.6091 -0.3248
-51.52 3.5737 -0.3216
-51.35 3.5437 -0.3189
-51.19 3.5181 -0.3166
-51.00 3.5424 -0.3188
-50.82 3.5630 -0.3207
-50.63 3.5806 -0.3223
-50.45 3.5955 -0.3236
-50.27 3.6081 -0.3247
-50.05 3.7109 -0.3340
-49.84 3.7983 -0.3418
-49.59 3.9646 -0.3568
-49.32 4.1979 -0.3778
-48.98 4.5802 -0.4122
-48.59 5.0431 -0.4539
-48.12 5.7127 -0.5141
-47.46 6.8338 -0.6150
-46.54 8.5687 -0.7712
-45.73 9.7214 -0.8749
-44.64 11.5291 -1.0376
-43.18 14.1697 -1.2753
-42.45 14.2523 -1.2827
-41.59 14.6904 -1.3221
-40.85 14.6949 -1.3225
-40.38 13.9166 -1.2525
-40.01 12.9331 -1.1640
-39.75 11.7751 -1.0598
-39.52 10.6989 -0.9629
-39.30 9.7380 -0.8764
-39.10 8.8753 -0.7988
-38.90 8.1420 -0.7328
-38.67 7.6107 -0.6850
-38.47 7.0671 -0.6360
-38.28 6.6050 -0.5945
-38.09 6.1663 -0.5550
-37.89 5.8393 -0.5255
-37.71 5.5154 -0.4964
-37.54 5.1941 -0.4675
-37.39 4.8750 -0.4387
-37.22 4.6497 -0.4185
-37.06 4.4123 -0.3971
-36.93 4.1644 -0.3748
-36.77 3.9998 -0.3600
-36.63 3.8138 -0.3432
-36.50 3.6557 -0.3290
-36.37 3.4754 -0.3128
-36.24 3.3681 -0.3031
-36.08 3.3229 -0.2991
-35.94 3.2384 -0.2915
-35.79 3.2127 -0.2891
-35.61 3.2828 -0.2954
-35.88 1.9624 -0.1766
-35.70 2.2200 -0.1998
-35.52 2.4390 -0.2195
-35.30 2.7171 -0.2445
-35.10 2.9076 -0.2617
-34.87 3.1614 -0.2845
-34.61 3.4692 -0.3122
-34.35 3.7308 -0.3358
-34.07 3.9992 -0.3599
-33.75 4.3653 -0.3929
-33.35 4.9065 -0.4416
-32.94 5.4125 -0.4871
-32.49 5.9347 -0.5341
-32.00 6.5164 -0.5865
-31.47 7.1490 -0.6434
-30.93 7.6866 -0.6918
-30.41 8.0976 -0.7288
-29.90 8.4010 -0.7561
-29.41 8.6128 -0.7752
-29.00 8.5629 -0.7707
-28.62 8.4284 -0.7586
-28.25 8.2682 -0.7441
-27.89 8.0859 -0.7277
-27.57 7.8391 -0.7055
-27.28 7.5372 -0.6783
-26.99 7.2806 -0.6553
-26.73 6.9705 -0.6273
-26.51 6.5689 -0.5912
-26.32 6.1816 -0.5563
-26.13 5.8063 -0.5226
-25.96 5.4414 -0.4897
-25.82 5.0392 -0.4535
-25.70 4.6513 -0.4186
-25.56 4.3676 -0.3931
-25.44 4.0805 -0.3672
-25.33 3.7904 -0.3411
-25.24 3.4978 -0.3148
-25.13 3.2952 -0.2966
-25.06 3.0309 -0.2728
-24.97 2.8522 -0.2567
-24.89 2.6544 -0.2389
-24.81 2.4863 -0.2238
-24.74 2.3433 -0.2109
-24.66 2.2218 -0.2000
-24.57 2.1645 -0.1948
-24.48 2.1159 -0.1904
-24.37 2.1205 -0.1908
-24.26 2.1244 -0.1912
-24.15 2.1277 -0.1915
-24.02 2.2226 -0.2000
-23.89 2.2572 -0.2031
-23.75 2.3326 -0.2099
-23.62 2.3967 -0.2157
-23.48 2.4512 -0.2206
-23.34 2.4975 -0.2248
-23.20 2.5369 -0.2283
-23.06 2.5704 -0.2313
-22.91 2.6448 -0.2380
-22.76 2.7081 -0.2437
-22.62 2.7159 -0.2444
-22.48 2.7225 -0.2450
-22.33 2.7741 -0.2497
-22.19 2.7720 -0.2495
-22.02 2.8622 -0.2576
-21.85 2.9389 -0.2645
-21.79 2.6820 -0.2414
-21.58 2.9237 -0.2631
-21.35 3.1752 -0.2858
-21.09 3.4809 -0.3133
-20.76 3.9247 -0.3532
-20.41 4.3940 -0.3955
-19.97 5.0689 -0.4562
-19.42 5.9646 -0.5368
-18.74 7.0939 -0.6384
-18.19 7.6858 -0.6917
-17.65 8.1429 -0.7329
-16.87 9.2675 -0.8341
-15.92 10.7293 -0.9656
-15.37 10.7759 -0.9698
-15.01 10.2175 -0.9196
-14.77 9.4209 -0.8479
-14.59 8.5598 -0.7704
-14.45 7.6898 -0.6921
-14.37 6.7663 -0.6090
-14.34 5.8434 -0.5259
-14.31 5.0589 -0.4553
-14.29 4.3460 -0.3911
-14.29 3.6941 -0.3325
-14.26 3.2320 -0.2909
-14.23 2.8392 -0.2555
-14.17 2.5973 -0.2338
-14.09 2.4377 -0.2194
-13.99 2.3941 -0.2155
-13.86 2.4030 -0.2163
-13.73 2.4565 -0.2211
-13.56 2.5940 -0.2335
-13.39 2.7109 -0.2440
-13.19 2.9023 -0.2612
-13.01 3.0189 -0.2717
-12.82 3.1181 -0.2806
-12.64 3.2024 -0.2882
-12.44 3.3200 -0.2988
-12.27 3.3280 -0.2995
-12.10 3.3348 -0.3001
-11.93 3.3406 -0.3007
-11.75 3.3915 -0.3052
-11.55 3.4808 -0.3133
-11.37 3.5107 -0.3160
-11.15 3.6280 -0.3265
-10.94 3.7278 -0.3355
-10.72 3.8127 -0.3431
-10.52 3.8388 -0.3455
-10.32 3.8609 -0.3475
-10.12 3.8798 -0.3492
-9.92 3.8958 -0.3506
-9.76 3.8174 -0.3436
-9.57 3.7968 -0.3417
-9.42 3.6873 -0.3319
-9.26 3.5942 -0.3235
-9.11 3.5151 -0.3164
-8.97 3.4018 -0.3062
-8.84 3.3055 -0.2975
-8.71 3.1777 -0.2860
-8.57 3.1151 -0.2804
-8.45 3.0158 -0.2714
-8.33 2.9314 -0.2638
-8.19 2.9057 -0.2615
-8.07 2.8378 -0.2554
-7.95 2.7802 -0.2502
-7.81 2.7771 -0.2499
-7.85 2.2226 -0.2000
-7.72 2.3032 -0.2073
-7.59 2.3257 -0.2093
-7.46 2.3908 -0.2152
-7.33 2.4002 -0.2160
-7.21 2.4082 -0.2167
-7.07 2.4610 -0.2215
-6.95 2.4598 -0.2214
-6.83 2.4588 -0.2213
-6.70 2.4580 -0.2212
-6.60 2.4113 -0.2170
-6.47 2.4176 -0.2176
-6.37 2.3770 -0.2139
-6.24 2.3884 -0.2150
-6.14 2.3522 -0.2117
-6.01 2.3673 -0.2131
-5.86 2.4722 -0.2225
-5.71 2.5614 -0.2305
-5.55 2.6372 -0.2373
-5.39 2.7476 -0.2473
-5.23 2.7955 -0.2516
-5.06 2.8821 -0.2594
-4.93 2.8638 -0.2577
-4.79 2.8482 -0.2563
-4.70 2.6970 -0.2427
-4.60 2.5685 -0.2312
-4.53 2.4132 -0.2172
-4.48 2.1892 -0.1970
-4.45 1.9528 -0.1758
-4.45 1.6599 -0.1494
-4.45 1.4109 -0.1270
-4.47 1.1533 -0.1038
-4.48 0.9343 -0.0841
-4.50 0.7481 -0.0673
-4.51 0.5899 -0.0531
-4.53 0.4554 -0.0410
-4.54 0.3411 -0.0307
-4.56 0.2440 -0.0220
-4.57 0.1614 -0.0145
-4.57 0.1372 -0.0123
-4.57 0.1166 -0.0105
-4.57 0.0991 -0.0089
-4.57 0.0842 -0.0076
-4.57 0.0716 -0.0064
-4.57 0.0609 -0.0055
-4.56 0.0977 -0.0088
-4.56 0.0831 -0.0075
-4.53 0.1626 -0.0146
-4.51 0.1842 -0.0166
-4.48 0.2486 -0.0224
-4.43 0.3493 -0.0314
-4.37 0.4809 -0.0433
-4.30 0.6388 -0.0575
-4.22 0.7729 -0.0696
-4.11 0.9790 -0.0881
-4.01 1.1542 -0.1039
-3.88 1.3490 -0.1214
-3.74 1.5607 -0.1405
-3.61 1.7406 -0.1567
-3.44 1.9855 -0.1787
-3.25 2.2397 -0.2016
-3.07 2.4557 -0.2210
-2.87 2.6853 -0.2417
-2.66 2.9265 -0.2634
-2.46 3.0856 -0.2777
-2.26 3.2207 -0.2899
-2.07 3.2896 -0.2961
-1.89 3.3482 -0.3013
-1.71 3.3979 -0.3058
-1.52 3.4402 -0.3096
-1.35 3.4302 -0.3087
-1.17 3.4677 -0.3121
-0.98 3.4995 -0.3150
-0.82 3.4806 -0.3133
-0.60 3.6025 -0.3242
-0.39 3.7061 -0.3336
-0.16 3.8402 -0.3456
0.10 4.0462 -0.3642
0.35 4.1752 -0.3758
0.59 4.2849 -0.3856
0.86 4.4242 -0.3982
1.10 4.4966 -0.4047
1.35 4.5581 -0.4102
1.56 4.5184 -0.4067
1.76 4.4386 -0.3995
1.93 4.2788 -0.3851
2.08 4.0970 -0.3687
2.22 3.8964 -0.3507
2.36 3.7260 -0.3353
2.47 3.4891 -0.3140
2.57 3.2877 -0.2959
2.65 3.0246 -0.2722
2.73 2.8009 -0.2521
2.77 2.5187 -0.2267
2.82 2.2789 -0.2051
2.85 2.0291 -0.1826
2.88 1.8167 -0.1635
2.89 1.5902 -0.1431
2.89 1.3517 -0.1217
2.89 1.1489 -0.1034
2.89 0.9766 -0.0879
2.89 0.8301 -0.0747
2.89 0.7056 -0.0635
2.89 0.5997 -0.0540
2.91 0.5558 -0.0500
2.91 0.4724 -0.0425
2.91 0.4016 -0.0361
2.93 0.3873 -0.0349
2.93 0.3292 -0.0296
2.96 0.3718 -0.0335
2.97 0.3621 -0.0326
2.99 0.3538 -0.0318
3.02 0.3927 -0.0353
3.05 0.4258 -0.0383
3.06 0.4079 -0.0367
3.11 0.4847 -0.0436
3.14 0.5040 -0.0454
3.19 0.5664 -0.0510
3.23 0.6195 -0.0558
3.28 0.6645 -0.0598
3.34 0.7489 -0.0674
3.40 0.8205 -0.0738
3.48 0.9274 -0.0835
3.58 1.1103 -0.0999
3.69 1.2658 -0.1139
3.81 1.4439 -0.1300
3.94 1.5953 -0.1436
4.08 1.7700 -0.1593
4.26 2.0565 -0.1851
4.43 2.2540 -0.2029
4.61 2.4679 -0.2221
4.81 2.6957 -0.2426
5.01 2.8894 -0.2600
5.23 3.1000 -0.2790
5.47 3.3710 -0.3034
5.73 3.6473 -0.3283
6.01 3.9282 -0.3535
6.01 3.3390 -0.3005
6.34 3.8501 -0.3465
6.79 4.6066 -0.4146
7.39 5.7096 -0.5139
8.34 7.7052 -0.6935
9.58 10.2754 -0.9248
11.19 13.5640 -1.2208
12.95 16.8194 -1.5137
14.59 19.2185 -1.7297
15.65 19.5097 -1.7559
16.22 18.2852 -1.6457
16.68 16.9224 -1.5230
17.02 15.3961 -1.3856
17.29 13.9147 -1.2523
17.52 12.5175 -1.1266
17.72 11.2378 -1.0114
17.89 10.0581 -0.9052
18.03 8.9634 -0.8067
18.15 7.9869 -0.7188
18.29 7.2029 -0.6483
18.43 6.5364 -0.5883
18.55 5.9240 -0.5332
18.66 5.3574 -0.4822
18.78 4.9218 -0.4430
18.89 4.5055 -0.4055
18.99 4.1517 -0.3737
19.10 3.8509 -0.3466
19.21 3.5953 -0.3236
19.33 3.4240 -0.3082
19.44 3.2324 -0.2909
19.56 3.1155 -0.2804
19.67 2.9702 -0.2673
19.81 2.9387 -0.2645
19.94 2.9119 -0.2621
17.40 -5.1609 0.4645
14.81 -12.1607 1.0945
14.96 -9.8766 0.8889
15.13 -7.8891 0.7100
15.36 -6.0158 0.5414
15.64 -4.2854 0.3857
15.96 -2.6766 0.2409
16.33 -1.1711 0.1054
16.76 0.2925 -0.0263
17.31 1.9047 -0.1714
17.98 3.6430 -0.3279
18.67 5.1665 -0.4650
19.42 6.6455 -0.5981
20.17 7.9027 -0.7112
20.93 8.9713 -0.8074
21.54 9.4656 -0.8519
22.05 9.5637 -0.8607
22.47 9.4172 -0.8475
22.86 9.1546 -0.8239
23.20 8.7934 -0.7914
23.44 8.2104 -0.7389
23.62 7.5308 -0.6778
23.78 6.8612 -0.6175
23.89 6.1540 -0.5539
23.95 5.4149 -0.4873
23.98 4.6947 -0.4225
23.98 3.9905 -0.3591
23.95 3.2999 -0.2970
23.90 2.6669 -0.2400
23.84 2.0829 -0.1875
23.75 1.4945 -0.1345
23.64 0.9483 -0.0853
23.50 0.3920 -0.0353
23.35 -0.1268 0.0114
23.15 -0.7057 0.0635
22.95 -1.1979 0.1078
22.75 -1.6162 0.1455
22.57 -1.9258 0.1733
22.38 -2.1889 0.1970
22.20 -2.4126 0.2171
22.03 -2.5567 0.2301
21.83 -2.7712 0.2494
21.62 -2.9995 0.2700
21.40 -3.1936 0.2874
21.17 -3.4045 0.3064
20.90 -3.7218 0.3350
20.59 -4.0836 0.3675
20.25 -4.4830 0.4035
19.93 -4.7766 0.4299
19.58 -5.1181 0.4606
19.21 -5.4544 0.4909
18.89 -5.6022 0.5042
18.58 -5.6819 0.5114
18.26 -5.7956 0.5216
17.97 -5.8002 0.5220
17.71 -5.7122 0.5141
17.45 -5.6374 0.5074
17.18 -5.5738 0.5016
16.94 -5.4737 0.4926
16.72 -5.2966 0.4767
16.51 -5.1461 0.4632
16.31 -4.9722 0.4475
16.10 -4.8704 0.4383
15.90 -4.7378 0.4264
15.67 -4.7171 0.4245
15.45 -4.6536 0.4188
15.24 -4.5995 0.4140
15.02 -4.5536 0.4098
14.81 -4.5146 0.4063
20.14 12.1706 -1.0953
19.94 9.7470 -0.8772
19.75 7.6869 -0.6918
19.50 5.7979 -0.5218
19.22 4.1002 -0.3690
18.92 2.5652 -0.2309
18.47 0.8464 -0.0762
17.94 -0.8905 0.0801
17.25 -2.8269 0.2544
16.31 -5.2089 0.4688
14.55 -9.7175 0.8746
10.99 -18.9319 1.7039
8.51 -23.5440 2.1190
7.03 -24.4284 2.1986
6.24 -23.1561 2.0841
5.95 -20.5567 1.8501
5.59 -18.5312 1.6678
5.27 -16.7175 1.5046
5.00 -15.0379 1.3534
4.77 -13.4722 1.2125
4.57 -12.0494 1.0844
4.38 -10.7940 0.9715
4.20 -9.7269 0.8754
4.03 -8.7738 0.7896
3.88 -7.9178 0.7126
3.72 -7.1901 0.6471
3.55 -6.6176 0.5956
3.40 -6.0849 0.5476
3.23 -5.6782 0.5110
3.05 -5.3785 0.4841
2.83 -5.2157 0.4694
2.60 -5.1233 0.4611
2.34 -5.1368 0.4623
2.05 -5.2403 0.4716
1.78 -5.2823 0.4754
1.42 -5.5479 0.4993
1.05 -5.8197 0.5238
0.66 -6.1428 0.5528
0.24 -6.4633 0.5817
-0.19 -6.7818 0.6104
-0.62 -7.0525 0.6347
-1.06 -7.3287 0.6596
-1.52 -7.6094 0.6848
-1.98 -7.8479 0.7063
-2.43 -8.0047 0.7204
-2.90 -8.2300 0.7407
-3.35 -8.3295 0.7497
-3.78 -8.3681 0.7531
-4.13 -8.1709 0.7354
-4.47 -7.9572 0.7162
-4.77 -7.6836 0.6915
-5.03 -7.3131 0.6582
-5.28 -6.9521 0.6257
-5.51 -6.5993 0.5939
-5.71 -6.2074 0.5587
-5.88 -5.7823 0.5204
-6.03 -5.3749 0.4837
-6.15 -4.9367 0.4443
-6.29 -4.6102 0.4149
-6.41 -4.2867 0.3858
-6.54 -4.0117 0.3610
-6.64 -3.7319 0.3359
-6.77 -3.5401 0.3186
-6.89 -3.3771 0.3039
-7.01 -3.2385 0.2915
-7.15 -3.1668 0.2850
-7.26 -3.0137 0.2712
-7.38 -2.9297 0.2637
-7.50 -2.8582 0.2572
-7.61 -2.7515 0.2476
-7.72 -2.6608 0.2395
-7.81 -2.5376 0.2284
-7.90 -2.4330 0.2190
-7.90 -2.0681 0.1861
-7.99 -2.0338 0.1830
-8.08 -2.0048 0.1804
-8.16 -1.9340 0.1741
-8.25 -1.9199 0.1728
-8.33 -1.8619 0.1676
-8.42 -1.8587 0.1673
-8.50 -1.8099 0.1629
-8.57 -1.7684 0.1592
-8.67 -1.7791 0.1601
-8.76 -1.7883 0.1609
-8.85 -1.7960 0.1616
-8.96 -1.8486 0.1664
-9.08 -1.9393 0.1745
-9.22 -2.0624 0.1856
-9.36 -2.1671 0.1950
-9.51 -2.3020 0.2072
-9.68 -2.4627 0.2216
-9.85 -2.5993 0.2339
-10.03 -2.7614 0.2485
-10.25 -2.9912 0.2692
-10.46 -3.1865 0.2868
-10.71 -3.4445 0.3100
-10.95 -3.6638 0.3297
-11.21 -3.8963 0.3507
-11.50 -4.1858 0.3767
-11.81 -4.4779 0.4030
-12.13 -4.7722 0.4295
-12.50 -5.1604 0.4644
-13.08 -6.1343 0.5521
-13.93 -7.7442 0.6970
-14.82 -9.2505 0.8325
-15.55 -10.0709 0.9064
-16.78 -12.2403 1.1016
-17.96 -13.9462 1.2552
-18.59 -13.7403 1.2366
-19.26 -13.7032 1.2333
-19.84 -13.3957 1.2056
-20.26 -12.6284 1.1366
-20.57 -11.6541 1.0489
-20.78 -10.5500 0.9495
-20.96 -9.5195 0.8568
-21.09 -8.4596 0.7614
-21.22 -7.6046 0.6844
-21.33 -6.7859 0.6107
-21.44 -6.0900 0.5481
-21.55 -5.4985 0.4949
-21.65 -4.9958 0.4496
-21.75 -4.5224 0.4070
-21.85 -4.1660 0.3749
-21.96 -3.8631 0.3477
-21.95 -3.2377 0.2914
-22.04 -3.0280 0.2725
-22.16 -2.9418 0.2648
-22.27 -2.8225 0.2540
-22.39 -2.7672 0.2490
-22.51 -2.7201 0.2448
-22.67 -2.7721 0.2495
-22.80 -2.7703 0.2493
-22.97 -2.8607 0.2575
-23.13 -2.8916 0.2602
-23.31 -3.0099 0.2709
-23.46 -3.0184 0.2717
-23.62 -3.0256 0.2723
-23.79 -3.0778 0.2770
-23.94 -3.0761 0.2768
-24.09 -3.0747 0.2767
-24.23 -3.0275 0.2725
-24.40 -3.0794 0.2771
-24.54 -3.0315 0.2728
-24.66 -2.9447 0.2650
-24.81 -2.9630 0.2667
-24.97 -2.9786 0.2681
-25.12 -2.9918 0.2693
-25.30 -3.0950 0.2786
-25.50 -3.2288 0.2906
-25.70 -3.3424 0.3008
-25.92 -3.4851 0.3137
-26.15 -3.6523 0.3287
-26.39 -3.8404 0.3456
-26.65 -4.0464 0.3642
-26.90 -4.1754 0.3758
-27.19 -4.4231 0.3981
-27.47 -4.5876 0.4129
-27.73 -4.6815 0.4213
-28.00 -4.8073 0.4327
-28.26 -4.8682 0.4381
-28.51 -4.8739 0.4387
-28.75 -4.8788 0.4391
-29.03 -4.9750 0.4478
-29.27 -4.9648 0.4468
-29.52 -4.9560 0.4460
-29.78 -4.9946 0.4495
-30.04 -5.0274 0.4525
-30.30 -5.0553 0.4550
-30.53 -4.9870 0.4488
-30.76 -4.9290 0.4436
-30.96 -4.7876 0.4309
-31.11 -4.5295 0.4077
-31.25 -4.2640 0.3838
-31.36 -3.9464 0.3552
-31.44 -3.5845 0.3226
-31.48 -3.1848 0.2866
-31.50 -2.7531 0.2478
-31.50 -2.3401 0.2106
-31.48 -1.9431 0.1749
-31.47 -1.6056 0.1445
-31.45 -1.3188 0.1187
-31.42 -1.0290 0.0926
-31.41 -0.8286 0.0746
-31.39 -0.6583 0.0592
-31.38 -0.5136 0.0462
-31.36 -0.3905 0.0351
-31.36 -0.3320 0.0299
-31.34 -0.2362 0.0213
-31.34 -0.2008 0.0181
-31.34 -0.1706 0.0154
-31.34 -0.1450 0.0131
-31.34 -0.1233 0.0111
-31.34 -0.1048 0.0094
-31.34 -0.0891 0.0080
-31.34 -0.0757 0.0068
-31.34 -0.0644 0.0058
-31.36 -0.1007 0.0091
-31.36 -0.0856 0.0077
-31.34 -0.0268 0.0024
-31.34 -0.0227 0.0020
-31.34 -0.0193 0.0017
-31.34 -0.0164 0.0015
-31.36 -0.0600 0.0054
-31.36 -0.0510 0.0046
-31.36 -0.0433 0.0039
-31.36 -0.0368 0.0033
-31.34 0.0147 -0.0013
-31.36 -0.0335 0.0030
-31.36 -0.0285 0.0026
-31.38 -0.0702 0.0063
-31.38 -0.0597 0.0054
-31.38 -0.0507 0.0046
-31.38 -0.0431 0.0039
-31.38 -0.0367 0.0033
-31.38 -0.0312 0.0028
-31.38 -0.0265 0.0024
-31.38 -0.0225 0.0020
-31.38 -0.0191 0.0017
-31.38 -0.0163 0.0015
-31.38 -0.0138 0.0012
-31.38 -0.0118 0.0011
-31.38 -0.0100 0.0009
-31.38 -0.0085 0.0008
-31.38 -0.0072 0.0006
-31.38 -0.0061 0.0006
-31.38 -0.0052 0.0005
-31.38 -0.0044 0.0004
-31.38 -0.0038 0.0003
-31.38 -0.0032 0.0003
-31.38 -0.0027 0.0002
-31.38 -0.0023 0.0002
-31.38 -0.0020 0.0002
-31.38 -0.0017 0.0002
-31.38 -0.0014 0.0001
-31.38 -0.0012 0.0001
-31.38 -0.0010 0.0001
-31.38 -0.0009 0.0001
-31.38 -0.0007 0.0001
-31.39 -0.0466 0.0042
-31.39 -0.0396 0.0036
-31.39 -0.0337 0.0030
-31.39 -0.0286 0.0026
-31.39 -0.0243 0.0022
-31.39 -0.0207 0.0019
-31.39 -0.0176 0.0016
-31.39 -0.0149 0.0013
-31.39 -0.0127 0.0011
-31.39 -0.0108 0.0010
-31.39 -0.0092 0.0008
-31.39 -0.0078 0.0007
-31.39 -0.0066 0.0006
-31.38 0.0403 -0.0036
-31.36 0.0803 -0.0072
-31.36 0.0683 -0.0061
-31.36 0.0580 -0.0052
-31.38 0.0033 -0.0003
-31.39 -0.0432 0.0039
-31.42 -0.1287 0.0116
-31.44 -0.1554 0.0140
-31.44 -0.1321 0.0119
-31.41 -0.0203 0.0018
-31.38 0.0748 -0.0067
-31.33 0.2015 -0.0181
-31.28 0.3093 -0.0278
-31.27 0.3089 -0.0278
-31.27 0.2626 -0.0236
-31.28 0.1772 -0.0159
-31.33 0.0126 -0.0011
-31.38 -0.1273 0.0115
-31.42 -0.2462 0.0222
-31.45 -0.3013 0.0271
-31.47 -0.3021 0.0272
-31.45 -0.2108 0.0190
-31.41 -0.0411 0.0037
-31.36 0.1030 -0.0093
-31.30 0.2716 -0.0244
-31.24 0.4148 -0.0373
-31.21 0.4446 -0.0400
-31.21 0.3779 -0.0340
-31.22 0.2752 -0.0248
-31.25 0.1420 -0.0128
-31.30 -0.0173 0.0016
-31.36 -0.1987 0.0179
-31.41 -0.3069 0.0276
-31.42 -0.3069 0.0276
-31.42 -0.2609 0.0235
-31.39 -0.1297 0.0117
-31.34 0.0277 -0.0025
-31.28 0.2076 -0.0187
-31.24 0.3144 -0.0283
-31.21 0.3593 -0.0323
-31.21 0.3054 -0.0275
-31.22 0.2136 -0.0192
-31.25 0.0895 -0.0081
-31.30 -0.0619 0.0056
-31.36 -0.2366 0.0213
-31.41 -0.3391 0.0305
-31.42 -0.3342 0.0301
-31.41 -0.2381 0.0214
-31.38 -0.1104 0.0099
-31.33 0.0442 -0.0040
-31.27 0.2215 -0.0199
-31.22 0.3263 -0.0294
-31.19 0.3694 -0.0332
-31.19 0.3140 -0.0283
-31.21 0.2209 -0.0199
-31.24 0.0957 -0.0086
-31.28 -0.0566 0.0051
-31.34 -0.2321 0.0209
-31.39 -0.3353 0.0302
-31.41 -0.3310 0.0298
-31.41 -0.2814 0.0253
-31.38 -0.1472 0.0132
-31.33 0.0129 -0.0012
-31.27 0.1950 -0.0175
-31.22 0.3037 -0.0273
-31.19 0.3502 -0.0315
-31.18 0.3436 -0.0309
-31.21 0.2001 -0.0180
-31.24 0.0781 -0.0070
-31.28 -0.0716 0.0064
-31.34 -0.2449 0.0220
-31.39 -0.3461 0.0312
-31.41 -0.3402 0.0306
-31.41 -0.2892 0.0260
-31.36 -0.1078 0.0097
-31.33 0.0004 -0.0000
-31.25 0.2303 -0.0207
-31.21 0.3337 -0.0300
-31.16 0.4217 -0.0380
-31.15 0.4044 -0.0364
-31.16 0.2978 -0.0268
-31.19 0.1611 -0.0145
-31.24 -0.0011 0.0001
-31.28 -0.1389 0.0125
-31.34 -0.3021 0.0272
-31.38 -0.3488 0.0314
-31.39 -0.3424 0.0308
-31.38 -0.2451 0.0221
-31.33 -0.0703 0.0063
-31.28 0.0782 -0.0070
-31.22 0.2505 -0.0225
-31.18 0.3509 -0.0316
-31.15 0.3903 -0.0351
-31.15 0.3317 -0.0299
-31.18 0.1900 -0.0171
-31.21 0.0695 -0.0063
-31.27 -0.1249 0.0112
-31.33 -0.2902 0.0261
-31.38 -0.3847 0.0346
-31.39 -0.3730 0.0336
-31.39 -0.3170 0.0285
-31.36 -0.1775 0.0160
-31.31 -0.0128 0.0012
-31.25 0.1731 -0.0156
-31.19 0.3311 -0.0298
-31.13 0.4654 -0.0419
-31.10 0.4876 -0.0439
-31.10 0.4145 -0.0373
-31.13 0.2603 -0.0234
-31.18 0.0833 -0.0075
-31.22 -0.0672 0.0060
-31.28 -0.2411 0.0217
-31.34 -0.3890 0.0350
-31.38 -0.4226 0.0380
-31.38 -0.3592 0.0323
-31.34 -0.2133 0.0192
-31.30 -0.0433 0.0039
-31.25 0.1012 -0.0091
-31.18 0.3160 -0.0284
-31.13 0.4066 -0.0366
-31.10 0.4376 -0.0394
-31.10 0.3720 -0.0335
-31.13 0.2242 -0.0202
-31.16 0.0985 -0.0089
-31.22 -0.1002 0.0090
-31.28 -0.2692 0.0242
-31.34 -0.4128 0.0372
-31.38 -0.4429 0.0399
-31.38 -0.3765 0.0339
-31.34 -0.2280 0.0205
-31.30 -0.0558 0.0050
-31.24 0.1366 -0.0123
-31.18 0.3001 -0.0270
-31.11 0.4391 -0.0395
-31.10 0.4192 -0.0377
-31.10 0.3563 -0.0321
-31.13 0.2109 -0.0190
-31.16 0.0872 -0.0079
-31.22 -0.1098 0.0099
-31.28 -0.2774 0.0250
-31.33 -0.3738 0.0336
-31.36 -0.4097 0.0369
-31.36 -0.3482 0.0313
-31.34 -0.2500 0.0225
-31.30 -0.0745 0.0067
-31.24 0.1207 -0.0109
-31.18 0.2866 -0.0258
-31.13 0.3816 -0.0343
-31.10 0.4164 -0.0375
-31.10 0.3539 -0.0319
-31.11 0.2548 -0.0229
-31.16 0.0786 -0.0071
-31.22 -0.1172 0.0105
-31.28 -0.2836 0.0255
-31.33 -0.3791 0.0341
-31.36 -0.4142 0.0373
-31.36 -0.3521 0.0317
-31.33 -0.2073 0.0187
-31.30 -0.0842 0.0076
-31.24 0.1124 -0.0101
-31.18 0.2796 -0.0252
-31.11 0.4216 -0.0379
-31.08 0.4504 -0.0405
-31.08 0.3828 -0.0345
-31.11 0.2334 -0.0210
-31.16 0.0604 -0.0054
-31.21 -0.0867 0.0078
-31.28 -0.3037 0.0273
-31.33 -0.3961 0.0356
-31.36 -0.4287 0.0386
-31.36 -0.3644 0.0328
-31.33 -0.2177 0.0196
-31.30 -0.0931 0.0084
-31.24 0.1049 -0.0094
-31.18 0.2732 -0.0246
-31.11 0