2
-6.98ø-7.00 -139.9120 25.1842
-7.01 -0.3067 0.0552
-6.98 0.6133 -0.1104
-6.72 5.2133 -0.9384
-6.41 6.1333 -1.1040
-5.97 8.8933 -1.6008
-5.51 9.2000 -1.6560
-5.39 2.4533 -0.4416
-5.51 -2.4533 0.4416
-5.78 -5.5200 0.9936
-6.04 -5.2133 0.9384
-6.29 -4.9066 0.8832
-6.41 -2.4533 0.4416
-6.44 -0.6133 0.1104
-6.43 0.3067 -0.0552
-6.37 1.2267 -0.2208
-6.32 0.9200 -0.1656
-6.32 0.0000 0.0000
-6.35 -0.6133 0.1104
-6.43 -1.5333 0.2760
-6.49 -1.2267 0.2208
-6.50 -0.3067 0.0552
-6.50 0.0000 0.0000
-6.49 0.3067 -0.0552
-6.47 0.3067 -0.0552
-6.46 0.3067 -0.0552
-6.49 -0.6133 0.1104
-6.55 -1.2267 0.2208
-6.63 -1.5333 0.2760
-6.66 -0.6133 0.1104
-6.66 0.0000 0.0000
-6.64 0.3067 -0.0552
-6.61 0.6133 -0.1104
-6.61 0.0000 0.0000
-6.63 -0.3067 0.0552
-6.66 -0.6133 0.1104
-6.69 -0.6133 0.1104
-6.70 -0.3066 0.0552
-6.67 0.6133 -0.1104
-6.66 0.3067 -0.0552
-6.63 0.6133 -0.1104
-6.63 0.0000 0.0000
-6.66 -0.6133 0.1104
-6.70 -0.9200 0.1656
-6.72 -0.3067 0.0552
-6.73 -0.3067 0.0552
-6.70 0.6133 -0.1104
-6.67 0.6133 -0.1104
-6.64 0.6133 -0.1104
-6.64 0.0000 0.0000
-6.67 -0.6133 0.1104
-6.72 -0.9200 0.1656
-6.75 -0.6133 0.1104
-6.75 0.0000 0.0000
-6.73 0.3067 -0.0552
-6.70 0.6133 -0.1104
-6.69 0.3066 -0.0552
-6.70 -0.3066 0.0552
-6.75 -0.9200 0.1656
-6.80 -0.9200 0.1656
-6.81 -0.3067 0.0552
-6.80 0.3067 -0.0552
-6.78 0.3067 -0.0552
-6.75 0.6133 -0.1104
-6.75 0.0000 0.0000
-6.77 -0.3067 0.0552
-6.81 -0.9200 0.1656
-6.83 -0.3067 0.0552
-6.84 -0.3066 0.0552
-6.81 0.6133 -0.1104
-6.80 0.3067 -0.0552
-6.77 0.6133 -0.1104
-6.77 0.0000 0.0000
-6.78 -0.3067 0.0552
-6.81 -0.6133 0.1104
-6.84 -0.6133 0.1104
-6.84 0.0000 0.0000
-6.83 0.3066 -0.0552
-6.81 0.3067 -0.0552
-6.80 0.3067 -0.0552
-6.81 -0.3067 0.0552
-6.84 -0.6133 0.1104
-6.87 -0.6133 0.1104
-6.89 -0.3067 0.0552
-6.89 0.0000 0.0000
-6.86 0.6133 -0.1104
-6.84 0.3067 -0.0552
-6.83 0.3066 -0.0552
-6.84 -0.3066 0.0552
-6.87 -0.6133 0.1104
-6.93 -1.2267 0.2208
-6.95 -0.3067 0.0552
-6.93 0.3067 -0.0552
-6.93 0.0000 0.0000
-6.90 0.6133 -0.1104
-6.92 -0.3067 0.0552
-6.92 0.0000 0.0000
-6.95 -0.6133 0.1104
-6.96 -0.3067 0.0552
-6.96 0.0000 0.0000
-6.96 0.0000 0.0000
-6.96 0.0000 0.0000
-6.96 0.0000 0.0000
-6.96 0.0000 0.0000
-6.96 0.0000 0.0000
-6.98 -0.3067 0.0552
-6.98 0.0000 0.0000
-6.98 0.0000 0.0000
-6.98 0.0000 0.0000
-6.98 0.0000 0.0000
-6.98 0.0000 0.0000
-6.98 0.0000 0.0000
-6.98 0.0000 0.0000
-6.98 0.0000 0.0000
-6.98 0.0000 0.0000
-6.98 0.0000 0.0000
-6.98 0.0000 0.0000
-6.98 0.0000 0.0000
-6.98 0.0000 0.0000
-6.98 0.0000 0.0000
-6.98 0.0000 0.0000
-6.98 0.0000 0.0000
-6.98 0.0000 0.0000
-6.98 0.0000 0.0000
-6.98 0.0000 0.0000
-6.98 0.0000 0.0000
-6.98 0.0000 0.0000
-6.98 0.0000 0.0000
-6.98 0.0000 0.0000
-6.98 0.0000 0.0000
-6.98 0.0000 0.0000
-6.98 0.0000 0.0000
-6.98 0.0000 0.0000
-6.98 0.0000 0.0000
-6.98 0.0000 0.0000
-6.98 0.0000 0.0000
-6.98 0.0000 0.0000
-6.98 0.0000 0.0000
-6.98 0.0000 0.0000
-6.98 0.0000 0.0000
-6.98 0.0000 0.0000
-6.98 0.0000 0.0000
-6.98 0.0000 0.0000
-6.98 0.0000 0.0000
-6.98 0.0000 0.0000
-6.98 0.0000 0.0000
-6.98 0.0000 0.0000
-6.98 0.0000 0.0000
-7.00 -0.3066 0.0552
-6.98 0.3066 -0.0552
-6.98 0.0000 0.0000
-6.98 0.0000 0.0000
-7.00 -0.3066 0.0552
-7.00 0.0000 0.0000
-7.01 -0.3067 0.0552
-7.01 0.0000 0.0000
-7.01 0.0000 0.0000
-7.00 0.3067 -0.0552
-7.00 0.0000 0.0000
-7.01 -0.3067 0.0552
-7.03 -0.3067 0.0552
-7.04 -0.3067 0.0552
-7.03 0.3067 -0.0552
-7.01 0.3067 -0.0552
-7.00 0.3067 -0.0552
-7.01 -0.3067 0.0552
-7.04 -0.6133 0.1104
-7.09 -0.9200 0.1656
-7.10 -0.3067 0.0552
-7.10 0.0000 0.0000
-7.09 0.3067 -0.0552
-7.07 0.3067 -0.0552
-7.07 0.0000 0.0000
-7.09 -0.3067 0.0552
-7.12 -0.6133 0.1104
-7.15 -0.6133 0.1104
-7.15 0.0000 0.0000
-7.15 0.0000 0.0000
-7.13 0.3067 -0.0552
-7.13 0.0000 0.0000
-7.15 -0.3067 0.0552
-7.16 -0.3067 0.0552
-7.18 -0.3067 0.0552
-7.19 -0.3067 0.0552
-7.19 0.0000 0.0000
-7.18 0.3067 -0.0552
-7.18 0.0000 0.0000
-7.18 0.0000 0.0000
-7.19 -0.3067 0.0552
-7.23 -0.6133 0.1104
-7.26 -0.6133 0.1104
-7.26 0.0000 0.0000
-7.24 0.3067 -0.0552
-7.23 0.3067 -0.0552
-7.24 -0.3067 0.0552
-7.26 -0.3067 0.0552
-7.30 -0.9200 0.1656
-7.33 -0.6133 0.1104
-7.35 -0.3067 0.0552
-7.33 0.3067 -0.0552
-7.33 0.0000 0.0000
-7.33 0.0000 0.0000
-7.35 -0.3067 0.0552
-7.36 -0.3066 0.0552
-7.39 -0.6133 0.1104
-7.41 -0.3067 0.0552
-7.41 0.0000 0.0000
-7.39 0.3067 -0.0552
-7.39 0.0000 0.0000
-7.39 0.0000 0.0000
-7.42 -0.6133 0.1104
-7.46 -0.6133 0.1104
-7.49 -0.6133 0.1104
-7.50 -0.3066 0.0552
-7.50 0.0000 0.0000
-7.50 0.0000 0.0000
-7.50 0.0000 0.0000
-7.50 0.0000 0.0000
-7.52 -0.3067 0.0552
-7.53 -0.3067 0.0552
-7.55 -0.3067 0.0552
-7.56 -0.3066 0.0552
-7.56 0.0000 0.0000
-7.55 0.3066 -0.0552
-7.55 0.0000 0.0000
-7.56 -0.3066 0.0552
-7.58 -0.3067 0.0552
-7.61 -0.6133 0.1104
-7.62 -0.3067 0.0552
-7.64 -0.3067 0.0552
-7.62 0.3067 -0.0552
-7.62 0.0000 0.0000
-7.62 0.0000 0.0000
-7.64 -0.3067 0.0552
-7.65 -0.3067 0.0552
-7.69 -0.6133 0.1104
-7.70 -0.3067 0.0552
-7.70 0.0000 0.0000
-7.70 0.0000 0.0000
-7.70 0.0000 0.0000
-7.70 0.0000 0.0000
-7.72 -0.3067 0.0552
-7.72 0.0000 0.0000
-7.75 -0.6133 0.1104
-7.75 0.0000 0.0000
-7.76 -0.3067 0.0552
-7.78 -0.3067 0.0552
-7.78 0.0000 0.0000
-7.79 -0.3067 0.0552
-7.78 0.3067 -0.0552
-7.79 -0.3067 0.0552
-7.79 0.0000 0.0000
-7.82 -0.6133 0.1104
-7.84 -0.3066 0.0552
-7.85 -0.3067 0.0552
-7.88 -0.6133 0.1104
-7.87 0.3067 -0.0552
-7.88 -0.3067 0.0552
-7.88 0.0000 0.0000
-7.90 -0.3067 0.0552
-7.93 -0.6133 0.1104
-7.93 0.0000 0.0000
-7.96 -0.6133 0.1104
-7.96 0.0000 0.0000
-7.98 -0.3066 0.0552
-7.99 -0.3067 0.0552
-8.01 -0.3067 0.0552
-8.02 -0.3067 0.0552
-8.02 0.0000 0.0000
-8.02 0.0000 0.0000
-8.02 0.0000 0.0000
-8.02 0.0000 0.0000
-8.05 -0.6133 0.1104
-8.05 0.0000 0.0000
-8.10 -0.9200 0.1656
-8.10 0.0000 0.0000
-8.13 -0.6133 0.1104
-8.16 -0.6133 0.1104
-8.16 0.0000 0.0000
-8.21 -0.9200 0.1656
-8.19 0.3067 -0.0552
-8.22 -0.6133 0.1104
-8.24 -0.3066 0.0552
-8.28 -0.9200 0.1656
-8.33 -0.9200 0.1656
-8.33 0.0000 0.0000
-8.36 -0.6133 0.1104
-8.38 -0.3066 0.0552
-8.41 -0.6133 0.1104
-8.44 -0.6133 0.1104
-8.45 -0.3067 0.0552
-8.48 -0.6133 0.1104
-8.48 0.0000 0.0000
-8.51 -0.6133 0.1104
-8.51 0.0000 0.0000
-8.53 -0.3067 0.0552
-8.56 -0.6133 0.1104
-8.57 -0.3066 0.0552
-8.62 -0.9200 0.1656
-8.64 -0.3066 0.0552
-8.68 -0.9200 0.1656
-8.71 -0.6133 0.1104
-8.76 -0.9200 0.1656
-8.79 -0.6133 0.1104
-8.84 -0.9200 0.1656
-8.88 -0.9200 0.1656
-8.93 -0.9200 0.1656
-8.99 -1.2267 0.2208
-9.05 -1.2267 0.2208
-9.11 -1.2267 0.2208
-9.17 -1.2267 0.2208
-9.23 -1.2267 0.2208
-9.30 -1.2267 0.2208
-9.36 -1.2267 0.2208
-9.42 -1.2267 0.2208
-9.48 -1.2267 0.2208
-9.53 -0.9200 0.1656
-9.59 -1.2267 0.2208
-9.65 -1.2267 0.2208
-9.69 -0.9200 0.1656
-9.74 -0.9200 0.1656
-9.79 -0.9200 0.1656
-9.85 -1.2267 0.2208
-9.88 -0.6133 0.1104
-9.92 -0.9200 0.1656
-9.97 -0.9200 0.1656
-10.00 -0.6133 0.1104
-10.05 -0.9200 0.1656
-10.08 -0.6134 0.1104
-10.11 -0.6133 0.1104
-10.14 -0.6133 0.1104
-10.17 -0.6133 0.1104
-10.18 -0.3067 0.0552
-10.20 -0.3067 0.0552
-10.22 -0.3067 0.0552
-10.23 -0.3067 0.0552
-10.23 0.0000 0.0000
-10.23 0.0000 0.0000
-10.23 0.0000 0.0000
-10.25 -0.3067 0.0552
-10.26 -0.3066 0.0552
-10.28 -0.3067 0.0552
-10.29 -0.3067 0.0552
-10.31 -0.3067 0.0552
-10.32 -0.3067 0.0552
-10.32 0.0000 0.0000
-10.34 -0.3067 0.0552
-10.34 0.0000 0.0000
-10.34 0.0000 0.0000
-10.35 -0.3067 0.0552
-10.35 0.0000 0.0000
-10.38 -0.6133 0.1104
-10.38 0.0000 0.0000
-10.40 -0.3067 0.0552
-10.41 -0.3067 0.0552
-10.43 -0.3067 0.0552
-10.46 -0.6133 0.1104
-10.46 0.0000 0.0000
-10.49 -0.6133 0.1104
-10.49 0.0000 0.0000
-10.51 -0.3067 0.0552
-10.52 -0.3067 0.0552
-10.55 -0.6133 0.1104
-10.58 -0.6133 0.1104
-10.58 0.0000 0.0000
-10.61 -0.6133 0.1104
-10.63 -0.3067 0.0552
-10.68 -0.9200 0.1656
-10.71 -0.6134 0.1104
-10.74 -0.6133 0.1104
-10.80 -1.2267 0.2208
-10.83 -0.6133 0.1104
-10.87 -0.9200 0.1656
-10.92 -0.9200 0.1656
-10.98 -1.2267 0.2208
-11.06 -1.5333 0.2760
-11.14 -1.5333 0.2760
-11.21 -1.5333 0.2760
-11.30 -1.8400 0.3312
-11.40 -1.8400 0.3312
-11.50 -2.1467 0.3864
-11.63 -2.4533 0.4416
-11.73 -2.1467 0.3864
-11.84 -2.1467 0.3864
-11.95 -2.1466 0.3864
-12.06 -2.1467 0.3864
-12.18 -2.4533 0.4416
-12.30 -2.4533 0.4416
-12.41 -2.1467 0.3864
-12.52 -2.1467 0.3864
-12.62 -2.1466 0.3864
-12.73 -2.1467 0.3864
-12.84 -2.1466 0.3864
-12.93 -1.8400 0.3312
-13.04 -2.1466 0.3864
-13.13 -1.8400 0.3312
-13.22 -1.8400 0.3312
-13.31 -1.8400 0.3312
-13.39 -1.5333 0.2760
-13.47 -1.5333 0.2760
-13.53 -1.2267 0.2208
-13.59 -1.2267 0.2208
-13.67 -1.5334 0.2760
-13.73 -1.2266 0.2208
-13.79 -1.2267 0.2208
-13.85 -1.2267 0.2208
-13.91 -1.2267 0.2208
-13.96 -0.9200 0.1656
-14.02 -1.2267 0.2208
-14.08 -1.2267 0.2208
-14.16 -1.5333 0.2760
-14.22 -1.2267 0.2208
-14.29 -1.5333 0.2760
-14.37 -1.5333 0.2760
-14.46 -1.8400 0.3312
-14.55 -1.8400 0.3312
-14.68 -2.4533 0.4416
-14.80 -2.4533 0.4416
-14.92 -2.4533 0.4416
-15.06 -2.7600 0.4968
-15.21 -3.0667 0.5520
-15.41 -3.9867 0.7176
-15.61 -3.9866 0.7176
-15.83 -4.2933 0.7728
-16.06 -4.6000 0.8280
-16.30 -4.9067 0.8832
-16.55 -4.9066 0.8832
-16.79 -4.9066 0.8832
-17.04 -4.9067 0.8832
-17.25 -4.2933 0.7728
-17.45 -3.9867 0.7176
-17.64 -3.6800 0.6624
-17.81 -3.3733 0.6072
-17.97 -3.3733 0.6072
-18.14 -3.3733 0.6072
-18.28 -2.7600 0.4968
-18.42 -2.7600 0.4968
-18.56 -2.7600 0.4968
-18.69 -2.7600 0.4968
-18.82 -2.4533 0.4416
-18.94 -2.4533 0.4416
-19.08 -2.7600 0.4968
-19.20 -2.4533 0.4416
-19.32 -2.4533 0.4416
-19.43 -2.1467 0.3864
-19.54 -2.1466 0.3864
-19.65 -2.1466 0.3864
-19.75 -2.1466 0.3864
-19.84 -1.8400 0.3312
-19.94 -1.8400 0.3312
-20.01 -1.5333 0.2760
-20.11 -1.8399 0.3312
-20.20 -1.8401 0.3312
-20.27 -1.5333 0.2760
-20.35 -1.5334 0.2760
-20.44 -1.8400 0.3312
-20.52 -1.5333 0.2760
-20.61 -1.8400 0.3312
-20.72 -2.1466 0.3864
-20.81 -1.8400 0.3312
-20.92 -2.1467 0.3864
-21.03 -2.1466 0.3864
-21.15 -2.4533 0.4416
-21.29 -2.7599 0.4968
-21.41 -2.4534 0.4416
-21.53 -2.4533 0.4416
-21.64 -2.1466 0.3864
-21.75 -2.1466 0.3864
-21.85 -2.1467 0.3864
-21.96 -2.1466 0.3864
-22.05 -1.8400 0.3312
-21.98 1.5333 -0.2760
-22.05 -1.5333 0.2760
-22.13 -1.5334 0.2760
-22.22 -1.8399 0.3312
-22.34 -2.4533 0.4416
-22.41 -1.2267 0.2208
-22.50 -1.8399 0.3312
-22.57 -1.5334 0.2760
-22.64 -1.2266 0.2208
-22.71 -1.5333 0.2760
-22.79 -1.5334 0.2760
-22.87 -1.5334 0.2760
-22.94 -1.5333 0.2760
-23.03 -1.8400 0.3312
-23.13 -1.8400 0.3312
-23.22 -1.8400 0.3312
-23.33 -2.1467 0.3864
-23.42 -1.8400 0.3312
-23.51 -1.8399 0.3312
-23.60 -1.8400 0.3312
-23.69 -1.8400 0.3312
-23.77 -1.5333 0.2760
-23.86 -1.8400 0.3312
-23.94 -1.5334 0.2760
-24.02 -1.5333 0.2760
-24.09 -1.5334 0.2760
-24.15 -1.2267 0.2208
-24.23 -1.5333 0.2760
-24.29 -1.2267 0.2208
-24.35 -1.2267 0.2208
-24.41 -1.2266 0.2208
-24.46 -0.9200 0.1656
-24.52 -1.2267 0.2208
-24.57 -0.9200 0.1656
-24.61 -0.9200 0.1656
-24.66 -0.9200 0.1656
-24.69 -0.6133 0.1104
-24.72 -0.6134 0.1104
-24.75 -0.6133 0.1104
-24.77 -0.3067 0.0552
-24.78 -0.3066 0.0552
-24.81 -0.6133 0.1104
-24.81 0.0000 0.0000
-24.83 -0.3067 0.0552
-24.84 -0.3067 0.0552
-24.87 -0.6133 0.1104
-24.89 -0.3067 0.0552
-24.94 -0.9200 0.1656
-24.94 0.0000 0.0000
-24.97 -0.6134 0.1104
-24.98 -0.3066 0.0552
-25.01 -0.6134 0.1104
-25.04 -0.6133 0.1104
-25.09 -0.9200 0.1656
-25.10 -0.3067 0.0552
-25.13 -0.6134 0.1104
-25.17 -0.6133 0.1104
-25.20 -0.6133 0.1104
-25.24 -0.9200 0.1656
-25.27 -0.6133 0.1104
-25.33 -1.2266 0.2208
-25.38 -0.9200 0.1656
-25.44 -1.2267 0.2208
-25.50 -1.2267 0.2208
-25.58 -1.5334 0.2760
-25.66 -1.5333 0.2760
-25.75 -1.8400 0.3312
-25.84 -1.8399 0.3312
-25.96 -2.4534 0.4416
-26.09 -2.4533 0.4416
-26.22 -2.7600 0.4968
-26.39 -3.3733 0.6072
-26.64 -4.9067 0.8832
-26.99 -7.0533 1.2696
-27.48 -9.8133 1.7664
-28.14 -13.1866 2.3736
-28.72 -11.6533 2.0976
-29.04 -6.4399 1.1592
-29.14 -1.8401 0.3312
-29.26 -2.4532 0.4416
-29.34 -1.5334 0.2760
-29.43 -1.8399 0.3312
-29.61 -3.6801 0.6624
-29.90 -5.8266 1.0488
-30.35 -8.8933 1.6008
-30.96 -12.2666 2.2080
-31.47 -10.1200 1.8216
-31.76 -5.8267 1.0488
-31.85 -1.8399 0.3312
-31.94 -1.8400 0.3312
-31.97 -0.6133 0.1104
-32.02 -0.9200 0.1656
-32.17 -3.0666 0.5520
-32.36 -3.6800 0.6624
-32.59 -4.6000 0.8280
-32.88 -5.8267 1.0488
-33.20 -6.4399 1.1592
-33.49 -5.8266 1.0488
-33.75 -5.2133 0.9384
-33.95 -3.9867 0.7176
-34.09 -2.7600 0.4968
-34.21 -2.4532 0.4416
-34.32 -2.1468 0.3864
-34.44 -2.4533 0.4416
-34.58 -2.7599 0.4968
-34.70 -2.4534 0.4416
-34.84 -2.7600 0.4968
-34.95 -2.1467 0.3864
-35.07 -2.4533 0.4416
-35.18 -2.1465 0.3864
-35.29 -2.1468 0.3864
-35.38 -1.8400 0.3312
-35.47 -1.8400 0.3312
-35.56 -1.8399 0.3312
-35.64 -1.5334 0.2760
-35.73 -1.8401 0.3312
-35.81 -1.5334 0.2760
-35.90 -1.8400 0.3312
-35.96 -1.2267 0.2208
-36.04 -1.5334 0.2760
-36.07 -0.6133 0.1104
-36.13 -1.2266 0.2208
-36.19 -1.2267 0.2208
-36.27 -1.5334 0.2760
-36.33 -1.2267 0.2208
-36.39 -1.2266 0.2208
-36.45 -1.2267 0.2208
-36.51 -1.2266 0.2208
-36.57 -1.2267 0.2208
-36.65 -1.5332 0.2760
-36.71 -1.2268 0.2208
-36.77 -1.2267 0.2208
-36.85 -1.5333 0.2760
-36.91 -1.2267 0.2208
-37.00 -1.8400 0.3312
-37.09 -1.8399 0.3312
-37.19 -1.8401 0.3312
-37.26 -1.5334 0.2760
-37.36 -1.8399 0.3312
-37.43 -1.5334 0.2760
-37.52 -1.8400 0.3312
-37.60 -1.5334 0.2760
-37.68 -1.5334 0.2760
-37.74 -1.2267 0.2208
-37.80 -1.2267 0.2208
-37.86 -1.2266 0.2208
-37.92 -1.2267 0.2208
-37.98 -1.2267 0.2208
-38.03 -0.9200 0.1656
-38.08 -0.9200 0.1656
-38.14 -1.2268 0.2208
-38.18 -0.9200 0.1656
-38.23 -0.9200 0.1656
-38.26 -0.6134 0.1104
-38.29 -0.6133 0.1104
-38.32 -0.6133 0.1104
-38.35 -0.6134 0.1104
-38.37 -0.3066 0.0552
-38.38 -0.3067 0.0552
-38.40 -0.3066 0.0552
-38.40 0.0000 0.0000
-38.40 0.0000 0.0000
-38.40 0.0000 0.0000
-38.40 0.0000 0.0000
-38.40 0.0000 0.0000
-38.40 0.0000 0.0000
-38.41 -0.3066 0.0552
-38.43 -0.3068 0.0552
-38.44 -0.3065 0.0552
-38.44 0.0000 0.0000
-38.44 0.0000 0.0000
-38.43 0.3065 -0.0552
-38.43 0.0000 0.0000
-38.43 0.0000 0.0000
-38.44 -0.3065 0.0552
-38.47 -0.6133 0.1104
-38.49 -0.3067 0.0552
-38.51 -0.3067 0.0552
-38.51 0.0000 0.0000
-38.51 0.0000 0.0000
-38.52 -0.3066 0.0552
-38.52 0.0000 0.0000
-38.54 -0.3066 0.0552
-38.55 -0.3067 0.0552
-38.57 -0.3067 0.0552
-38.60 -0.6133 0.1104
-38.61 -0.3066 0.0552
-38.63 -0.3067 0.0552
-38.64 -0.3067 0.0552
-38.66 -0.3066 0.0552
-38.67 -0.3067 0.0552
-38.70 -0.6133 0.1104
-38.72 -0.3067 0.0552
-38.75 -0.6132 0.1104
-38.78 -0.6134 0.1104
-38.81 -0.6133 0.1104
-38.84 -0.6133 0.1104
-38.89 -0.9200 0.1656
-38.92 -0.6133 0.1104
-38.98 -1.2267 0.2208
-39.03 -0.9200 0.1656
-39.10 -1.5334 0.2760
-39.18 -1.5334 0.2760
-39.26 -1.5332 0.2760
-39.35 -1.8401 0.3312
-39.44 -1.8399 0.3312
-39.55 -2.1466 0.3864
-39.64 -1.8401 0.3312
-39.75 -2.1466 0.3864
-39.84 -1.8400 0.3312
-39.95 -2.1467 0.3864
-40.04 -1.8400 0.3312
-40.13 -1.8400 0.3312
-40.22 -1.8400 0.3312
-40.30 -1.5333 0.2760
-40.39 -1.8400 0.3312
-40.48 -1.8401 0.3312
-40.58 -1.8401 0.3312
-40.67 -1.8400 0.3312
-40.76 -1.8399 0.3312
-40.87 -2.1468 0.3864
-40.97 -2.1465 0.3864
-41.08 -2.1468 0.3864
-41.20 -2.4533 0.4416
-41.31 -2.1466 0.3864
-41.42 -2.1467 0.3864
-41.54 -2.4534 0.4416
-41.65 -2.1465 0.3864
-41.73 -1.5334 0.2760
-41.82 -1.8400 0.3312
-41.89 -1.5334 0.2760
-41.96 -1.2267 0.2208
-42.00 -0.9201 0.1656
-42.05 -0.9200 0.1656
-42.09 -0.9200 0.1656
-42.12 -0.6134 0.1104
-42.15 -0.6133 0.1104
-42.17 -0.3067 0.0552
-42.20 -0.6133 0.1104
-42.20 0.0000 0.0000
-42.23 -0.6133 0.1104
-42.25 -0.3068 0.0552
-42.28 -0.6133 0.1104
-42.31 -0.6133 0.1104
-42.35 -0.9200 0.1656
-42.38 -0.6133 0.1104
-42.42 -0.6133 0.1104
-42.45 -0.6133 0.1104
-42.48 -0.6134 0.1104
-42.52 -0.9200 0.1656
-42.57 -0.9200 0.1656
-42.61 -0.9199 0.1656
-42.68 -1.2268 0.2208
-42.75 -1.5333 0.2760
-42.83 -1.5333 0.2760
-42.94 -2.1467 0.3864
-43.04 -2.1467 0.3864
-43.17 -2.4533 0.4416
-43.30 -2.7599 0.4968
-43.47 -3.3734 0.6072
-43.66 -3.6799 0.6624
-43.86 -3.9867 0.7176
-44.07 -4.2934 0.7728
-44.30 -4.6000 0.8280
-44.53 -4.5999 0.8280
-44.76 -4.6000 0.8280
-44.98 -4.2934 0.7728
-45.19 -4.2933 0.7728
-45.39 -3.9867 0.7176
-45.57 -3.6800 0.6624
-45.73 -3.0666 0.5520
-45.88 -3.0668 0.5520
-46.02 -2.7599 0.4968
-46.16 -2.7602 0.4968
-46.28 -2.4532 0.4416
-46.40 -2.4534 0.4416
-46.52 -2.4532 0.4416
-46.65 -2.4535 0.4416
-46.75 -2.1465 0.3864
-46.88 -2.4535 0.4416
-46.98 -2.1466 0.3864
-47.09 -2.1467 0.3864
-47.20 -2.1466 0.3864
-47.31 -2.1467 0.3864
-47.40 -1.8400 0.3312
-47.49 -1.8400 0.3312
-47.58 -1.8400 0.3312
-47.66 -1.5333 0.2760
-47.74 -1.5334 0.2760
-47.80 -1.2267 0.2208
-47.84 -0.9200 0.1656
-47.89 -0.9200 0.1656
-47.94 -0.9200 0.1656
-47.97 -0.6133 0.1104
-48.00 -0.6133 0.1104
-48.01 -0.3067 0.0552
-48.04 -0.6134 0.1104
-48.06 -0.3066 0.0552
-48.06 0.0000 0.0000
-48.07 -0.3065 0.0552
-48.09 -0.3069 0.0552
-48.09 0.0000 0.0000
-48.12 -0.6132 0.1104
-48.12 0.0000 0.0000
-48.13 -0.3067 0.0552
-48.15 -0.3067 0.0552
-48.17 -0.3067 0.0552
-48.17 0.0000 0.0000
-48.17 0.0000 0.0000
-48.17 0.0000 0.0000
-48.18 -0.3065 0.0552
-48.18 0.0000 0.0000
-48.20 -0.3067 0.0552
-48.21 -0.3067 0.0552
-48.23 -0.3066 0.0552
-48.23 0.0000 0.0000
-48.23 0.0000 0.0000
-48.23 0.0000 0.0000
-48.23 0.0000 0.0000
-48.24 -0.3066 0.0552
-48.26 -0.3068 0.0552
-48.29 -0.6133 0.1104
-48.30 -0.3067 0.0552
-48.32 -0.3067 0.0552
-48.32 0.0000 0.0000
-48.33 -0.3067 0.0552
-48.33 0.0000 0.0000
-48.35 -0.3066 0.0552
-48.36 -0.3067 0.0552
-48.38 -0.3067 0.0552
-48.41 -0.6132 0.1104
-48.43 -0.3068 0.0552
-48.44 -0.3066 0.0552
-48.46 -0.3065 0.0552
-48.47 -0.3067 0.0552
-48.49 -0.3067 0.0552
-48.49 0.0000 0.0000
-48.49 0.0000 0.0000
-48.49 0.0000 0.0000
-48.50 -0.3067 0.0552
-48.52 -0.3066 0.0552
-48.53 -0.3067 0.0552
-48.56 -0.6133 0.1104
-48.58 -0.3067 0.0552
-48.59 -0.3067 0.0552
-48.59 0.0000 0.0000
-48.59 0.0000 0.0000
-48.59 0.0000 0.0000
-48.59 0.0000 0.0000
-48.61 -0.3065 0.0552
-48.63 -0.3066 0.0552
-48.66 -0.6134 0.1104
-48.67 -0.3067 0.0552
-48.67 0.0000 0.0000
-48.69 -0.3065 0.0552
-48.69 0.0000 0.0000
-48.69 0.0000 0.0000
-48.69 0.0000 0.0000
-48.70 -0.3067 0.0552
-48.72 -0.3067 0.0552
-48.73 -0.3067 0.0552
-48.73 0.0000 0.0000
-48.75 -0.3067 0.0552
-48.73 0.3067 -0.0552
-48.75 -0.3067 0.0552
-48.73 0.3067 -0.0552
-48.76 -0.6134 0.1104
-48.79 -0.6132 0.1104
-48.82 -0.6134 0.1104
-48.86 -0.6133 0.1104
-48.87 -0.3067 0.0552
-48.89 -0.3067 0.0552
-48.89 0.0000 0.0000
-48.90 -0.3065 0.0552
-48.90 0.0000 0.0000
-48.92 -0.3067 0.0552
-48.93 -0.3067 0.0552
-48.96 -0.6133 0.1104
-48.99 -0.6133 0.1104
-49.01 -0.3067 0.0552
-49.04 -0.6133 0.1104
-49.07 -0.6133 0.1104
-49.09 -0.3067 0.0552
-49.12 -0.6133 0.1104
-49.13 -0.3067 0.0552
-49.16 -0.6133 0.1104
-49.18 -0.3067 0.0552
-49.21 -0.6133 0.1104
-49.24 -0.6134 0.1104
-49.25 -0.3067 0.0552
-49.28 -0.6133 0.1104
-49.32 -0.6134 0.1104
-49.33 -0.3066 0.0552
-49.36 -0.6134 0.1104
-49.38 -0.3065 0.0552
-49.41 -0.6133 0.1104
-49.42 -0.3067 0.0552
-49.44 -0.3067 0.0552
-49.45 -0.3066 0.0552
-49.47 -0.3067 0.0552
-49.47 0.0000 0.0000
-49.47 0.0000 0.0000
-49.47 0.0000 0.0000
-49.48 -0.3067 0.0552
-49.50 -0.3065 0.0552
-49.51 -0.3067 0.0552
-49.53 -0.3067 0.0552
-49.53 0.0000 0.0000
-49.53 0.0000 0.0000
-49.53 0.0000 0.0000
-49.53 0.0000 0.0000
-49.55 -0.3066 0.0552
-49.55 0.0000 0.0000
-49.56 -0.3067 0.0552
-49.56 0.0000 0.0000
-49.56 0.0000 0.0000
-49.58 -0.3067 0.0552
-49.58 0.0000 0.0000
-49.59 -0.3065 0.0552
-49.59 0.0000 0.0000
-49.59 0.0000 0.0000
-49.61 -0.3067 0.0552
-49.59 0.3067 -0.0552
-49.61 -0.3067 0.0552
-49.61 0.0000 0.0000
-49.62 -0.3066 0.0552
-49.64 -0.3068 0.0552
-49.64 0.0000 0.0000
-49.64 0.0000 0.0000
-49.64 0.0000 0.0000
-49.64 0.0000 0.0000
-49.64 0.0000 0.0000
-49.64 0.0000 0.0000
-49.64 0.0000 0.0000
-49.64 0.0000 0.0000
-49.64 0.0000 0.0000
-49.64 0.0000 0.0000
-49.64 0.0000 0.0000
-49.64 0.0000 0.0000
-49.64 0.0000 0.0000
-49.64 0.0000 0.0000
-49.64 0.0000 0.0000
-49.64 0.0000 0.0000
-49.64 0.0000 0.0000
-49.64 0.0000 0.0000
-49.64 0.0000 0.0000
-49.64 0.0000 0.0000
-49.62 0.3068 -0.0552
-49.64 -0.3068 0.0552
-49.62 0.3068 -0.0552
-49.64 -0.3068 0.0552
-49.62 0.3068 -0.0552
-49.64 -0.3068 0.0552
-49.62 0.3068 -0.0552
-49.62 0.0000 0.0000
-49.62 0.0000 0.0000
-49.61 0.3066 -0.0552
-49.61 0.0000 0.0000
-49.61 0.0000 0.0000
-49.61 0.0000 0.0000
-49.61 0.0000 0.0000
-49.59 0.3067 -0.0552
-49.59 0.0000 0.0000
-49.59 0.0000 0.0000
-49.58 0.3065 -0.0552
-49.58 0.0000 0.0000
-49.58 0.0000 0.0000
-49.58 0.0000 0.0000
-49.58 0.0000 0.0000
-49.56 0.3067 -0.0552
-49.56 0.0000 0.0000
-49.56 0.0000 0.0000
-49.55 0.3067 -0.0552
-49.56 -0.3067 0.0552
-49.55 0.3067 -0.0552
-49.55 0.0000 0.0000
-49.55 0.0000 0.0000
-49.53 0.3066 -0.0552
-49.53 0.0000 0.0000
-49.51 0.3067 -0.0552
-49.51 0.0000 0.0000
-49.51 0.0000 0.0000
-49.50 0.3067 -0.0552
-49.50 0.0000 0.0000
-49.50 0.0000 0.0000
-49.50 0.0000 0.0000
-49.50 0.0000 0.0000
-49.48 0.3065 -0.0552
-49.47 0.3067 -0.0552
-49.47 0.0000 0.0000
-49.45 0.3067 -0.0552
-49.47 -0.3067 0.0552
-49.45 0.3067 -0.0552
-49.47 -0.3067 0.0552
-49.44 0.6133 -0.1104
-49.44 0.0000 0.0000
-49.42 0.3067 -0.0552
-49.41 0.3067 -0.0552
-49.39 0.3066 -0.0552
-49.38 0.3067 -0.0552
-49.36 0.3065 -0.0552
-49.38 -0.3065 0.0552
-49.38 0.0000 0.0000
-49.38 0.0000 0.0000
-49.36 0.3065 -0.0552
-49.33 0.6134 -0.1104
-49.32 0.3066 -0.0552
-49.30 0.3067 -0.0552
-49.28 0.3067 -0.0552
-49.27 0.3065 -0.0552
-49.27 0.0000 0.0000
-49.28 -0.3065 0.0552
-49.28 0.0000 0.0000
-49.27 0.3065 -0.0552
-49.25 0.3067 -0.0552
-49.21 0.9201 -0.1656
-49.19 0.3065 -0.0552
-49.18 0.3067 -0.0552
-49.16 0.3067 -0.0552
-49.15 0.3066 -0.0552
-49.13 0.3067 -0.0552
-49.13 0.0000 0.0000
-49.13 0.0000 0.0000
-49.13 0.0000 0.0000
-49.12 0.3067 -0.0552
-49.09 0.6133 -0.1104
-49.07 0.3067 -0.0552
-49.04 0.6133 -0.1104
-49.01 0.6133 -0.1104
-48.98 0.6133 -0.1104
-48.96 0.3067 -0.0552
-48.93 0.6133 -0.1104
-48.90 0.6134 -0.1104
-48.89 0.3065 -0.0552
-48.86 0.6134 -0.1104
-48.81 0.9200 -0.1656
-48.78 0.6134 -0.1104
-48.73 0.9200 -0.1656
-48.67 1.2267 -0.2208
-48.61 1.2267 -0.2208
-48.55 1.2266 -0.2208
-48.47 1.5334 -0.2760
-48.38 1.8398 -0.3312
-48.27 2.1468 -0.3864
-48.17 2.1466 -0.3864
-48.03 2.7600 -0.4968
-47.89 2.7600 -0.4968
-47.74 3.0667 -0.5520
-47.58 3.0666 -0.5520
-47.41 3.3733 -0.6072
-47.25 3.3733 -0.6072
-47.08 3.3733 -0.6072
-46.94 2.7599 -0.4968
-46.80 2.7600 -0.4968
-46.66 2.7599 -0.4968
-46.54 2.4533 -0.4416
-46.42 2.4534 -0.4416
-46.29 2.4534 -0.4416
-46.19 2.1467 -0.3864
-46.08 2.1466 -0.3864
-45.99 1.8399 -0.3312
-45.88 2.1467 -0.3864
-45.79 1.8401 -0.3312
-45.68 2.1467 -0.3864
-45.57 2.1466 -0.3864
-45.48 1.8400 -0.3312
-45.39 1.8400 -0.3312
-45.31 1.5334 -0.2760
-45.24 1.5334 -0.2760
-45.16 1.5333 -0.2760
-45.10 1.2267 -0.2208
-45.04 1.2267 -0.2208
-44.99 0.9199 -0.1656
-44.93 1.2267 -0.2208
-44.90 0.6133 -0.1104
-44.85 0.9201 -0.1656
-44.81 0.9200 -0.1656
-44.78 0.6133 -0.1104
-44.73 0.9200 -0.1656
-44.68 0.9200 -0.1656
-44.65 0.6134 -0.1104
-44.61 0.9199 -0.1656
-44.56 0.9200 -0.1656
-44.52 0.9200 -0.1656
-44.45 1.2267 -0.2208
-44.39 1.2267 -0.2208
-44.32 1.5334 -0.2760
-44.24 1.5333 -0.2760
-44.13 2.1466 -0.3864
-44.04 1.8401 -0.3312
-43.92 2.4533 -0.4416
-43.80 2.4534 -0.4416
-43.66 2.7599 -0.4968
-43.52 2.7599 -0.4968
-43.38 2.7600 -0.4968
-43.21 3.3733 -0.6072
-43.04 3.3733 -0.6072
-42.86 3.6800 -0.6624
-42.65 4.2933 -0.7728
-42.42 4.6000 -0.8280
-42.19 4.6000 -0.8280
-41.96 4.6000 -0.8280
-41.73 4.6000 -0.8280
-41.51 4.2933 -0.7728
-41.30 4.2933 -0.7728
-41.10 3.9867 -0.7176
-40.91 3.6800 -0.6624
-40.74 3.3733 -0.6072
-40.59 3.0666 -0.5520
-40.45 2.7600 -0.4968
-40.35 2.1467 -0.3864
-40.22 2.4533 -0.4416
-40.10 2.4532 -0.4416
-40.01 1.8401 -0.3312
-39.90 2.1465 -0.3864
-39.81 1.8401 -0.3312
-39.73 1.5333 -0.2760
-39.66 1.5334 -0.2760
-39.58 1.5334 -0.2760
-39.50 1.5334 -0.2760
-39.46 0.9200 -0.1656
-39.39 1.2266 -0.2208
-39.35 0.9200 -0.1656
-39.30 0.9200 -0.1656
-39.27 0.6133 -0.1104
-39.26 0.3067 -0.0552
-39.23 0.6133 -0.1104
-39.20 0.6134 -0.1104
-39.18 0.3065 -0.0552
-39.16 0.3068 -0.0552
-39.15 0.3066 -0.0552
-39.12 0.6133 -0.1104
-39.10 0.3066 -0.0552
-39.09 0.3067 -0.0552
-39.07 0.3067 -0.0552
-39.06 0.3067 -0.0552
-39.03 0.6133 -0.1104
-39.01 0.3066 -0.0552
-38.98 0.6133 -0.1104
-38.97 0.3066 -0.0552
-38.93 0.6133 -0.1104
-38.90 0.6134 -0.1104
-38.86 0.9200 -0.1656
-38.81 0.9200 -0.1656
-38.78 0.6133 -0.1104
-38.74 0.9200 -0.1656
-38.67 1.2267 -0.2208
-38.61 1.2267 -0.2208
-38.54 1.5334 -0.2760
-38.46 1.5334 -0.2760
-38.38 1.5332 -0.2760
-38.29 1.8401 -0.3312
-38.20 1.8400 -0.3312
-38.11 1.8400 -0.3312
-38.01 1.8400 -0.3312
-37.92 1.8400 -0.3312
-37.83 1.8400 -0.3312
-37.75 1.5333 -0.2760
-37.68 1.5334 -0.2760
-37.59 1.8401 -0.3312
-37.51 1.5334 -0.2760
-37.43 1.5333 -0.2760
-37.36 1.5334 -0.2760
-37.28 1.5333 -0.2760
-37.20 1.5333 -0.2760
-37.14 1.2267 -0.2208
-37.06 1.5334 -0.2760
-37.00 1.2266 -0.2208
-36.94 1.2267 -0.2208
-36.90 0.9200 -0.1656
-36.85 0.9200 -0.1656
-36.80 0.9200 -0.1656
-36.76 0.9200 -0.1656
-36.71 0.9200 -0.1656
-36.67 0.9200 -0.1656
-36.62 0.9200 -0.1656
-36.57 0.9200 -0.1656
-36.51 1.2267 -0.2208
-36.47 0.9200 -0.1656
-36.40 1.2267 -0.2208
-36.34 1.2267 -0.2208
-36.28 1.2266 -0.2208
-36.21 1.5334 -0.2760
-36.13 1.5334 -0.2760
-30.10 120.5194 -21.6935
-32.00 -38.0264 6.8448
-31.90 2.1466 -0.3864
-31.85 0.9200 -0.1656
-31.77 1.5333 -0.2760
-31.54 4.6000 -0.8280
-31.42 2.4533 -0.4416
-31.27 3.0666 -0.5520
-31.10 3.3734 -0.6072
-30.95 3.0666 -0.5520
-30.76 3.6800 -0.6624
-30.58 3.6800 -0.6624
-30.39 3.6801 -0.6624
-30.23 3.3733 -0.6072
-30.03 3.9865 -0.7176
-29.86 3.3733 -0.6072
-29.67 3.6801 -0.6624
-29.49 3.6800 -0.6624
-29.34 3.0666 -0.5520
-29.18 3.0666 -0.5520
-29.03 3.0667 -0.5520
-28.91 2.4533 -0.4416
-28.78 2.4533 -0.4416
-28.68 2.1466 -0.3864
-28.55 2.4534 -0.4416
-28.43 2.4533 -0.4416
-28.32 2.1467 -0.3864
-28.22 2.1466 -0.3864
-28.11 2.1466 -0.3864
-28.02 1.8400 -0.3312
-27.89 2.4533 -0.4416
-27.77 2.4534 -0.4416
-27.65 2.4533 -0.4416
-27.54 2.1466 -0.3864
-27.42 2.4533 -0.4416
-27.31 2.1467 -0.3864
-27.20 2.1466 -0.3864
-27.10 2.1467 -0.3864
-26.97 2.4533 -0.4416
-26.88 1.8400 -0.3312
-26.78 2.1467 -0.3864
-26.65 2.4533 -0.4416
-26.51 2.7600 -0.4968
-26.38 2.7600 -0.4968
-26.22 3.0667 -0.5520
-26.07 3.0666 -0.5520
-25.93 2.7600 -0.4968
-25.79 2.7600 -0.4968
-25.66 2.7600 -0.4968
-25.55 2.1466 -0.3864
-25.43 2.4533 -0.4416
-25.30 2.4533 -0.4416
-25.20 2.1467 -0.3864
-25.04 3.0666 -0.5520
-24.87 3.3734 -0.6072
-24.69 3.6800 -0.6624
-24.46 4.6000 -0.8280
-24.23 4.6000 -0.8280
-24.00 4.6000 -0.8280
-23.75 4.9067 -0.8832
-23.54 4.2933 -0.7728
-23.36 3.6800 -0.6624
-23.17 3.6800 -0.6624
-22.99 3.6800 -0.6624
-22.82 3.3733 -0.6072
-22.64 3.6800 -0.6624
-22.47 3.3733 -0.6072
-22.31 3.0666 -0.5520
-22.13 3.6800 -0.6624
-21.96 3.3734 -0.6072
-21.78 3.6800 -0.6624
-21.58 3.9867 -0.7176
-21.38 3.9866 -0.7176
-21.18 3.9867 -0.7176
-20.99 3.6800 -0.6624
-20.83 3.3733 -0.6072
-20.64 3.6799 -0.6624
-20.49 3.0667 -0.5520
-20.34 3.0667 -0.5520
-20.18 3.0666 -0.5520
-20.04 2.7600 -0.4968
-19.92 2.4533 -0.4416
-19.81 2.1466 -0.3864
-19.71 2.1466 -0.3864
-19.60 2.1467 -0.3864
-19.51 1.8400 -0.3312
-19.40 2.1466 -0.3864
-19.31 1.8400 -0.3312
-19.22 1.8400 -0.3312
-19.14 1.5334 -0.2760
-19.06 1.5333 -0.2760
-18.99 1.5333 -0.2760
-18.91 1.5334 -0.2760
-18.85 1.2266 -0.2208
-18.77 1.5333 -0.2760
-18.71 1.2267 -0.2208
-18.63 1.5334 -0.2760
-18.56 1.5333 -0.2760
-18.50 1.2267 -0.2208
-18.42 1.5333 -0.2760
-18.34 1.5334 -0.2760
-18.25 1.8399 -0.3312
-18.17 1.5334 -0.2760
-18.08 1.8399 -0.3312
-18.00 1.5333 -0.2760
-22.02 -80.3462 14.4623
-21.93 1.8399 -0.3312
-21.88 0.9200 -0.1656
-21.75 2.7600 -0.4968
-21.44 6.1333 -1.1040
-21.33 2.1467 -0.3864
-21.12 4.2933 -0.7728
-20.93 3.6800 -0.6624
-20.80 2.7600 -0.4968
-20.66 2.7600 -0.4968
-20.53 2.4533 -0.4416
-20.43 2.1467 -0.3864
-20.34 1.8400 -0.3312
-20.23 2.1466 -0.3864
-20.12 2.1466 -0.3864
-20.01 2.1466 -0.3864
-19.91 2.1466 -0.3864
-19.78 2.4533 -0.4416
-19.66 2.4533 -0.4416
-19.54 2.4533 -0.4416
-19.42 2.4533 -0.4416
-19.29 2.4533 -0.4416
-19.19 2.1466 -0.3864
-19.08 2.1466 -0.3864
-18.99 1.8400 -0.3312
-18.91 1.5334 -0.2760
-18.85 1.2266 -0.2208
-18.79 1.2267 -0.2208
-18.76 0.6133 -0.1104
-18.71 0.9200 -0.1656
-18.68 0.6134 -0.1104
-18.66 0.3067 -0.0552
-18.63 0.6133 -0.1104
-18.62 0.3067 -0.0552
-18.59 0.6133 -0.1104
-18.57 0.3067 -0.0552
-18.56 0.3067 -0.0552
-18.54 0.3066 -0.0552
-18.51 0.6134 -0.1104
-18.48 0.6133 -0.1104
-18.45 0.6133 -0.1104
-18.42 0.6133 -0.1104
-18.40 0.3067 -0.0552
-18.36 0.9200 -0.1656
-18.31 0.9200 -0.1656
-18.27 0.9200 -0.1656
-18.19 1.5334 -0.2760
-18.13 1.2267 -0.2208
-18.05 1.5334 -0.2760
-17.97 1.5333 -0.2760
-17.88 1.8400 -0.3312
-17.79 1.8400 -0.3312
-17.68 2.1467 -0.3864
-17.58 2.1466 -0.3864
-17.45 2.4533 -0.4416
-17.35 2.1466 -0.3864
-17.22 2.4533 -0.4416
-17.12 2.1466 -0.3864
-17.01 2.1466 -0.3864
-16.90 2.1466 -0.3864
-16.78 2.4533 -0.4416
-16.69 1.8400 -0.3312
-16.59 1.8399 -0.3312
-16.52 1.5334 -0.2760
-16.43 1.8400 -0.3312
-16.35 1.5334 -0.2760
-16.27 1.5333 -0.2760
-16.20 1.5333 -0.2760
-16.13 1.2267 -0.2208
-16.07 1.2267 -0.2208
-16.01 1.2267 -0.2208
-15.95 1.2267 -0.2208
-15.90 0.9200 -0.1656
-15.84 1.2267 -0.2208
-15.77 1.5333 -0.2760
-15.70 1.2267 -0.2208
-15.66 0.9200 -0.1656
-15.58 1.5333 -0.2760
-15.51 1.5333 -0.2760
-15.43 1.5333 -0.2760
-15.34 1.8400 -0.3312
-15.23 2.1467 -0.3864
-15.12 2.1467 -0.3864
-15.00 2.4533 -0.4416
-14.88 2.4533 -0.4416
-14.74 2.7600 -0.4968
-14.59 3.0667 -0.5520
-14.40 3.6800 -0.6624
-14.22 3.6800 -0.6624
-14.03 3.6800 -0.6624
-13.83 3.9866 -0.7176
-13.65 3.6800 -0.6624
-13.45 3.9867 -0.7176
-13.27 3.6799 -0.6624
-13.10 3.3733 -0.6072
-12.93 3.3733 -0.6072
-12.78 3.0667 -0.5520
-12.64 2.7600 -0.4968
-12.50 2.7600 -0.4968
-12.38 2.4533 -0.4416
-12.27 2.1467 -0.3864
-12.15 2.4533 -0.4416
-12.04 2.1467 -0.3864
-11.93 2.1467 -0.3864
-11.83 2.1466 -0.3864
-11.73 1.8400 -0.3312
-11.63 2.1467 -0.3864
-11.55 1.5333 -0.2760
-11.46 1.8400 -0.3312
-11.38 1.5333 -0.2760
-11.30 1.5333 -0.2760
-11.23 1.5333 -0.2760
-11.17 1.2266 -0.2208
-11.10 1.2267 -0.2208
-11.06 0.9200 -0.1656
-11.01 0.9200 -0.1656
-10.97 0.9200 -0.1656
-10.94 0.6133 -0.1104
-10.89 0.9200 -0.1656
-10.86 0.6133 -0.1104
-10.81 0.9200 -0.1656
-10.78 0.6134 -0.1104
-10.75 0.6133 -0.1104
-10.71 0.9200 -0.1656
-10.66 0.9200 -0.1656
-10.61 0.9200 -0.1656
-10.57 0.9200 -0.1656
-10.52 0.9200 -0.1656
-10.46 1.2267 -0.2208
-10.38 1.5334 -0.2760
-10.31 1.5333 -0.2760
-10.23 1.5333 -0.2760
-10.15 1.5334 -0.2760
-10.06 1.8400 -0.3312
-9.99 1.5333 -0.2760
-9.89 1.8400 -0.3312
-9.80 1.8400 -0.3312
-9.72 1.5333 -0.2760
-9.65 1.5333 -0.2760
-9.57 1.5334 -0.2760
-9.49 1.5333 -0.2760
-9.42 1.5333 -0.2760
-9.34 1.5333 -0.2760
-9.28 1.2267 -0.2208
-9.20 1.5334 -0.2760
-9.14 1.2267 -0.2208
-9.07 1.5333 -0.2760
-9.02 0.9200 -0.1656
-8.94 1.5333 -0.2760
-8.90 0.9200 -0.1656
-8.85 0.9200 -0.1656
-8.80 0.9200 -0.1656
-8.77 0.6133 -0.1104
-8.73 0.9200 -0.1656
-8.70 0.6133 -0.1104
-8.67 0.6133 -0.1104
-8.64 0.6134 -0.1104
-8.62 0.3066 -0.0552
-8.59 0.6133 -0.1104
-8.57 0.3067 -0.0552
-8.54 0.6133 -0.1104
-8.53 0.3067 -0.0552
-8.51 0.3067 -0.0552
-8.48 0.6133 -0.1104
-8.47 0.3067 -0.0552
-8.44 0.6133 -0.1104
-8.41 0.6133 -0.1104
-8.38 0.6133 -0.1104
-8.34 0.6133 -0.1104
-8.30 0.9200 -0.1656
-8.25 0.9200 -0.1656
-8.21 0.9200 -0.1656
-8.15 1.2267 -0.2208
-8.08 1.2267 -0.2208
-8.02 1.2267 -0.2208
-7.93 1.8400 -0.3312
-7.93 0.0000 0.0000
-7.84 1.8400 -0.3312
-7.73 2.1466 -0.3864
-7.59 2.7600 -0.4968
-7.44 3.0667 -0.5520
-7.29 3.0666 -0.5520
-7.12 3.3733 -0.6072
-6.96 3.0667 -0.5520
-6.80 3.3733 -0.6072
-6.63 3.3733 -0.6072
-6.46 3.3733 -0.6072
-6.31 3.0667 -0.5520
-6.15 3.0666 -0.5520
-6.00 3.0667 -0.5520
-5.89 2.1467 -0.3864
-5.77 2.4533 -0.4416
-5.66 2.1467 -0.3864
-5.57 1.8400 -0.3312
-5.49 1.5333 -0.2760
-5.42 1.5333 -0.2760
-5.34 1.5333 -0.2760
-5.29 0.9200 -0.1656
-5.22 1.5333 -0.2760
-5.17 0.9200 -0.1656
-5.11 1.2267 -0.2208
-5.06 0.9200 -0.1656
-5.00 1.2267 -0.2208
-4.97 0.6133 -0.1104
-4.91 1.2267 -0.2208
-4.86 0.9200 -0.1656
-4.80 1.2267 -0.2208
-4.77 0.6133 -0.1104
-4.71 1.2267 -0.2208
-4.66 0.9200 -0.1656
-4.60 1.2267 -0.2208
-4.56 0.9200 -0.1656
-4.50 1.2267 -0.2208
-4.43 1.2267 -0.2208
-4.36 1.5333 -0.2760
-4.30 1.2267 -0.2208
-4.22 1.5333 -0.2760
-4.14 1.5333 -0.2760
-4.07 1.5333 -0.2760
-3.99 1.5333 -0.2760
-3.90 1.8400 -0.3312
-3.79 2.1466 -0.3864
-3.68 2.1467 -0.3864
-3.55 2.7600 -0.4968
-3.42 2.4533 -0.4416
-3.27 3.0667 -0.5520
-3.12 3.0666 -0.5520
-2.96 3.0667 -0.5520
-2.86 2.1466 -0.3864
-2.73 2.4533 -0.4416
-2.63 2.1467 -0.3864
-2.53 1.8400 -0.3312
-2.46 1.5333 -0.2760
-2.35 2.1467 -0.3864
-2.26 1.8400 -0.3312
-2.15 2.1467 -0.3864
-2.04 2.1467 -0.3864
-1.95 1.8400 -0.3312
-1.87 1.5333 -0.2760
-1.78 1.8400 -0.3312
-1.72 1.2267 -0.2208
-1.66 1.2267 -0.2208
-1.60 1.2267 -0.2208
-1.54 1.2267 -0.2208
-1.48 1.2267 -0.2208
-1.40 1.5333 -0.2760
-1.34 1.2267 -0.2208
-1.28 1.2267 -0.2208
-1.20 1.5333 -0.2760
-1.14 1.2267 -0.2208
-1.08 1.2267 -0.2208
-0.98 1.8400 -0.3312
-0.89 1.8400 -0.3312
-0.82 1.5333 -0.2760
-0.71 2.1467 -0.3864
-0.59 2.4533 -0.4416
-0.45 2.7600 -0.4968
-0.31 2.7600 -0.4968
-0.14 3.3733 -0.6072
0.04 3.6800 -0.6624
0.23 3.6800 -0.6624
0.38 3.0666 -0.5520
0.56 3.6800 -0.6624
0.73 3.3733 -0.6072
0.89 3.0667 -0.5520
1.04 3.0666 -0.5520
1.21 3.3733 -0.6072
1.36 3.0667 -0.5520
1.50 2.7600 -0.4968
1.65 3.0667 -0.5520
1.81 3.0666 -0.5520
1.94 2.7600 -0.4968
2.10 3.0667 -0.5520
2.27 3.3733 -0.6072
2.42 3.0667 -0.5520
2.59 3.3733 -0.6072
2.77 3.6800 -0.6624
2.96 3.6800 -0.6624
3.14 3.6800 -0.6624
3.32 3.6800 -0.6624
3.51 3.6800 -0.6624
3.66 3.0667 -0.5520
3.81 3.0666 -0.5520
3.95 2.7600 -0.4968
4.09 2.7600 -0.4968
4.20 2.1467 -0.3864
4.32 2.4533 -0.4416
4.43 2.1467 -0.3864
4.54 2.1466 -0.3864
4.63 1.8400 -0.3312
4.73 2.1467 -0.3864
4.83 1.8400 -0.3312
4.90 1.5333 -0.2760
4.98 1.5333 -0.2760
5.06 1.5333 -0.2760
5.15 1.8400 -0.3312
5.21 1.2267 -0.2208
5.29 1.5333 -0.2760
5.35 1.2267 -0.2208
5.42 1.5333 -0.2760
5.50 1.5333 -0.2760
5.56 1.2267 -0.2208
5.64 1.5333 -0.2760
5.72 1.5333 -0.2760
5.79 1.5333 -0.2760
5.87 1.5333 -0.2760
5.96 1.8400 -0.3312
6.04 1.5333 -0.2760
6.13 1.8400 -0.3312
6.19 1.2267 -0.2208
6.19 0.0000 0.0000
6.25 1.2267 -0.2208
6.31 1.2267 -0.2208
6.39 1.5333 -0.2760
6.48 1.8400 -0.3312
6.54 1.2267 -0.2208
6.62 1.5333 -0.2760
6.67 0.9200 -0.1656
6.73 1.2267 -0.2208
6.79 1.2267 -0.2208
6.84 0.9200 -0.1656
6.88 0.9200 -0.1656
6.91 0.6133 -0.1104
6.94 0.6133 -0.1104
6.97 0.6133 -0.1104
6.99 0.3067 -0.0552
7.02 0.6133 -0.1104
7.02 0.0000 0.0000
7.03 0.3067 -0.0552
7.03 0.0000 0.0000
7.05 0.3067 -0.0552
7.07 0.3067 -0.0552
7.08 0.3067 -0.0552
7.10 0.3067 -0.0552
7.10 0.0000 0.0000
7.11 0.3067 -0.0552
7.11 0.0000 0.0000
7.11 0.0000 0.0000
7.13 0.3067 -0.0552
7.14 0.3067 -0.0552
7.17 0.6133 -0.1104
7.17 0.0000 0.0000
7.19 0.3067 -0.0552
7.20 0.3067 -0.0552
7.22 0.3067 -0.0552
7.25 0.6133 -0.1104
7.26 0.3067 -0.0552
7.28 0.3067 -0.0552
7.30 0.3067 -0.0552
7.31 0.3067 -0.0552
7.33 0.3067 -0.0552
7.36 0.6133 -0.1104
7.37 0.3067 -0.0552
7.40 0.6133 -0.1104
7.43 0.6133 -0.1104
7.46 0.6133 -0.1104
7.51 0.9200 -0.1656
7.56 0.9200 -0.1656
7.60 0.9200 -0.1656
7.66 1.2267 -0.2208
7.72 1.2267 -0.2208
7.80 1.5333 -0.2760
7.89 1.8400 -0.3312
7.98 1.8400 -0.3312
8.11 2.4533 -0.4416
8.25 2.7600 -0.4968
8.38 2.7600 -0.4968
8.54 3.0666 -0.5520
8.71 3.3733 -0.6072
8.89 3.6800 -0.6624
9.06 3.3733 -0.6072
9.24 3.6800 -0.6624
9.41 3.3733 -0.6072
9.56 3.0666 -0.5520
9.72 3.0667 -0.5520
9.87 3.0667 -0.5520
10.01 2.7600 -0.4968
10.16 3.0667 -0.5520
10.30 2.7600 -0.4968
10.45 3.0667 -0.5520
10.61 3.0666 -0.5520
10.76 3.0666 -0.5520
10.93 3.3733 -0.6072
11.08 3.0667 -0.5520
11.24 3.0667 -0.5520
11.39 3.0666 -0.5520
11.53 2.7600 -0.4968
11.66 2.7600 -0.4968
11.80 2.7600 -0.4968
11.91 2.1467 -0.3864
12.03 2.4533 -0.4416
12.12 1.8400 -0.3312
12.22 1.8400 -0.3312
12.29 1.5333 -0.2760
12.35 1.2267 -0.2208
12.42 1.2267 -0.2208
12.48 1.2267 -0.2208
12.52 0.9200 -0.1656
12.58 1.2267 -0.2208
12.63 0.9200 -0.1656
12.68 0.9200 -0.1656
12.74 1.2267 -0.2208
12.78 0.9200 -0.1656
12.86 1.5333 -0.2760
12.92 1.2266 -0.2208
13.01 1.8400 -0.3312
13.11 1.8400 -0.3312
13.20 1.8400 -0.3312
13.32 2.4533 -0.4416
13.46 2.7600 -0.4968
13.61 3.0666 -0.5520
13.77 3.0666 -0.5520
13.93 3.3733 -0.6072
14.12 3.6800 -0.6624
14.32 3.9867 -0.7176
14.50 3.6799 -0.6624
14.70 3.9867 -0.7176
14.88 3.6800 -0.6624
15.05 3.3733 -0.6072
15.22 3.3733 -0.6072
15.39 3.3733 -0.6072
15.51 2.4533 -0.4416
15.65 2.7600 -0.4968
15.74 1.8400 -0.3312
15.85 2.1466 -0.3864
15.94 1.8400 -0.3312
16.03 1.8400 -0.3312
16.13 1.8400 -0.3312
16.22 1.8400 -0.3312
16.30 1.5334 -0.2760
16.37 1.5333 -0.2760
16.45 1.5333 -0.2760
16.51 1.2267 -0.2208
16.57 1.2267 -0.2208
16.63 1.2267 -0.2208
16.68 0.9200 -0.1656
16.72 0.9200 -0.1656
16.77 0.9200 -0.1656
16.82 0.9200 -0.1656
16.85 0.6134 -0.1104
16.88 0.6133 -0.1104
16.91 0.6133 -0.1104
16.95 0.9200 -0.1656
16.99 0.6133 -0.1104
17.02 0.6133 -0.1104
17.05 0.6133 -0.1104
17.08 0.6134 -0.1104
17.11 0.6133 -0.1104
17.12 0.3067 -0.0552
17.17 0.9200 -0.1656
17.20 0.6134 -0.1104
17.23 0.6133 -0.1104
17.28 0.9200 -0.1656
17.31 0.6133 -0.1104
17.35 0.9200 -0.1656
17.40 0.9200 -0.1656
17.45 0.9200 -0.1656
17.49 0.9201 -0.1656
17.55 1.2266 -0.2208
17.61 1.2267 -0.2208
17.68 1.2266 -0.2208
17.75 1.5334 -0.2760
17.83 1.5333 -0.2760
17.92 1.8400 -0.3312
18.01 1.8400 -0.3312
18.10 1.8400 -0.3312
18.20 1.8399 -0.3312
18.30 2.1467 -0.3864
18.40 1.8400 -0.3312
18.50 2.1467 -0.3864
18.60 1.8400 -0.3312
18.69 1.8400 -0.3312
18.78 1.8400 -0.3312
18.87 1.8399 -0.3312
18.96 1.8401 -0.3312
19.04 1.5333 -0.2760
19.12 1.5333 -0.2760
19.19 1.5334 -0.2760
19.27 1.5333 -0.2760
19.33 1.2267 -0.2208
19.39 1.2267 -0.2208
19.45 1.2267 -0.2208
19.50 0.9200 -0.1656
19.55 0.9200 -0.1656
19.58 0.6133 -0.1104
19.62 0.9200 -0.1656
19.65 0.6133 -0.1104
19.68 0.6134 -0.1104
19.71 0.6133 -0.1104
19.75 0.6134 -0.1104
19.78 0.6133 -0.1104
19.81 0.6134 -0.1104
19.85 0.9200 -0.1656
19.88 0.6133 -0.1104
19.91 0.6133 -0.1104
19.94 0.6133 -0.1104
19.99 0.9200 -0.1656
20.04 0.9200 -0.1656
20.08 0.9200 -0.1656
20.13 0.9200 -0.1656
20.19 1.2267 -0.2208
20.25 1.2267 -0.2208
20.27 0.3067 -0.0552
20.34 1.5332 -0.2760
20.40 1.2267 -0.2208
20.50 1.8400 -0.3312
20.59 1.8400 -0.3312
20.68 1.8400 -0.3312
20.77 1.8400 -0.3312
20.86 1.8400 -0.3312
20.96 1.8400 -0.3312
21.05 1.8400 -0.3312
21.14 1.8400 -0.3312
21.23 1.8400 -0.3312
21.32 1.8400 -0.3312
21.42 1.8400 -0.3312
21.51 1.8400 -0.3312
21.60 1.8400 -0.3312
21.69 1.8400 -0.3312
21.78 1.8400 -0.3312
21.89 2.1467 -0.3864
22.00 2.1466 -0.3864
22.12 2.4533 -0.4416
22.23 2.1467 -0.3864
22.35 2.4533 -0.4416
22.47 2.4533 -0.4416
22.60 2.4533 -0.4416
22.70 2.1466 -0.3864
22.83 2.4533 -0.4416
22.93 2.1466 -0.3864
23.06 2.4534 -0.4416
23.15 1.8399 -0.3312
23.24 1.8400 -0.3312
23.32 1.5333 -0.2760
23.39 1.5334 -0.2760
23.44 0.9200 -0.1656
23.50 1.2267 -0.2208
23.55 0.9200 -0.1656
23.61 1.2267 -0.2208
23.66 0.9200 -0.1656
23.70 0.9200 -0.1656
23.76 1.2266 -0.2208
23.81 0.9201 -0.1656
23.85 0.9200 -0.1656
23.93 1.5332 -0.2760
23.99 1.2267 -0.2208
24.05 1.2267 -0.2208
24.15 1.8400 -0.3312
24.24 1.8400 -0.3312
24.35 2.1466 -0.3864
24.47 2.4533 -0.4416
24.62 3.0666 -0.5520
24.81 3.6800 -0.6624
25.04 4.6000 -0.8280
25.30 5.2133 -0.9384
25.54 4.9067 -0.8832
25.76 4.2933 -0.7728
25.97 4.2933 -0.7728
26.14 3.3733 -0.6072
26.31 3.3734 -0.6072
26.49 3.6800 -0.6624
26.65 3.0667 -0.5520
26.78 2.7600 -0.4968
26.94 3.0666 -0.5520
27.09 3.0667 -0.5520
27.24 3.0666 -0.5520
27.41 3.3733 -0.6072
27.63 4.2933 -0.7728
27.86 4.6000 -0.8280
28.12 5.2134 -0.9384
28.39 5.5200 -0.9936
28.67 5.5199 -0.9936
28.88 4.2933 -0.7728
29.10 4.2933 -0.7728
29.28 3.6800 -0.6624
29.47 3.6800 -0.6624
29.65 3.6800 -0.6624
29.85 3.9867 -0.7176
30.03 3.6800 -0.6624
30.25 4.2932 -0.7728
30.46 4.2933 -0.7728
30.69 4.6000 -0.8280
30.92 4.6000 -0.8280
31.17 4.9067 -0.8832
31.40 4.6000 -0.8280
31.61 4.2933 -0.7728
31.81 3.9867 -0.7176
32.00 3.6799 -0.6624
32.18 3.6800 -0.6624
32.33 3.0667 -0.5520
32.49 3.0666 -0.5520
32.63 2.7600 -0.4968
32.75 2.4532 -0.4416
32.87 2.4535 -0.4416
32.96 1.8399 -0.3312
33.07 2.1467 -0.3864
33.16 1.8400 -0.3312
33.25 1.8400 -0.3312
33.33 1.5334 -0.2760
33.41 1.5333 -0.2760
33.48 1.5334 -0.2760
33.55 1.2267 -0.2208
33.61 1.2267 -0.2208
33.67 1.2267 -0.2208
33.73 1.2267 -0.2208
33.81 1.5334 -0.2760
33.87 1.2267 -0.2208
33.94 1.5333 -0.2760
34.02 1.5334 -0.2760
34.10 1.5333 -0.2760
34.16 1.2267 -0.2208
34.22 1.2267 -0.2208
34.28 1.2267 -0.2208
34.34 1.2267 -0.2208
34.40 1.2266 -0.2208
34.43 0.6134 -0.1104
34.48 0.9200 -0.1656
34.51 0.6133 -0.1104
34.56 0.9200 -0.1656
34.59 0.6133 -0.1104
34.63 0.9200 -0.1656
34.66 0.6133 -0.1104
34.70 0.6134 -0.1104
34.71 0.3067 -0.0552
34.73 0.3067 -0.0552
34.74 0.3066 -0.0552
34.76 0.3067 -0.0552
34.77 0.3066 -0.0552
34.79 0.3066 -0.0552
34.79 0.0000 0.0000
34.80 0.3068 -0.0552
34.80 0.0000 0.0000
34.80 0.0000 0.0000
34.82 0.3065 -0.0552
34.83 0.3067 -0.0552
34.85 0.3067 -0.0552
34.86 0.3066 -0.0552
34.88 0.3067 -0.0552
34.88 0.0000 0.0000
34.88 0.0000 0.0000
34.88 0.0000 0.0000
34.88 0.0000 0.0000
34.89 0.3066 -0.0552
34.91 0.3066 -0.0552
34.93 0.3067 -0.0552
34.93 0.0000 0.0000
34.94 0.3067 -0.0552
34.94 0.0000 0.0000
34.94 0.0000 0.0000
34.94 0.0000 0.0000
34.96 0.3066 -0.0552
34.97 0.3067 -0.0552
34.99 0.3066 -0.0552
35.00 0.3066 -0.0552
35.02 0.3068 -0.0552
35.03 0.3065 -0.0552
35.03 0.0000 0.0000
35.03 0.0000 0.0000
35.02 -0.3065 0.0552
35.03 0.3065 -0.0552
35.05 0.3068 -0.0552
35.08 0.6133 -0.1104
35.09 0.3067 -0.0552
35.11 0.3066 -0.0552
35.12 0.3066 -0.0552
35.11 -0.3066 0.0552
35.11 0.0000 0.0000
35.09 -0.3066 0.0552
35.11 0.3066 -0.0552
35.11 0.0000 0.0000
35.12 0.3066 -0.0552
35.14 0.3067 -0.0552
35.14 0.0000 0.0000
35.12 -0.3067 0.0552
35.12 0.0000 0.0000
35.12 0.0000 0.0000
35.14 0.3067 -0.0552
35.14 0.0000 0.0000
35.14 0.0000 0.0000
35.14 0.0000 0.0000
35.14 0.0000 0.0000
35.14 0.0000 0.0000
35.14 0.0000 0.0000
35.14 0.0000 0.0000
35.14 0.0000 0.0000
35.16 0.3067 -0.0552
35.14 -0.3067 0.0552
35.16 0.3067 -0.0552
35.16 0.0000 0.0000
35.17 0.3065 -0.0552
35.16 -0.3065 0.0552
35.19 0.6133 -0.1104
35.17 -0.3068 0.0552
35.20 0.6134 -0.1104
35.20 0.0000 0.0000
35.22 0.3067 -0.0552
35.23 0.3067 -0.0552
35.25 0.3066 -0.0552
35.25 0.0000 0.0000
35.26 0.3067 -0.0552
35.26 0.0000 0.0000
35.26 0.0000 0.0000
35.26 0.0000 0.0000
35.26 0.0000 0.0000
35.28 0.3066 -0.0552
35.29 0.3067 -0.0552
35.32 0.6133 -0.1104
35.34 0.3065 -0.0552
35.34 0.0000 0.0000
35.35 0.3068 -0.0552
35.34 -0.3068 0.0552
35.35 0.3068 -0.0552
35.34 -0.3068 0.0552
35.37 0.6134 -0.1104
35.37 0.0000 0.0000
35.40 0.6133 -0.1104
35.42 0.3066 -0.0552
35.45 0.6134 -0.1104
35.45 0.0000 0.0000
35.46 0.3066 -0.0552
35.46 0.0000 0.0000
35.48 0.3067 -0.0552
35.48 0.0000 0.0000
35.49 0.3066 -0.0552
35.49 0.0000 0.0000
35.51 0.3067 -0.0552
35.52 0.3067 -0.0552
35.54 0.3066 -0.0552
35.55 0.3067 -0.0552
35.57 0.3066 -0.0552
35.57 0.0000 0.0000
35.58 0.3066 -0.0552
35.58 0.0000 0.0000
35.62 0.6133 -0.1104
35.65 0.6133 -0.1104
35.68 0.6134 -0.1104
35.72 0.9200 -0.1656
35.78 1.2266 -0.2208
35.83 0.9200 -0.1656
35.89 1.2267 -0.2208
35.95 1.2267 -0.2208
36.03 1.5333 -0.2760
36.12 1.8401 -0.3312
36.20 1.5334 -0.2760
36.31 2.1465 -0.3864
36.41 2.1468 -0.3864
36.54 2.4533 -0.4416
36.67 2.7600 -0.4968
36.80 2.4533 -0.4416
36.92 2.4533 -0.4416
37.04 2.4533 -0.4416
37.16 2.4534 -0.4416
37.27 2.1465 -0.3864
37.36 1.8401 -0.3312
37.46 1.8401 -0.3312
37.53 1.5333 -0.2760
37.59 1.2267 -0.2208
37.65 1.2267 -0.2208
37.72 1.2266 -0.2208
37.76 0.9200 -0.1656
37.81 0.9200 -0.1656
37.87 1.2267 -0.2208
37.92 0.9200 -0.1656
37.95 0.6133 -0.1104
37.98 0.6133 -0.1104
37.99 0.3067 -0.0552
38.01 0.3066 -0.0552
38.01 0.0000 0.0000
38.01 0.0000 0.0000
38.01 0.0000 0.0000
38.02 0.3066 -0.0552
38.05 0.6134 -0.1104
38.07 0.3065 -0.0552
38.08 0.3067 -0.0552
38.08 0.0000 0.0000
38.08 0.0000 0.0000
38.10 0.3067 -0.0552
38.10 0.0000 0.0000
38.10 0.0000 0.0000
38.10 0.0000 0.0000
38.10 0.0000 0.0000
38.11 0.3067 -0.0552
38.11 0.0000 0.0000
38.11 0.0000 0.0000
38.11 0.0000 0.0000
38.11 0.0000 0.0000
38.11 0.0000 0.0000
38.11 0.0000 0.0000
38.13 0.3067 -0.0552
38.13 0.0000 0.0000
38.11 -0.3067 0.0552
38.11 0.0000 0.0000
38.11 0.0000 0.0000
38.13 0.3067 -0.0552
38.15 0.3066 -0.0552
38.15 0.0000 0.0000
38.15 0.0000 0.0000
38.15 0.0000 0.0000
38.15 0.0000 0.0000
38.16 0.3067 -0.0552
38.18 0.3066 -0.0552
38.18 0.0000 0.0000
38.18 0.0000 0.0000
38.19 0.3067 -0.0552
38.19 0.0000 0.0000
38.21 0.3067 -0.0552
38.22 0.3066 -0.0552
38.24 0.3065 -0.0552
38.24 0.0000 0.0000
38.25 0.3068 -0.0552
38.27 0.3066 -0.0552
38.28 0.3067 -0.0552
38.31 0.6133 -0.1104
38.34 0.6134 -0.1104
38.38 0.6133 -0.1104
38.41 0.6133 -0.1104
38.44 0.6133 -0.1104
38.48 0.9200 -0.1656
38.51 0.6133 -0.1104
38.56 0.9200 -0.1656
38.59 0.6134 -0.1104
38.65 1.2266 -0.2208
38.70 0.9200 -0.1656
38.74 0.9200 -0.1656
38.79 0.9200 -0.1656
38.85 1.2267 -0.2208
38.88 0.6133 -0.1104
38.93 0.9200 -0.1656
38.96 0.6134 -0.1104
38.99 0.6133 -0.1104
39.02 0.6133 -0.1104
39.03 0.3066 -0.0552
39.07 0.6134 -0.1104
39.08 0.3067 -0.0552
39.11 0.6133 -0.1104
39.14 0.6133 -0.1104
39.17 0.6134 -0.1104
39.22 0.9200 -0.1656
39.26 0.9200 -0.1656
39.31 0.9200 -0.1656
39.34 0.6133 -0.1104
39.39 0.9200 -0.1656
39.42 0.6133 -0.1104
39.46 0.9200 -0.1656
39.49 0.6133 -0.1104
39.53 0.6134 -0.1104
39.56 0.6134 -0.1104
39.59 0.6133 -0.1104
39.62 0.6133 -0.1104
39.66 0.9200 -0.1656
39.69 0.6133 -0.1104
39.74 0.9200 -0.1656
39.79 0.9200 -0.1656
39.85 1.2267 -0.2208
39.91 1.2267 -0.2208
39.97 1.2267 -0.2208
40.03 1.2267 -0.2208
40.09 1.2267 -0.2208
40.15 1.2267 -0.2208
40.22 1.2267 -0.2208
40.28 1.2267 -0.2208
40.35 1.5334 -0.2760
40.43 1.5333 -0.2760
40.49 1.2267 -0.2208
40.57 1.5334 -0.2760
40.63 1.2267 -0.2208
40.68 0.9200 -0.1656
40.74 1.2267 -0.2208
40.78 0.9200 -0.1656
40.83 0.9200 -0.1656
40.86 0.6133 -0.1104
40.89 0.6133 -0.1104
40.91 0.3068 -0.0552
40.91 0.0000 0.0000
40.91 0.0000 0.0000
40.92 0.3066 -0.0552
40.95 0.6133 -0.1104
40.98 0.6133 -0.1104
41.03 0.9201 -0.1656
41.07 0.9200 -0.1656
41.10 0.6133 -0.1104
41.14 0.6133 -0.1104
41.18 0.9200 -0.1656
41.21 0.6133 -0.1104
41.26 0.9200 -0.1656
41.32 1.2267 -0.2208
41.37 0.9199 -0.1656
41.44 1.5334 -0.2760
41.50 1.2267 -0.2208
41.58 1.5334 -0.2760
41.66 1.5334 -0.2760
41.73 1.5333 -0.2760
41.81 1.5333 -0.2760
41.89 1.5334 -0.2760
41.98 1.8401 -0.3312
42.07 1.8399 -0.3312
42.15 1.5334 -0.2760
42.24 1.8400 -0.3312
42.33 1.8400 -0.3312
42.41 1.5334 -0.2760
42.50 1.8401 -0.3312
42.58 1.5334 -0.2760
42.65 1.5332 -0.2760
42.73 1.5333 -0.2760
42.79 1.2267 -0.2208
42.85 1.2267 -0.2208
42.91 1.2267 -0.2208
42.96 0.9200 -0.1656
43.02 1.2267 -0.2208
43.05 0.6133 -0.1104
43.10 0.9200 -0.1656
43.13 0.6134 -0.1104
43.14 0.3065 -0.0552
43.16 0.3066 -0.0552
43.17 0.3067 -0.0552
43.17 0.0000 0.0000
43.17 0.0000 0.0000
43.17 0.0000 0.0000
43.17 0.0000 0.0000
43.19 0.3067 -0.0552
43.21 0.3066 -0.0552
43.21 0.0000 0.0000
43.21 0.0000 0.0000
43.19 -0.3066 0.0552
43.19 0.0000 0.0000
43.19 0.0000 0.0000
43.19 0.0000 0.0000
43.19 0.0000 0.0000
43.19 0.0000 0.0000
43.17 -0.3067 0.0552
43.17 0.0000 0.0000
43.17 0.0000 0.0000
43.17 0.0000 0.0000
43.16 -0.3067 0.0552
43.16 0.0000 0.0000
43.16 0.0000 0.0000
43.14 -0.3066 0.0552
43.14 0.0000 0.0000
43.14 0.0000 0.0000
43.14 0.0000 0.0000
43.14 0.0000 0.0000
43.14 0.0000 0.0000
43.13 -0.3065 0.0552
43.13 0.0000 0.0000
43.13 0.0000 0.0000
43.13 0.0000 0.0000
43.13 0.0000 0.0000
43.13 0.0000 0.0000
43.13 0.0000 0.0000
43.11 -0.3069 0.0552
43.10 -0.3065 0.0552
43.10 0.0000 0.0000
43.10 0.0000 0.0000
43.10 0.0000 0.0000
43.10 0.0000 0.0000
43.07 -0.6133 0.1104
43.05 -0.3067 0.0552
43.02 -0.6133 0.1104
42.99 -0.6134 0.1104
42.98 -0.3066 0.0552
42.96 -0.3067 0.0552
42.94 -0.3067 0.0552
42.94 0.0000 0.0000
42.93 -0.3066 0.0552
42.91 -0.3066 0.0552
42.90 -0.3068 0.0552
42.88 -0.3066 0.0552
42.85 -0.6133 0.1104
42.82 -0.6134 0.1104
42.81 -0.3065 0.0552
42.78 -0.6134 0.1104
42.75 -0.6132 0.1104
42.71 -0.6134 0.1104
42.68 -0.6133 0.1104
42.64 -0.9200 0.1656
42.59 -0.9200 0.1656
42.55 -0.9200 0.1656
42.48 -1.2267 0.2208
42.41 -1.5334 0.2760
42.33 -1.5334 0.2760
42.25 -1.5333 0.2760
42.18 -1.5334 0.2760
42.10 -1.5334 0.2760
41.99 -2.1465 0.3864
41.90 -1.8401 0.3312
41.79 -2.1466 0.3864
41.69 -2.1467 0.3864
41.58 -2.1466 0.3864
41.46 -2.4533 0.4416
41.33 -2.4534 0.4416
41.20 -2.7599 0.4968
41.04 -3.0666 0.5520
40.91 -2.7600 0.4968
40.74 -3.3733 0.6072
40.57 -3.3733 0.6072
40.38 -3.6800 0.6624
40.22 -3.3733 0.6072
40.02 -3.9867 0.7176
39.85 -3.3733 0.6072
39.68 -3.3733 0.6072
39.53 -3.0667 0.5520
39.37 -3.0667 0.5520
39.25 -2.4532 0.4416
39.10 -3.0666 0.5520
38.97 -2.4534 0.4416
38.87 -2.1467 0.3864
38.76 -2.1466 0.3864
38.65 -2.1467 0.3864
38.54 -2.1467 0.3864
38.44 -2.1467 0.3864
38.33 -2.1466 0.3864
38.24 -1.8401 0.3312
38.15 -1.8399 0.3312
38.07 -1.5334 0.2760
37.99 -1.5332 0.2760
37.90 -1.8401 0.3312
37.84 -1.2266 0.2208
37.76 -1.5334 0.2760
37.70 -1.2266 0.2208
37.64 -1.2267 0.2208
37.59 -0.9200 0.1656
37.55 -0.9200 0.1656
37.50 -0.9200 0.1656
37.47 -0.6133 0.1104
37.42 -0.9200 0.1656
37.39 -0.6133 0.1104
37.35 -0.9200 0.1656
37.32 -0.6133 0.1104
37.27 -0.9201 0.1656
37.24 -0.6132 0.1104
37.19 -0.9200 0.1656
37.15 -0.9200 0.1656
37.10 -0.9201 0.1656
37.06 -0.9200 0.1656
37.01 -0.9200 0.1656
36.96 -0.9200 0.1656
36.90 -1.2266 0.2208
36.84 -1.2267 0.2208
36.80 -0.9200 0.1656
36.75 -0.9200 0.1656
36.69 -1.2266 0.2208
36.64 -0.9200 0.1656
36.60 -0.9201 0.1656
36.55 -0.9200 0.1656
36.50 -0.9200 0.1656
36.44 -1.2267 0.2208
36.40 -0.9200 0.1656
36.35 -0.9200 0.1656
36.29 -1.2267 0.2208
36.24 -0.9200 0.1656
36.18 -1.2267 0.2208
36.12 -1.2267 0.2208
36.06 -1.2267 0.2208
35.98 -1.5334 0.2760
35.91 -1.5333 0.2760
35.83 -1.5334 0.2760
35.75 -1.5334 0.2760
35.66 -1.8400 0.3312
35.55 -2.1466 0.3864
35.43 -2.4534 0.4416
35.32 -2.1466 0.3864
35.20 -2.4534 0.4416
35.08 -2.4533 0.4416
34.97 -2.1466 0.3864
34.85 -2.4533 0.4416
34.74 -2.1467 0.3864
34.63 -2.1467 0.3864
34.54 -1.8400 0.3312
34.45 -1.8401 0.3312
34.36 -1.8399 0.3312
34.28 -1.5334 0.2760
34.20 -1.5334 0.2760
34.13 -1.5332 0.2760
34.05 -1.5333 0.2760
33.97 -1.5334 0.2760
33.91 -1.2267 0.2208
33.84 -1.5333 0.2760
33.78 -1.2267 0.2208
33.71 -1.2267 0.2208
33.67 -0.9200 0.1656
33.61 -1.2267 0.2208
33.55 -1.2267 0.2208
33.48 -1.2267 0.2208
33.42 -1.2267 0.2208
33.36 -1.2267 0.2208
33.30 -1.2267 0.2208
33.22 -1.5334 0.2760
33.15 -1.5334 0.2760
33.09 -1.2266 0.2208
33.01 -1.5334 0.2760
32.95 -1.2266 0.2208
32.89 -1.2267 0.2208
32.82 -1.2267 0.2208
32.78 -0.9200 0.1656
32.73 -0.9200 0.1656
32.70 -0.6133 0.1104
32.67 -0.6133 0.1104
32.64 -0.6133 0.1104
32.63 -0.3067 0.0552
32.59 -0.6133 0.1104
32.58 -0.3067 0.0552
32.56 -0.3066 0.0552
32.55 -0.3067 0.0552
32.53 -0.3066 0.0552
32.52 -0.3067 0.0552
32.50 -0.3066 0.0552
32.47 -0.6134 0.1104
32.46 -0.3066 0.0552
32.41 -0.9200 0.1656
32.38 -0.6133 0.1104
32.35 -0.6133 0.1104
32.32 -0.6134 0.1104
32.29 -0.6133 0.1104
32.26 -0.6133 0.1104
32.23 -0.6133 0.1104
32.20 -0.6133 0.1104
32.18 -0.3067 0.0552
32.15 -0.6133 0.1104
32.13 -0.3067 0.0552
32.10 -0.6133 0.1104
32.09 -0.3067 0.0552
32.06 -0.6133 0.1104
32.03 -0.6133 0.1104
32.01 -0.3066 0.0552
31.98 -0.6133 0.1104
31.95 -0.6134 0.1104
31.94 -0.3067 0.0552
31.90 -0.6133 0.1104
31.87 -0.6134 0.1104
31.84 -0.6133 0.1104
31.81 -0.6133 0.1104
31.77 -0.9200 0.1656
31.74 -0.6133 0.1104
31.69 -0.9200 0.1656
31.64 -0.9200 0.1656
31.60 -0.9200 0.1656
31.55 -0.9200 0.1656
31.51 -0.9200 0.1656
31.46 -0.9199 0.1656
31.41 -0.9200 0.1656
31.35 -1.2267 0.2208
31.31 -0.9200 0.1656
31.25 -1.2266 0.2208
31.18 -1.2267 0.2208
31.12 -1.2267 0.2208
31.06 -1.2267 0.2208
31.00 -1.2266 0.2208
30.94 -1.2267 0.2208
30.88 -1.2267 0.2208
30.80 -1.5334 0.2760
30.72 -1.5333 0.2760
30.63 -1.8400 0.3312
30.54 -1.8400 0.3312
30.45 -1.8400 0.3312
30.34 -2.1467 0.3864
30.20 -2.7600 0.4968
30.05 -3.0666 0.5520
29.87 -3.6801 0.6624
29.62 -4.9067 0.8832
29.31 -6.1333 1.1040
28.85 -9.2000 1.6560
28.29 -11.3466 2.0424
27.66 -12.5733 2.2632
27.27 -7.6667 1.3800
27.04 -4.5999 0.8280
26.88 -3.3733 0.6072
26.66 -4.2934 0.7728
26.46 -3.9866 0.7176
26.09 -7.3600 1.3248
25.62 -9.5066 1.7112
25.02 -11.9599 2.1528
24.56 -9.2000 1.6560
24.28 -5.5200 0.9936
24.16 -2.4533 0.4416
24.02 -2.7599 0.4968
23.93 -1.8401 0.3312
23.76 -3.3733 0.6072
23.52 -4.9066 0.8832
23.18 -6.7466 1.2144
22.80 -7.6666 1.3800
22.43 -7.3600 1.3248
22.14 -5.8267 1.0488
21.89 -4.9066 0.8832
21.69 -3.9867 0.7176
21.52 -3.3733 0.6072
21.37 -3.0666 0.5520
21.23 -2.7600 0.4968
21.09 -2.7600 0.4968
20.97 -2.4533 0.4416
20.83 -2.7600 0.4968
20.71 -2.4533 0.4416
20.59 -2.4533 0.4416
20.47 -2.4533 0.4416
20.36 -2.1466 0.3864
20.27 -1.8399 0.3312
20.27 0.0000 0.0000
20.19 -1.5334 0.2760
20.11 -1.5334 0.2760
20.02 -1.8400 0.3312
19.93 -1.8399 0.3312
19.84 -1.8401 0.3312
19.76 -1.5333 0.2760
19.67 -1.8400 0.3312
19.58 -1.8400 0.3312
19.48 -1.8400 0.3312
19.38 -2.1466 0.3864
19.29 -1.8400 0.3312
19.18 -2.1466 0.3864
19.07 -2.1466 0.3864
18.98 -1.8400 0.3312
18.87 -2.1467 0.3864
18.79 -1.5333 0.2760
18.70 -1.8400 0.3312
18.61 -1.8400 0.3312
18.53 -1.5334 0.2760
18.47 -1.2266 0.2208
18.40 -1.5334 0.2760
18.32 -1.5333 0.2760
18.26 -1.2267 0.2208
18.20 -1.2267 0.2208
18.14 -1.2267 0.2208
18.07 -1.2267 0.2208
18.01 -1.2267 0.2208
17.97 -0.9200 0.1656
17.92 -0.9200 0.1656
17.87 -0.9200 0.1656
17.83 -0.9200 0.1656
17.78 -0.9200 0.1656
17.74 -0.9200 0.1656
17.71 -0.6134 0.1104
17.66 -0.9200 0.1656
17.61 -0.9200 0.1656
17.58 -0.6133 0.1104
17.54 -0.9200 0.1656
17.51 -0.6133 0.1104
17.46 -0.9200 0.1656
17.43 -0.6133 0.1104
17.38 -0.9200 0.1656
17.35 -0.6133 0.1104
17.31 -0.9200 0.1656
17.26 -0.9200 0.1656
17.22 -0.9201 0.1656
17.17 -0.9200 0.1656
17.11 -1.2267 0.2208
17.05 -1.2267 0.2208
16.99 -1.2267 0.2208
16.92 -1.2266 0.2208
16.86 -1.2267 0.2208
16.80 -1.2267 0.2208
16.72 -1.5334 0.2760
16.65 -1.5333 0.2760
16.59 -1.2267 0.2208
16.51 -1.5333 0.2760
16.45 -1.2267 0.2208
16.39 -1.2267 0.2208
16.31 -1.5333 0.2760
16.25 -1.2267 0.2208
16.19 -1.2267 0.2208
16.13 -1.2266 0.2208
16.07 -1.2267 0.2208
16.00 -1.2267 0.2208
15.93 -1.5333 0.2760
15.85 -1.5334 0.2760
15.79 -1.2267 0.2208
15.71 -1.5333 0.2760
15.64 -1.5333 0.2760
15.57 -1.2267 0.2208
15.50 -1.5333 0.2760
15.41 -1.8400 0.3312
15.34 -1.2267 0.2208
15.27 -1.5333 0.2760
15.21 -1.2267 0.2208
15.15 -1.2267 0.2208
15.10 -0.9200 0.1656
15.04 -1.2267 0.2208
15.01 -0.6134 0.1104
14.96 -0.9200 0.1656
14.93 -0.6133 0.1104
14.88 -0.9200 0.1656
14.87 -0.3067 0.0552
14.84 -0.6133 0.1104
14.81 -0.6133 0.1104
14.78 -0.6133 0.1104
14.75 -0.6133 0.1104
14.72 -0.6133 0.1104
14.67 -0.9200 0.1656
14.64 -0.6133 0.1104
14.59 -0.9200 0.1656
14.55 -0.9200 0.1656
14.50 -0.9200 0.1656
14.46 -0.9200 0.1656
14.39 -1.2267 0.2208
14.33 -1.2267 0.2208
14.27 -1.2267 0.2208
14.19 -1.5333 0.2760
14.12 -1.5333 0.2760
14.04 -1.5333 0.2760
13.96 -1.5333 0.2760
13.89 -1.5334 0.2760
13.78 -2.1467 0.3864
13.67 -2.1466 0.3864
13.58 -1.8400 0.3312
13.46 -2.4533 0.4416
13.34 -2.4533 0.4416
13.20 -2.7600 0.4968
13.04 -3.0667 0.5520
12.86 -3.6800 0.6624
12.65 -4.2933 0.7728
12.42 -4.6000 0.8280
12.16 -5.2133 0.9384
11.88 -5.5200 0.9936
11.60 -5.5200 0.9936
11.31 -5.8266 1.0488
11.04 -5.5200 0.9936
10.78 -5.2133 0.9384
10.51 -5.2133 0.9384
10.28 -4.6000 0.8280
10.07 -4.2933 0.7728
9.89 -3.6799 0.6624
9.70 -3.6800 0.6624
9.55 -3.0667 0.5520
9.38 -3.3733 0.6072
9.21 -3.3733 0.6072
9.06 -3.0667 0.5520
8.92 -2.7600 0.4968
8.80 -2.4533 0.4416
8.66 -2.7600 0.4968
8.55 -2.1467 0.3864
8.48 -1.5333 0.2760
8.38 -1.8400 0.3312
8.32 -1.2267 0.2208
8.26 -1.2267 0.2208
8.20 -1.2267 0.2208
8.15 -0.9200 0.1656
8.12 -0.6133 0.1104
8.09 -0.6133 0.1104
8.06 -0.6133 0.1104
8.03 -0.6133 0.1104
8.02 -0.3067 0.0552
7.98 -0.6133 0.1104
7.95 -0.6133 0.1104
7.92 -0.6133 0.1104
7.89 -0.6133 0.1104
7.86 -0.6133 0.1104
7.82 -0.9200 0.1656
7.79 -0.6133 0.1104
7.74 -0.9200 0.1656
7.69 -0.9200 0.1656
7.63 -1.2267 0.2208
7.57 -1.2267 0.2208
7.51 -1.2267 0.2208
7.43 -1.5333 0.2760
7.36 -1.5333 0.2760
7.26 -1.8400 0.3312
7.17 -1.8400 0.3312
7.08 -1.8400 0.3312
6.96 -2.4533 0.4416
6.85 -2.1466 0.3864
6.74 -2.1467 0.3864
6.65 -1.8400 0.3312
6.54 -2.1467 0.3864
6.45 -1.8400 0.3312
6.36 -1.8400 0.3312
6.28 -1.5333 0.2760
6.21 -1.5333 0.2760
4.95 -25.1466 4.5264
6.16 24.2266 -4.3608
6.08 -1.5333 0.2760
6.07 -0.3067 0.0552
6.08 0.3067 -0.0552
5.93 -3.0667 0.5520
5.88 -0.9200 0.1656
5.82 -1.2267 0.2208
5.70 -2.4533 0.4416
5.65 -0.9200 0.1656
5.59 -1.2267 0.2208
5.52 -1.5333 0.2760
5.47 -0.9200 0.1656
5.41 -1.2266 0.2208
5.36 -0.9200 0.1656
5.30 -1.2267 0.2208
5.24 -1.2267 0.2208
5.18 -1.2267 0.2208
5.10 -1.5333 0.2760
5.06 -0.9200 0.1656
4.98 -1.5333 0.2760
4.92 -1.2267 0.2208
4.86 -1.2267 0.2208
4.81 -0.9200 0.1656
4.77 -0.9200 0.1656
4.72 -0.9200 0.1656
4.67 -0.9200 0.1656
4.64 -0.6133 0.1104
4.63 -0.3067 0.0552
4.61 -0.3067 0.0552
4.60 -0.3067 0.0552
4.60 0.0000 0.0000
4.60 0.0000 0.0000
4.60 0.0000 0.0000
4.60 0.0000 0.0000
4.58 -0.3067 0.0552
4.57 -0.3067 0.0552
4.55 -0.3067 0.0552
4.54 -0.3067 0.0552
4.54 0.0000 0.0000
4.52 -0.3067 0.0552
4.50 -0.3067 0.0552
4.50 0.0000 0.0000
4.49 -0.3067 0.0552
4.47 -0.3067 0.0552
4.46 -0.3067 0.0552
4.44 -0.3067 0.0552
4.41 -0.6133 0.1104
4.40 -0.3067 0.0552
4.37 -0.6133 0.1104
4.35 -0.3067 0.0552
4.31 -0.9200 0.1656
4.29 -0.3067 0.0552
4.24 -0.9200 0.1656
4.21 -0.6133 0.1104
4.17 -0.9200 0.1656
4.12 -0.9200 0.1656
4.09 -0.6133 0.1104
4.04 -0.9200 0.1656
4.00 -0.9200 0.1656
3.95 -0.9200 0.1656
3.91 -0.9200 0.1656
3.88 -0.6133 0.1104
3.83 -0.9200 0.1656
3.78 -0.9200 0.1656
3.75 -0.6133 0.1104
3.71 -0.9200 0.1656
3.68 -0.6133 0.1104
3.65 -0.6133 0.1104
3.62 -0.6133 0.1104
3.58 -0.6133 0.1104
3.55 -0.6133 0.1104
3.54 -0.3067 0.0552
3.51 -0.6133 0.1104
3.49 -0.3067 0.0552
3.48 -0.3067 0.0552
3.46 -0.3067 0.0552
3.43 -0.6133 0.1104
3.42 -0.3067 0.0552
3.40 -0.3067 0.0552
3.39 -0.3067 0.0552
3.37 -0.3067 0.0552
3.35 -0.3067 0.0552
3.32 -0.6133 0.1104
3.31 -0.3067 0.0552
3.29 -0.3067 0.0552
3.26 -0.6133 0.1104
3.25 -0.3067 0.0552
3.22 -0.6133 0.1104
3.19 -0.6133 0.1104
3.16 -0.6133 0.1104
3.12 -0.6133 0.1104
3.09 -0.6133 0.1104
3.06 -0.6133 0.1104
3.02 -0.9200 0.1656
2.97 -0.9200 0.1656
2.94 -0.6133 0.1104
2.89 -0.9200 0.1656
2.85 -0.9200 0.1656
2.80 -0.9200 0.1656
2.76 -0.9200 0.1656
2.71 -0.9200 0.1656
2.65 -1.2267 0.2208
2.60 -0.9200 0.1656
2.54 -1.2267 0.2208
2.47 -1.5333 0.2760
2.39 -1.5333 0.2760
2.31 -1.5333 0.2760
2.24 -1.5333 0.2760
2.13 -2.1467 0.3864
2.02 -2.1467 0.3864
1.88 -2.7600 0.4968
1.74 -2.7600 0.4968
1.55 -3.9866 0.7176
1.32 -4.6000 0.8280
0.96 -7.0533 1.2696
0.55 -8.2800 1.4904
0.01 -10.7333 1.9320
-0.46 -9.5066 1.7112
-0.85 -7.6666 1.3800
-1.06 -4.2933 0.7728
-1.26 -3.9866 0.7176
-1.44 -3.6800 0.6624
-1.69 -4.9066 0.8832
-2.01 -6.4400 1.1592
-2.47 -9.1999 1.6560
-2.99 -10.4266 1.8768
-3.47 -9.5066 1.7112
-3.73 -5.2133 0.9384
-3.88 -3.0667 0.5520
-4.01 -2.4533 0.4416
-4.14 -2.7600 0.4968
-4.27 -2.4533 0.4416
-4.45 -3.6800 0.6624
-4.66 -4.2933 0.7728
-4.96 -5.8266 1.0488
-5.25 -5.8266 1.0488
-5.55 -6.1333 1.1040
-5.80 -4.9066 0.8832
-6.00 -3.9866 0.7176
-6.17 -3.3733 0.6072
-6.32 -3.0667 0.5520
-6.46 -2.7600 0.4968
-6.58 -2.4533 0.4416
-6.70 -2.4533 0.4416
-6.81 -2.1467 0.3864
-6.95 -2.7600 0.4968
-7.06 -2.1467 0.3864
-7.18 -2.4533 0.4416
-7.29 -2.1467 0.3864
-7.39 -2.1466 0.3864
-7.52 -2.4533 0.4416
-7.62 -2.1467 0.3864
-7.73 -2.1466 0.3864
-7.84 -2.1466 0.3864
-7.36 9.5066 -1.7112
-7.36 0.0000 0.0000
-7.44 -1.5333 0.2760
-7.58 -2.7600 0.4968
-7.78 -3.9866 0.7176
-7.92 -2.7600 0.4968
-8.05 -2.7600 0.4968
-8.22 -3.3733 0.6072
-8.34 -2.4533 0.4416
-8.51 -3.3733 0.6072
-8.64 -2.4533 0.4416
-8.76 -2.4533 0.4416
-8.87 -2.1466 0.3864
-8.99 -2.4533 0.4416
-9.10 -2.1466 0.3864
-9.19 -1.8400 0.3312
-9.28 -1.8400 0.3312
-9.37 -1.8400 0.3312
-9.46 -1.8400 0.3312
-9.56 -1.8400 0.3312
-9.63 -1.5334 0.2760
-9.71 -1.5333 0.2760
-9.77 -1.2267 0.2208
-9.83 -1.2267 0.2208
-9.89 -1.2267 0.2208
-9.95 -1.2267 0.2208
-10.00 -0.9200 0.1656
-10.05 -0.9200 0.1656
-10.09 -0.9200 0.1656
-10.14 -0.9200 0.1656
-10.18 -0.9200 0.1656
-10.23 -0.9200 0.1656
-10.28 -0.9200 0.1656
-10.32 -0.9200 0.1656
-10.35 -0.6133 0.1104
-10.40 -0.9200 0.1656
-10.43 -0.6134 0.1104
-10.46 -0.6133 0.1104
-10.49 -0.6133 0.1104
-10.51 -0.3067 0.0552
-10.54 -0.6133 0.1104
-10.55 -0.3067 0.0552
-10.58 -0.6133 0.1104
-10.60 -0.3067 0.0552
-10.61 -0.3066 0.0552
-10.63 -0.3067 0.0552
-10.64 -0.3067 0.0552
-10.66 -0.3066 0.0552
-10.68 -0.3067 0.0552
-10.69 -0.3067 0.0552
-10.69 0.0000 0.0000
-10.71 -0.3067 0.0552
-10.72 -0.3066 0.0552
-10.75 -0.6133 0.1104
-10.78 -0.6133 0.1104
-10.81 -0.6134 0.1104
-10.83 -0.3067 0.0552
-10.86 -0.6133 0.1104
-10.87 -0.3067 0.0552
-10.89 -0.3066 0.0552
-10.92 -0.6134 0.1104
-10.94 -0.3067 0.0552
-10.97 -0.6133 0.1104
-10.98 -0.3067 0.0552
-11.01 -0.6133 0.1104
-11.03 -0.3067 0.0552
-11.06 -0.6133 0.1104
-11.07 -0.3067 0.0552
-11.10 -0.6133 0.1104
-11.12 -0.3066 0.0552
-11.15 -0.6134 0.1104
-11.17 -0.3067 0.0552
-11.18 -0.3066 0.0552
-11.20 -0.3067 0.0552
-11.21 -0.3067 0.0552
-11.24 -0.6133 0.1104
-11.26 -0.3067 0.0552
-11.27 -0.3067 0.0552
-11.29 -0.3066 0.0552
-11.30 -0.3067 0.0552
-11.33 -0.6133 0.1104
-11.35 -0.3066 0.0552
-11.38 -0.6133 0.1104
-11.40 -0.3067 0.0552
-11.43 -0.6133 0.1104
-11.46 -0.6133 0.1104
-11.49 -0.6133 0.1104
-11.52 -0.6133 0.1104
-11.55 -0.6133 0.1104
-11.58 -0.6133 0.1104
-11.63 -0.9200 0.1656
-11.67 -0.9200 0.1656
-11.70 -0.6133 0.1104
-11.75 -0.9200 0.1656
-11.79 -0.9200 0.1656
-11.84 -0.9200 0.1656
-11.90 -1.2267 0.2208
-11.95 -0.9200 0.1656
-12.01 -1.2267 0.2208
-12.07 -1.2266 0.2208
-12.13 -1.2267 0.2208
-12.19 -1.2266 0.2208
-12.25 -1.2267 0.2208
-12.33 -1.5333 0.2760
-12.39 -1.2267 0.2208
-12.45 -1.2266 0.2208
-12.53 -1.5334 0.2760
-12.58 -0.9200 0.1656
-12.64 -1.2267 0.2208
-12.70 -1.2267 0.2208
-12.75 -0.9200 0.1656
-12.79 -0.9200 0.1656
-12.84 -0.9200 0.1656
-12.87 -0.6134 0.1104
-12.90 -0.6133 0.1104
-12.94 -0.9200 0.1656
-12.98 -0.6134 0.1104
-12.99 -0.3066 0.0552
-13.01 -0.3067 0.0552
-13.02 -0.3067 0.0552
-13.02 0.0000 0.0000
-13.04 -0.3067 0.0552
-13.05 -0.3066 0.0552
-13.08 -0.6134 0.1104
-13.11 -0.6133 0.1104
-13.16 -0.9200 0.1656
-13.21 -0.9200 0.1656
-13.25 -0.9200 0.1656
-13.31 -1.2266 0.2208
-13.37 -1.2267 0.2208
-13.42 -0.9200 0.1656
-13.48 -1.2267 0.2208
-13.54 -1.2267 0.2208
-13.60 -1.2267 0.2208
-13.68 -1.5333 0.2760
-13.74 -1.2267 0.2208
-13.82 -1.5334 0.2760
-13.90 -1.5333 0.2760
-13.97 -1.5333 0.2760
-14.06 -1.8400 0.3312
-14.17 -2.1466 0.3864
-14.28 -2.1466 0.3864
-14.40 -2.4533 0.4416
-14.54 -2.7600 0.4968
-14.69 -3.0666 0.5520
-14.88 -3.6800 0.6624
-15.09 -4.2933 0.7728
-15.31 -4.2934 0.7728
-15.57 -5.2133 0.9384
-15.84 -5.5200 0.9936
-16.12 -5.5200 0.9936
-16.39 -5.5199 0.9936
-16.64 -4.9067 0.8832
-16.89 -4.9067 0.8832
-17.10 -4.2933 0.7728
-17.30 -3.9867 0.7176
-17.48 -3.6800 0.6624
-17.64 -3.0667 0.5520
-17.79 -3.0666 0.5520
-17.93 -2.7600 0.4968
-18.05 -2.4533 0.4416
-18.17 -2.4533 0.4416
-18.30 -2.4533 0.4416
-18.42 -2.4533 0.4416
-18.53 -2.1467 0.3864
-18.62 -1.8399 0.3312
-18.73 -2.1467 0.3864
-18.82 -1.8400 0.3312
-18.91 -1.8399 0.3312
-18.99 -1.5334 0.2760
-19.08 -1.8400 0.3312
-19.15 -1.5333 0.2760
-19.25 -1.8400 0.3312
-19.32 -1.5333 0.2760
-19.40 -1.5334 0.2760
-19.48 -1.5333 0.2760
-19.57 -1.8400 0.3312
-19.66 -1.8399 0.3312
-19.75 -1.8400 0.3312
-19.88 -2.4533 0.4416
-19.98 -2.1467 0.3864
-20.11 -2.4533 0.4416
-20.24 -2.7600 0.4968
-20.41 -3.3733 0.6072
-20.58 -3.3733 0.6072
-20.75 -3.3733 0.6072
-20.92 -3.3733 0.6072
-21.09 -3.3733 0.6072
-21.26 -3.3733 0.6072
-21.42 -3.3734 0.6072
-21.93 -10.1199 1.8216
-22.08 -3.0667 0.5520
-22.24 -3.0667 0.5520
-22.39 -3.0667 0.5520
-22.51 -2.4533 0.4416
-22.68 -3.3733 0.6072
-22.83 -3.0667 0.5520
-23.02 -3.6799 0.6624
-23.23 -4.2933 0.7728
-23.46 -4.6000 0.8280
-23.72 -5.2133 0.9384
-24.02 -5.8266 1.0488
-24.34 -6.4400 1.1592
-24.71 -7.3599 1.3248
-25.12 -8.2800 1.4904
-25.64 -10.4266 1.8768
-26.21 -11.3467 2.0424
-27.19 -19.6265 3.5328
-28.62 -28.5199 5.1336
-29.64 -20.5466 3.6984
-30.39 -15.0265 2.7048
-30.75 -7.0533 1.2696
-31.10 -7.0533 1.2696
-31.13 -0.6134 0.1104
-31.27 -2.7600 0.4968
-31.61 -6.7466 1.2144
-32.16 -11.0400 1.9872
-32.68 -10.4266 1.8768
-33.48 -15.9467 2.8704
-34.12 -12.8799 2.3184
-34.63 -10.1199 1.8216
-34.93 -6.1333 1.1040
-35.15 -4.2933 0.7728
-35.36 -4.2934 0.7728
-35.59 -4.5999 0.8280
-35.82 -4.6001 0.8280
-35.64 3.6801 -0.6624
-35.90 -5.2134 0.9384
-36.16 -5.2132 0.9384
-36.50 -6.7467 1.2144
-36.83 -6.7466 1.2144
-37.11 -5.5199 0.9936
-37.40 -5.8267 1.0488
-37.69 -5.8266 1.0488
-37.97 -5.5200 0.9936
-38.24 -5.5199 0.9936
-38.54 -5.8266 1.0488
-38.89 -7.0534 1.2696
-39.32 -8.5867 1.5456
-39.84 -10.4266 1.8768
-40.44 -11.9600 2.1528
-41.23 -15.9466 2.8704
-42.05 -16.2533 2.9256
-43.04 -19.9332 3.5880
-43.93 -17.7866 3.2016
-44.84 -18.0932 3.2568
-45.50 -13.1867 2.3736
-46.06 -11.3466 2.0424
-46.46 -7.9733 1.4352
-46.86 -7.9733 1.4352
-47.23 -7.3599 1.3248
-47.58 -7.0533 1.2696
-47.95 -7.3599 1.3248
-48.32 -7.3601 1.3248
-48.70 -7.6665 1.3800
-49.05 -7.0534 1.2696
-49.38 -6.4399 1.1592
-49.01 7.3599 -1.3248
-49.21 -3.9866 0.7176
-49.50 -5.8266 1.0488
-49.82 -6.4400 1.1592
-50.20 -7.6666 1.3800
-50.60 -7.9733 1.4352
-51.05 -8.8932 1.6008
-51.58 -10.7333 1.9320
-52.26 -13.4933 2.4288
-53.00 -14.7198 2.6496
-54.08 -21.7733 3.9192
-55.85 -35.2665 6.3480
-57.15 -26.0666 4.6920
-58.38 -24.5332 4.4160
-58.33 0.9201 -0.1656
-58.61 -5.5201 0.9936
-58.29 6.4400 -1.1592
-58.75 -9.1999 1.6560
-58.91 -3.3735 0.6072
-59.59 -13.4932 2.4288
-60.11 -10.4266 1.8768
-60.94 -16.5599 2.9808
-61.40 -9.2001 1.6560
-61.74 -6.7465 1.2144
-61.89 -3.0668 0.5520
-62.01 -2.4532 0.4416
-62.12 -2.1468 0.3864
-62.27 -3.0666 0.5520
-62.43 -3.0667 0.5520
-62.62 -3.9867 0.7176
-62.81 -3.6800 0.6624
-62.99 -3.6800 0.6624
-63.85 -17.1733 3.0912
-64.05 -3.9864 0.7176
-64.23 -3.6801 0.6624
-64.37 -2.7599 0.4968
-64.46 -1.8401 0.3312
-64.66 -3.9867 0.7176
-64.83 -3.3733 0.6072
-65.03 -3.9868 0.7176
-65.25 -4.2934 0.7728
-65.42 -3.3733 0.6072
-65.61 -3.9865 0.7176
-65.80 -3.6800 0.6624
-65.92 -2.4535 0.4416
-66.03 -2.1466 0.3864
-66.11 -1.5334 0.2760
-66.14 -0.6133 0.1104
-66.14 0.0000 0.0000
-66.12 0.3065 -0.0552
-66.12 0.0000 0.0000
-66.11 0.3067 -0.0552
-66.11 0.0000 0.0000
-66.11 0.0000 0.0000
-66.11 0.0000 0.0000
-66.11 0.0000 0.0000
-66.11 0.0000 0.0000
-66.11 0.0000 0.0000
-66.11 0.0000 0.0000
-66.11 0.0000 0.0000
-66.11 0.0000 0.0000
-66.11 0.0000 0.0000
-66.12 -0.3067 0.0552
-66.12 0.0000 0.0000
-66.12 0.0000 0.0000
-66.12 0.0000 0.0000
-66.12 0.0000 0.0000
-66.12 0.0000 0.0000
-66.12 0.0000 0.0000
-66.11 0.3067 -0.0552
-66.11 0.0000 0.0000
-66.11 0.0000 0.0000
-66.11 0.0000 0.0000
-66.11 0.0000 0.0000
-66.11 0.0000 0.0000
-66.11 0.0000 0.0000
-66.11 0.0000 0.0000
-66.11 0.0000 0.0000
-66.11 0.0000 0.0000
-66.09 0.3065 -0.0552
-66.09 0.0000 0.0000
-66.09 0.0000 0.0000
-66.09 0.0000 0.0000
-66.09 0.0000 0.0000
-66.09 0.0000 0.0000
-66.09 0.0000 0.0000
-66.11 -0.3065 0.0552
-66.09 0.3065 -0.0552
-66.11 -0.3065 0.0552
-66.09 0.3065 -0.0552
-66.11 -0.3065 0.0552
-66.09 0.3065 -0.0552
-66.11 -0.3065 0.0552
-66.09 0.3065 -0.0552
-66.11 -0.3065 0.0552
-66.11 0.0000 0.0000
-66.11 0.0000 0.0000
-66.11 0.0000 0.0000
-66.11 0.0000 0.0000
-66.11 0.0000 0.0000
-66.11 0.0000 0.0000
-66.11 0.0000 0.0000
-66.11 0.0000 0.0000
-66.11 0.0000 0.0000
-66.11 0.0000 0.0000
-66.11 0.0000 0.0000
-66.11 0.0000 0.0000
-66.12 -0.3067 0.0552
-66.11 0.3067 -0.0552
-66.12 -0.3067 0.0552
-66.11 0.3067 -0.0552
-66.12 -0.3067 0.0552
-66.12 0.0000 0.0000
-66.12 0.0000 0.0000
-66.12 0.0000 0.0000
-66.12 0.0000 0.0000
-66.12 0.0000 0.0000
-66.12 0.0000 0.0000
-66.14 -0.3065 0.0552
-66.14 0.0000 0.0000
-66.14 0.0000 0.0000
-66.14 0.0000 0.0000
-66.14 0.0000 0.0000
-66.15 -0.3065 0.0552
-66.15 0.0000 0.0000
-66.17 -0.3069 0.0552
-66.18 -0.3067 0.0552
-66.18 0.0000 0.0000
-66.18 0.0000 0.0000
-66.18 0.0000 0.0000
-66.18 0.0000 0.0000
-66.18 0.0000 0.0000
-66.18 0.0000 0.0000
-66.20 -0.3065 0.0552
-66.18 0.3065 -0.0552
-66.18 0.0000 0.0000
-66.18 0.0000 0.0000
-66.18 0.0000 0.0000
-66.20 -0.3065 0.0552
-66.20 0.0000 0.0000
-66.18 0.3065 -0.0552
-66.20 -0.3065 0.0552
-66.18 0.3065 -0.0552
-66.20 -0.3065 0.0552
-66.20 0.0000 0.0000
-66.20 0.0000 0.0000
-66.18 0.3065 -0.0552
-66.18 0.0000 0.0000
-66.18 0.0000 0.0000
-66.18 0.0000 0.0000
-66.18 0.0000 0.0000
-66.18 0.0000 0.0000
-66.18 0.0000 0.0000
-66.18 0.0000 0.0000
-66.18 0.0000 0.0000
-66.18 0.0000 0.0000
-66.17 0.3067 -0.0552
-66.17 0.0000 0.0000
-66.17 0.0000 0.0000
-66.17 0.0000 0.0000
-66.17 0.0000 0.0000
-66.17 0.0000 0.0000
-66.17 0.0000 0.0000
-66.17 0.0000 0.0000
-66.15 0.3069 -0.0552
-66.15 0.0000 0.0000
-66.15 0.0000 0.0000
-66.15 0.0000 0.0000
-66.15 0.0000 0.0000
-66.14 0.3065 -0.0552
-66.12 0.3065 -0.0552
-66.12 0.0000 0.0000
-66.11 0.3067 -0.0552
-66.11 0.0000 0.0000
-66.09 0.3065 -0.0552
-66.07 0.3069 -0.0552
-66.06 0.3065 -0.0552
-66.03 0.6134 -0.1104
-66.03 0.0000 0.0000
-66.01 0.3065 -0.0552
-66.00 0.3069 -0.0552
-65.97 0.6133 -0.1104
-65.94 0.6133 -0.1104
-65.92 0.3067 -0.0552
-65.89 0.6134 -0.1104
-65.86 0.6134 -0.1104
-65.83 0.6134 -0.1104
-65.80 0.6133 -0.1104
-65.77 0.6133 -0.1104
-65.74 0.6134 -0.1104
-65.69 0.9200 -0.1656
-65.66 0.6134 -0.1104
-65.63 0.6133 -0.1104
-65.58 0.9200 -0.1656
-65.55 0.6134 -0.1104
-65.52 0.6133 -0.1104
-65.48 0.9201 -0.1656
-65.45 0.6133 -0.1104
-65.40 0.9201 -0.1656
-65.37 0.6133 -0.1104
-65.31 1.2267 -0.2208
-65.26 0.9200 -0.1656
-65.22 0.9200 -0.1656
-65.15 1.2267 -0.2208
-65.11 0.9201 -0.1656
-65.03 1.5332 -0.2760
-64.96 1.5334 -0.2760
-64.88 1.5334 -0.2760
-64.79 1.8401 -0.3312
-64.69 1.8401 -0.3312
-64.60 1.8399 -0.3312
-64.48 2.4535 -0.4416
-64.37 2.1466 -0.3864
-64.25 2.4532 -0.4416
-64.11 2.7600 -0.4968
-63.97 2.7601 -0.4968
-63.82 3.0666 -0.5520
-63.74 1.5333 -0.2760
-63.53 4.2934 -0.7728
-63.27 5.2133 -0.9384
-62.98 5.8265 -1.0488
-62.67 6.1335 -1.1040
-62.29 7.6666 -1.3800
-61.86 8.5867 -1.5456
-61.32 10.7331 -1.9320
-60.83 9.8135 -1.7664
-60.42 8.2800 -1.4904
-60.09 6.4400 -1.1592
-59.79 6.1333 -1.1040
-59.51 5.5199 -0.9936
-59.19 6.4400 -1.1592
-58.79 7.9733 -1.4352
-58.32 9.5065 -1.7112
-57.90 8.2800 -1.4904
-57.61 5.8266 -1.0488
-57.46 3.0666 -0.5520
-57.30 3.0668 -0.5520
-57.20 2.1467 -0.3864
-57.06 2.7599 -0.4968
-56.91 3.0666 -0.5520
-56.69 4.2934 -0.7728
-56.43 5.2132 -0.9384
-56.14 5.8266 -1.0488
-55.86 5.5199 -0.9936
-55.62 4.9066 -0.8832
-55.39 4.6001 -0.8280
-55.17 4.2933 -0.7728
-54.97 3.9866 -0.7176
-54.77 3.9867 -0.7176
-54.56 4.2931 -0.7728
-54.34 4.2934 -0.7728
-54.13 4.2934 -0.7728
-53.92 4.2934 -0.7728
-53.67 4.9066 -0.8832
-53.41 5.2133 -0.9384
-53.15 5.2133 -0.9384
-52.90 4.9066 -0.8832
-52.66 4.9067 -0.8832
-52.41 4.9065 -0.8832
-52.20 4.2934 -0.7728
-51.98 4.2934 -0.7728
-51.77 4.2933 -0.7728
-51.57 3.9867 -0.7176
-51.39 3.6800 -0.6624
-51.20 3.6799 -0.6624
-51.05 3.0668 -0.5520
-50.88 3.3733 -0.6072
-50.71 3.3733 -0.6072
-50.54 3.3733 -0.6072
-50.39 3.0667 -0.5520
-50.22 3.3733 -0.6072
-50.07 3.0666 -0.5520
-49.90 3.3733 -0.6072
-49.71 3.6800 -0.6624
-49.78 -1.2267 0.2208
-49.58 3.9867 -0.7176
-49.41 3.3734 -0.6072
-49.19 4.2932 -0.7728
-48.95 4.9067 -0.8832
-48.75 3.9866 -0.7176
-48.53 4.2934 -0.7728
-48.30 4.6000 -0.8280
-48.09 4.2932 -0.7728
-47.86 4.6001 -0.8280
-47.61 4.9066 -0.8832
-47.35 5.2133 -0.9384
-47.09 5.2132 -0.9384
-46.85 4.9067 -0.8832
-46.60 4.9066 -0.8832
-46.37 4.6000 -0.8280
-46.16 4.2932 -0.7728
-45.96 3.9867 -0.7176
-45.79 3.3733 -0.6072
-45.65 2.7600 -0.4968
-45.53 2.4533 -0.4416
-45.41 2.4532 -0.4416
-45.28 2.4534 -0.4416
-45.18 2.1467 -0.3864
-45.07 2.1466 -0.3864
-44.98 1.8400 -0.3312
-44.90 1.5333 -0.2760
-44.82 1.5335 -0.2760
-44.76 1.2266 -0.2208
-44.70 1.2267 -0.2208
-44.65 0.9200 -0.1656
-44.59 1.2267 -0.2208
-44.55 0.9199 -0.1656
-44.50 0.9200 -0.1656
-44.44 1.2267 -0.2208
-44.36 1.5334 -0.2760
-44.29 1.5333 -0.2760
-44.18 2.1466 -0.3864
-44.07 2.1467 -0.3864
-43.95 2.4533 -0.4416
-43.81 2.7601 -0.4968
-43.66 3.0666 -0.5520
-43.49 3.3733 -0.6072
-43.30 3.6800 -0.6624
-43.11 3.9867 -0.7176
-42.88 4.5999 -0.8280
-42.61 5.2134 -0.9384
-42.35 5.2132 -0.9384
-42.06 5.8266 -1.0488
-41.76 6.1333 -1.1040
-41.45 6.1333 -1.1040
-41.16 5.8266 -1.0488
-40.85 6.1333 -1.1040
-40.59 5.2133 -0.9384
-40.35 4.9067 -0.8832
-40.12 4.5999 -0.8280
-39.90 4.2933 -0.7728
-39.69 4.2933 -0.7728
-39.46 4.6001 -0.8280
-39.26 3.9867 -0.7176
-39.07 3.6800 -0.6624
-38.89 3.6800 -0.6624
-38.72 3.3733 -0.6072
-38.54 3.6801 -0.6624
-38.35 3.6799 -0.6624
-38.15 3.9867 -0.7176
-37.92 4.6000 -0.8280
-37.71 4.2933 -0.7728
-37.48 4.6001 -0.8280
-37.25 4.5998 -0.8280
-37.00 4.9067 -0.8832
-36.74 5.2133 -0.9384
-36.48 5.2134 -0.9384
-36.16 6.4400 -1.1592
-35.84 6.4399 -1.1592
-35.24 11.9599 -2.1528
-34.81 8.5866 -1.5456
-34.27 10.7333 -1.9320
-33.66 12.2667 -2.2080
-32.82 16.8666 -3.0360
-32.07 15.0266 -2.7048
-31.48 11.6532 -2.0976
-31.05 8.5867 -1.5456
-30.65 7.9733 -1.4352
-30.32 6.7466 -1.2144
-30.07 4.9067 -0.8832
-29.67 7.9733 -1.4352
-29.18 9.8132 -1.7664
-28.78 7.9734 -1.4352
-28.45 6.7466 -1.2144
-28.02 8.5866 -1.5456
-27.53 9.8133 -1.7664
-27.02 10.1200 -1.8216
-26.58 8.8932 -1.6008
-26.22 7.0533 -1.2696
-25.93 5.8266 -1.0488
-25.67 5.2134 -0.9384
-25.38 5.8266 -1.0488
-25.09 5.8266 -1.0488
-24.80 5.8266 -1.0488
-24.51 5.8266 -1.0488
-24.20 6.1333 -1.1040
-23.92 5.5200 -0.9936
-23.66 5.2132 -0.9384
-23.40 5.2134 -0.9384
-23.16 4.9067 -0.8832
-22.93 4.6000 -0.8280
-22.71 4.2933 -0.7728
-22.50 4.2933 -0.7728
-22.28 4.2933 -0.7728
-22.07 4.2933 -0.7728
-21.85 4.2933 -0.7728
-21.58 5.5200 -0.9936
-21.79 -4.2933 0.7728
-21.50 5.8266 -1.0488
-21.21 5.8266 -1.0488
-20.81 7.9733 -1.4352
-20.35 9.1999 -1.6560
-19.81 10.7333 -1.9320
-19.22 11.9600 -2.1528
-18.56 13.1866 -2.3736
-17.88 13.4933 -2.4288
-17.25 12.5733 -2.2632
-16.67 11.6533 -2.0976
-16.23 8.8934 -1.6008
-15.84 7.6666 -1.3800
-15.54 6.1333 -1.1040
-15.24 5.8267 -1.0488
-14.95 5.8266 -1.0488
-14.63 6.4400 -1.1592
-14.26 7.3600 -1.3248
-13.85 8.2800 -1.4904
-13.44 8.2799 -1.4904
-13.05 7.6667 -1.3800
-12.70 7.0533 -1.2696
-12.39 6.1333 -1.1040
-12.12 5.5200 -0.9936
-11.86 5.2134 -0.9384
-11.63 4.6000 -0.8280
-11.38 4.9066 -0.8832
-11.17 4.2933 -0.7728
-10.94 4.6000 -0.8280
-10.74 3.9867 -0.7176
-10.54 3.9866 -0.7176
-10.34 3.9867 -0.7176
-10.12 4.2933 -0.7728
-9.91 4.2933 -0.7728
-9.66 4.9067 -0.8832
-9.42 4.9066 -0.8832
-9.17 4.9067 -0.8832
-8.93 4.9067 -0.8832
-8.65 5.5200 -0.9936
-8.36 5.8266 -1.0488
-8.05 6.1333 -1.1040
-7.70 7.0533 -1.2696
-7.58 2.4533 -0.4416
-7.10 9.5066 -1.7112
-6.47 12.5733 -2.2632
-5.46 20.2399 -3.6432
-4.36 22.0799 -3.9744
-3.21 22.9999 -4.1400
-2.18 20.5466 -3.6984
-1.64 10.7333 -1.9320
-1.67 -0.6133 0.1104
-2.03 -7.0533 1.2696
-1.95 1.5333 -0.2760
-1.64 6.1333 -1.1040
-1.37 5.5200 -0.9936
-0.83 10.7333 -1.9320
0.10 18.7066 -3.3672
0.98 17.4799 -3.1464
1.59 12.2666 -2.2080
1.90 6.1333 -1.1040
2.10 3.9866 -0.7176
2.31 4.2933 -0.7728
2.51 3.9867 -0.7176
2.76 4.9066 -0.8832
3.02 5.2133 -0.9384
3.32 6.1333 -1.1040
3.65 6.4400 -1.1592
3.95 6.1333 -1.1040
4.20 4.9066 -0.8832
4.47 5.5200 -0.9936
4.72 4.9066 -0.8832
4.95 4.6000 -0.8280
5.15 3.9867 -0.7176
5.36 4.2933 -0.7728
5.59 4.6000 -0.8280
5.78 3.6800 -0.6624
6.02 4.9066 -0.8832
6.02 0.0000 0.0000
6.24 4.2933 -0.7728
6.50 5.2133 -0.9384
6.79 5.8266 -1.0488
7.16 7.3600 -1.3248
7.52 7.3600 -1.3248
7.92 7.9733 -1.4352
8.34 8.2800 -1.4904
8.84 10.1200 -1.8216
9.35 10.1200 -1.8216
9.90 11.0399 -1.9872
10.42 10.4266 -1.8768
11.04 12.2666 -2.2080
11.51 9.5066 -1.7112
11.96 8.8933 -1.6008
12.34 7.6666 -1.3800
12.72 7.6667 -1.3800
13.09 7.3599 -1.3248
13.50 8.2800 -1.4904
13.93 8.5866 -1.5456
14.38 8.8933 -1.6008
14.84 9.2000 -1.6560
15.27 8.5867 -1.5456
15.65 7.6666 -1.3800
16.00 7.0533 -1.2696
16.33 6.4400 -1.1592
16.65 6.4399 -1.1592
16.94 5.8266 -1.0488
17.22 5.5200 -0.9936
17.48 5.2134 -0.9384
17.74 5.2133 -0.9384
18.04 6.1333 -1.1040
18.33 5.8266 -1.0488
18.66 6.4399 -1.1592
19.04 7.6666 -1.3800
19.42 7.6666 -1.3800
19.84 8.2800 -1.4904
19.61 -4.6000 0.8280
20.14 10.7333 -1.9320
20.88 14.7199 -2.6496
22.37 29.7466 -5.3544
23.70 26.6799 -4.8024
26.00 45.9998 -8.2800
26.45 8.8933 -1.6008
26.71 5.2133 -0.9384
26.23 -9.5066 1.7112
26.15 -1.5334 0.2760
25.89 -5.2133 0.9384
26.17 5.5200 -0.9936
26.74 11.3466 -2.0424
27.76 20.5466 -3.6984
28.88 22.3866 -4.0296
29.50 12.2666 -2.2080
29.82 6.4400 -1.1592
30.03 4.2934 -0.7728
30.17 2.7599 -0.4968
30.33 3.0667 -0.5520
30.52 3.9866 -0.7176
30.79 5.2134 -0.9384
31.08 5.8266 -1.0488
31.35 5.5200 -0.9936
31.61 5.2133 -0.9384
31.87 5.2133 -0.9384
32.10 4.6000 -0.8280
32.32 4.2933 -0.7728
32.50 3.6800 -0.6624
32.69 3.6799 -0.6624
32.84 3.0667 -0.5520
33.01 3.3733 -0.6072
33.19 3.6800 -0.6624
33.36 3.3733 -0.6072
33.55 3.6800 -0.6624
34.07 10.4266 -1.8768
34.28 4.2934 -0.7728
34.51 4.6000 -0.8280
34.71 3.9867 -0.7176
34.91 3.9866 -0.7176
35.14 4.6000 -0.8280
35.39 4.9067 -0.8832
35.65 5.2132 -0.9384
35.95 6.1333 -1.1040
36.29 6.7467 -1.2144
36.67 7.6666 -1.3800
37.09 8.2800 -1.4904
37.50 8.2799 -1.4904
37.90 7.9733 -1.4352
38.30 7.9733 -1.4352
38.67 7.3601 -1.3248
38.97 6.1332 -1.1040
39.25 5.5200 -0.9936
39.46 4.2933 -0.7728
39.66 3.9867 -0.7176
39.85 3.6800 -0.6624
40.05 3.9867 -0.7176
40.23 3.6800 -0.6624
40.41 3.6800 -0.6624
40.61 3.9867 -0.7176
40.81 3.9867 -0.7176
41.00 3.6800 -0.6624
41.20 3.9867 -0.7176
41.40 3.9866 -0.7176
41.58 3.6800 -0.6624
41.76 3.6800 -0.6624
41.95 3.6800 -0.6624
42.12 3.3733 -0.6072
42.27 3.0666 -0.5520
42.41 2.7600 -0.4968
42.52 2.1467 -0.3864
42.59 1.5334 -0.2760
42.64 0.9200 -0.1656
42.67 0.6133 -0.1104
42.67 0.0000 0.0000
42.67 0.0000 0.0000
42.65 -0.3067 0.0552
42.65 0.0000 0.0000
42.67 0.3067 -0.0552
42.68 0.3067 -0.0552
42.67 -0.3067 0.0552
42.67 0.0000 0.0000
42.65 -0.3067 0.0552
42.65 0.0000 0.0000
42.65 0.0000 0.0000
42.67 0.3067 -0.0552
42.67 0.0000 0.0000
42.67 0.0000 0.0000
42.65 -0.3067 0.0552
42.65 0.0000 0.0000
42.65 0.0000 0.0000
42.67 0.3067 -0.0552
42.68 0.3067 -0.0552
42.68 0.0000 0.0000
42.68 0.0000 0.0000
42.68 0.0000 0.0000
42.68 0.0000 0.0000
42.70 0.3066 -0.0552
42.71 0.3067 -0.0552
42.75 0.6134 -0.1104
42.76 0.3065 -0.0552
42.76 0.0000 0.0000
42.78 0.3066 -0.0552
42.81 0.6134 -0.1104
42.85 0.9200 -0.1656
42.90 0.9200 -0.1656
42.96 1.2267 -0.2208
43.04 1.5333 -0.2760
43.11 1.5333 -0.2760
43.19 1.5334 -0.2760
43.27 1.5333 -0.2760
43.37 2.1467 -0.3864
43.47 1.8401 -0.3312
43.57 2.1466 -0.3864
43.68 2.1467 -0.3864
43.80 2.4533 -0.4416
43.93 2.4534 -0.4416
44.03 2.1465 -0.3864
44.16 2.4533 -0.4416
44.28 2.4533 -0.4416
44.39 2.1468 -0.3864
44.49 2.1466 -0.3864
44.60 2.1467 -0.3864
44.69 1.8400 -0.3312
44.77 1.5333 -0.2760
44.85 1.5334 -0.2760
44.91 1.2267 -0.2208
44.95 0.9200 -0.1656
45.01 1.2267 -0.2208
45.06 0.9199 -0.1656
45.12 1.2267 -0.2208
45.18 1.2267 -0.2208
45.24 1.2266 -0.2208
45.31 1.2267 -0.2208
45.38 1.5333 -0.2760
45.47 1.8400 -0.3312
45.57 1.8401 -0.3312
45.69 2.4532 -0.4416
45.81 2.4533 -0.4416
45.95 2.7601 -0.4968
46.10 3.0666 -0.5520
46.26 3.0666 -0.5520
46.41 3.0667 -0.5520
46.56 3.0666 -0.5520
46.70 2.7599 -0.4968
46.82 2.4534 -0.4416
46.95 2.4534 -0.4416
47.02 1.5332 -0.2760
47.10 1.5333 -0.2760
47.15 0.9200 -0.1656
47.19 0.9200 -0.1656
47.21 0.3067 -0.0552
47.22 0.3067 -0.0552
47.21 -0.3067 0.0552
47.21 0.0000 0.0000
47.19 -0.3067 0.0552
47.21 0.3067 -0.0552
47.19 -0.3067 0.0552
47.22 0.6134 -0.1104
47.19 -0.6134 0.1104
47.22 0.6134 -0.1104
47.21 -0.3067 0.0552
47.22 0.3067 -0.0552
47.19 -0.6134 0.1104
47.22 0.6134 -0.1104
47.19 -0.6134 0.1104
47.21 0.3067 -0.0552
47.19 -0.3067 0.0552
47.21 0.3067 -0.0552
47.19 -0.3067 0.0552
47.19 0.0000 0.0000
47.18 -0.3065 0.0552
47.18 0.0000 0.0000
47.18 0.0000 0.0000
47.16 -0.3067 0.0552
47.16 0.0000 0.0000
47.13 -0.6133 0.1104
47.15 0.3066 -0.0552
47.12 -0.6132 0.1104
47.12 0.0000 0.0000
47.07 -0.9201 0.1656
47.05 -0.3066 0.0552
47.01 -0.9200 0.1656
46.96 -0.9200 0.1656
46.93 -0.6134 0.1104
46.90 -0.6133 0.1104
46.87 -0.6133 0.1104
46.82 -0.9200 0.1656
46.78 -0.9200 0.1656
46.72 -1.2267 0.2208
46.66 -1.2267 0.2208
46.59 -1.2267 0.2208
46.53 -1.2266 0.2208
46.46 -1.5333 0.2760
46.38 -1.5334 0.2760
46.29 -1.8399 0.3312
46.20 -1.8401 0.3312
46.10 -1.8400 0.3312
46.00 -2.1467 0.3864
45.89 -2.1466 0.3864
45.77 -2.4535 0.4416
45.66 -2.1466 0.3864
45.52 -2.7599 0.4968
45.38 -2.7601 0.4968
45.24 -2.7599 0.4968
45.09 -3.0667 0.5520
44.92 -3.3733 0.6072
44.71 -4.2934 0.7728
44.48 -4.5999 0.8280
44.22 -5.2133 0.9384
43.93 -5.8266 1.0488
43.63 -5.8266 1.0488
43.31 -6.4400 1.1592
42.98 -6.7466 1.2144
42.61 -7.3601 1.3248
42.25 -7.0532 1.2696
41.92 -6.7467 1.2144
41.58 -6.7466 1.2144
41.24 -6.7466 1.2144
40.89 -7.0535 1.2696
40.54 -7.0532 1.2696
40.17 -7.3600 1.3248
39.80 -7.3598 1.3248
39.42 -7.6666 1.3800
39.05 -7.3601 1.3248
38.70 -7.0532 1.2696
38.41 -5.8267 1.0488
38.13 -5.5199 0.9936
37.88 -4.9067 0.8832
37.65 -4.5999 0.8280
37.42 -4.6001 0.8280
37.19 -4.5999 0.8280
36.98 -4.2934 0.7728
36.78 -3.9866 0.7176
36.60 -3.6801 0.6624
36.43 -3.3733 0.6072
36.27 -3.0666 0.5520
36.12 -3.0667 0.5520
36.00 -2.4534 0.4416
35.89 -2.1466 0.3864
35.80 -1.8400 0.3312
35.71 -1.8400 0.3312
35.63 -1.5334 0.2760
35.55 -1.5332 0.2760
35.49 -1.2267 0.2208
35.42 -1.5334 0.2760
35.35 -1.2266 0.2208
35.29 -1.2267 0.2208
35.22 -1.5334 0.2760
35.17 -0.9201 0.1656
35.11 -1.2266 0.2208
35.03 -1.5334 0.2760
34.97 -1.2266 0.2208
34.91 -1.2267 0.2208
34.85 -1.2266 0.2208
34.79 -1.2267 0.2208
34.73 -1.2266 0.2208
34.66 -1.2268 0.2208
34.62 -0.9200 0.1656
34.56 -1.2266 0.2208
34.51 -0.9200 0.1656
34.47 -0.9200 0.1656
34.43 -0.6133 0.1104
34.37 -1.2267 0.2208
34.34 -0.6133 0.1104
34.30 -0.9200 0.1656
34.27 -0.6133 0.1104
34.24 -0.6134 0.1104
34.20 -0.6134 0.1104
34.17 -0.6133 0.1104
34.14 -0.6133 0.1104
34.10 -0.9200 0.1656
34.08 -0.3065 0.0552
34.05 -0.6133 0.1104
34.02 -0.6134 0.1104
33.99 -0.6133 0.1104
34.45 9.1999 -1.6560
34.42 -0.6133 0.1104
34.40 -0.3067 0.0552
34.31 -1.8400 0.3312
34.22 -1.8400 0.3312
34.17 -0.9200 0.1656
34.10 -1.5334 0.2760
34.04 -1.2267 0.2208
33.97 -1.2266 0.2208
33.93 -0.9200 0.1656
33.88 -0.9200 0.1656
33.82 -1.2267 0.2208
33.79 -0.6133 0.1104
33.74 -0.9200 0.1656
33.70 -0.9201 0.1656
33.65 -0.9200 0.1656
33.59 -1.2266 0.2208
33.55 -0.9200 0.1656
33.48 -1.2267 0.2208
33.42 -1.2267 0.2208
33.35 -1.5333 0.2760
33.27 -1.5334 0.2760
33.19 -1.5333 0.2760
33.12 -1.5333 0.2760
33.02 -1.8401 0.3312
32.95 -1.5332 0.2760
32.86 -1.8401 0.3312
32.78 -1.5334 0.2760
32.69 -1.8401 0.3312
32.59 -1.8399 0.3312
32.50 -1.8400 0.3312
32.43 -1.5333 0.2760
32.33 -1.8401 0.3312
32.24 -1.8401 0.3312
32.13 -2.1466 0.3864
32.04 -1.8400 0.3312
31.94 -2.1467 0.3864
31.83 -2.1466 0.3864
31.72 -2.1467 0.3864
31.61 -2.1466 0.3864
31.51 -2.1467 0.3864
31.41 -1.8399 0.3312
31.31 -2.1467 0.3864
31.23 -1.5333 0.2760
31.14 -1.8400 0.3312
31.06 -1.5334 0.2760
30.97 -1.8400 0.3312
30.91 -1.2267 0.2208
30.83 -1.5333 0.2760
30.75 -1.5334 0.2760
30.69 -1.2266 0.2208
30.63 -1.2267 0.2208
30.56 -1.5334 0.2760
30.48 -1.5333 0.2760
30.40 -1.5334 0.2760
30.31 -1.8400 0.3312
30.22 -1.8399 0.3312
30.13 -1.8400 0.3312
29.99 -2.7600 0.4968
29.82 -3.3733 0.6072
29.60 -4.2933 0.7728
29.33 -5.5200 0.9936
28.95 -7.6666 1.3800
28.49 -9.2000 1.6560
27.99 -9.8133 1.7664
27.60 -7.9733 1.4352
27.32 -5.5199 0.9936
27.12 -3.9867 0.7176
26.94 -3.6800 0.6624
26.74 -3.9866 0.7176
26.46 -5.5199 0.9936
26.03 -8.5867 1.5456
25.42 -12.2666 2.2080
24.88 -10.7332 1.9320
24.54 -6.7466 1.2144
24.42 -2.4534 0.4416
24.28 -2.7600 0.4968
24.21 -1.5334 0.2760
24.08 -2.4533 0.4416
23.93 -3.0667 0.5520
23.67 -5.2132 0.9384
23.35 -6.4400 1.1592
22.98 -7.3600 1.3248
22.64 -6.7466 1.2144
22.37 -5.5200 0.9936
22.14 -4.6000 0.8280
21.97 -3.3733 0.6072
21.80 -3.3733 0.6072
21.66 -2.7600 0.4968
21.52 -2.7600 0.4968
21.39 -2.7600 0.4968
21.23 -3.0666 0.5520
21.09 -2.7600 0.4968
20.96 -2.7600 0.4968
20.82 -2.7600 0.4968
20.70 -2.4533 0.4416
20.56 -2.7600 0.4968
20.44 -2.4533 0.4416
20.31 -2.4533 0.4416
20.16 -3.0666 0.5520
20.05 -2.1468 0.3864
19.93 -2.4532 0.4416
19.81 -2.4533 0.4416
19.70 -2.1466 0.3864
19.58 -2.4533 0.4416
19.45 -2.4533 0.4416
19.33 -2.4533 0.4416
19.19 -2.7599 0.4968
19.04 -3.0667 0.5520
18.90 -2.7600 0.4968
18.76 -2.7600 0.4968
18.63 -2.7600 0.4968
18.50 -2.4533 0.4416
18.38 -2.4533 0.4416
18.26 -2.4533 0.4416
18.14 -2.4533 0.4416
18.01 -2.4533 0.4416
17.91 -2.1467 0.3864
17.81 -1.8399 0.3312
17.71 -2.1467 0.3864
17.61 -1.8400 0.3312
17.51 -2.1466 0.3864
17.40 -2.1467 0.3864
17.29 -2.1466 0.3864
17.17 -2.4533 0.4416
17.03 -2.7599 0.4968
16.88 -3.0667 0.5520
16.69 -3.6800 0.6624
16.51 -3.6800 0.6624
16.28 -4.6000 0.8280
16.05 -4.6000 0.8280
15.80 -4.9067 0.8832
15.54 -5.2133 0.9384
15.28 -5.2133 0.9384
14.99 -5.8266 1.0488
14.70 -5.8266 1.0488
14.42 -5.5200 0.9936
14.13 -5.8266 1.0488
13.84 -5.8266 1.0488
13.55 -5.8266 1.0488
13.27 -5.5200 0.9936
12.98 -5.8266 1.0488
12.68 -6.1333 1.1040
12.35 -6.4400 1.1592
11.99 -7.3600 1.3248
11.63 -7.0533 1.2696
11.28 -7.0533 1.2696
10.96 -6.4400 1.1592
10.64 -6.4400 1.1592
10.36 -5.5200 0.9936
10.09 -5.5200 0.9936
9.84 -4.9067 0.8832
9.61 -4.6000 0.8280
9.36 -4.9066 0.8832
9.13 -4.6000 0.8280
8.92 -4.2933 0.7728
8.69 -4.6000 0.8280
8.46 -4.6000 0.8280
8.26 -3.9866 0.7176
8.06 -3.9866 0.7176
7.86 -3.9867 0.7176
7.66 -3.9867 0.7176
7.48 -3.6800 0.6624
7.30 -3.6800 0.6624
7.10 -3.9866 0.7176
6.90 -3.9867 0.7176
6.70 -3.9866 0.7176
6.51 -3.6800 0.6624
6.34 -3.3733 0.6072
6.18 -3.3733 0.6072
6.15 -0.6133 0.1104
5.99 -3.0667 0.5520
5.85 -2.7600 0.4968
5.70 -3.0666 0.5520
5.55 -3.0666 0.5520
5.39 -3.0666 0.5520
5.26 -2.7600 0.4968
5.09 -3.3733 0.6072
4.90 -3.6800 0.6624
4.70 -3.9866 0.7176
4.52 -3.6800 0.6624
4.29 -4.6000 0.8280
4.04 -4.9066 0.8832
3.78 -5.2133 0.9384
3.51 -5.5200 0.9936
3.20 -6.1333 1.1040
2.85 -7.0533 1.2696
2.48 -7.3600 1.3248
2.10 -7.6666 1.3800
1.62 -9.5066 1.7112
0.84 -15.6399 2.8152
-0.37 -24.2266 4.3608
-1.23 -17.1733 3.0912
-1.72 -9.8133 1.7664
-1.83 -2.1466 0.3864
-2.13 -6.1333 1.1040
-2.29 -3.0667 0.5520
-2.26 0.6133 -0.1104
-2.50 -4.9066 0.8832
-3.19 -13.7999 2.4840
-3.82 -12.5733 2.2632
-4.17 -7.0533 1.2696
-4.47 -5.8266 1.0488
-4.79 -6.4400 1.1592
-5.05 -5.2133 0.9384
-5.25 -3.9866 0.7176
-5.46 -4.2933 0.7728
-5.65 -3.6800 0.6624
-5.85 -3.9867 0.7176
-6.06 -4.2933 0.7728
-6.26 -3.9867 0.7176
-6.43 -3.3733 0.6072
-6.58 -3.0667 0.5520
-6.73 -3.0667 0.5520
-6.86 -2.4533 0.4416
-7.00 -2.7600 0.4968
-7.12 -2.4533 0.4416
-7.24 -2.4533 0.4416
-7.38 -2.7600 0.4968
-7.50 -2.4533 0.4416
-7.62 -2.4533 0.4416
-7.76 -2.7600 0.4968
-7.88 -2.4533 0.4416
-7.88 0.0000 0.0000
-8.01 -2.4533 0.4416
-8.13 -2.4533 0.4416
-8.30 -3.3733 0.6072
-8.45 -3.0667 0.5520
-8.61 -3.0666 0.5520
-8.77 -3.3733 0.6072
-8.96 -3.6800 0.6624
-9.14 -3.6800 0.6624
-9.33 -3.6800 0.6624
-9.48 -3.0667 0.5520
-9.68 -3.9866 0.7176
-9.85 -3.3733 0.6072
-10.03 -3.6800 0.6624
-10.22 -3.6800 0.6624
-10.40 -3.6800 0.6624
-10.60 -3.9867 0.7176
-10.80 -3.9866 0.7176
-11.04 -4.9067 0.8832
-11.32 -5.5200 0.9936
-11.63 -6.1333 1.1040
-11.96 -6.7467 1.2144
-12.32 -7.0533 1.2696
-12.71 -7.9733 1.4352
-13.16 -8.8933 1.6008
-13.57 -8.2800 1.4904
-13.96 -7.6666 1.3800
-14.29 -6.7466 1.2144
-14.59 -5.8266 1.0488
-14.85 -5.2133 0.9384
-15.06 -4.2933 0.7728
-15.24 -3.6800 0.6624
-15.41 -3.3733 0.6072
-15.55 -2.7600 0.4968
-15.66 -2.1467 0.3864
-15.77 -2.1467 0.3864
-15.84 -1.5333 0.2760
-15.87 -0.6133 0.1104
-15.89 -0.3067 0.0552
-15.89 0.0000 0.0000
-15.87 0.3067 -0.0552
-15.84 0.6133 -0.1104
-15.84 0.0000 0.0000
-15.84 0.0000 0.0000
-15.84 0.0000 0.0000
-15.84 0.0000 0.0000
-15.84 0.0000 0.0000
-15.81 0.6133 -0.1104
-15.80 0.3067 -0.0552
-15.77 0.6133 -0.1104
-15.75 0.3067 -0.0552
-15.74 0.3067 -0.0552
-15.74 0.0000 0.0000
-15.74 0.0000 0.0000
-15.72 0.3067 -0.0552
-15.70 0.3066 -0.0552
-15.67 0.6134 -0.1104
-15.66 0.3067 -0.0552
-15.63 0.6133 -0.1104
-15.63 0.0000 0.0000
-15.63 0.0000 0.0000
-15.61 0.3067 -0.0552
-15.60 0.3066 -0.0552
-15.58 0.3067 -0.0552
-15.55 0.6133 -0.1104
-15.54 0.3066 -0.0552
-15.52 0.3067 -0.0552
-15.51 0.3067 -0.0552
-15.51 0.0000 0.0000
-15.49 0.3067 -0.0552
-15.47 0.3066 -0.0552
-15.44 0.6133 -0.1104
-15.41 0.6133 -0.1104
-15.37 0.9200 -0.1656
-15.34 0.6133 -0.1104
-15.29 0.9200 -0.1656
-15.24 0.9200 -0.1656
-15.18 1.2267 -0.2208
-15.14 0.9200 -0.1656
-15.06 1.5333 -0.2760
-14.98 1.5334 -0.2760
-14.91 1.5333 -0.2760
-14.83 1.5334 -0.2760
-14.74 1.8400 -0.3312
-14.65 1.8400 -0.3312
-14.55 1.8400 -0.3312
-14.45 2.1466 -0.3864
-14.32 2.4533 -0.4416
-14.22 2.1467 -0.3864
-14.09 2.4533 -0.4416
-13.96 2.7600 -0.4968
-13.83 2.4533 -0.4416
-13.70 2.7600 -0.4968
-13.54 3.0667 -0.5520
-13.40 2.7600 -0.4968
-13.28 2.4533 -0.4416
-13.16 2.4533 -0.4416
-13.04 2.4533 -0.4416
-12.91 2.4533 -0.4416
-12.81 2.1466 -0.3864
-12.70 2.1467 -0.3864
-12.59 2.1467 -0.3864
-12.50 1.8399 -0.3312
-12.41 1.8400 -0.3312
-12.32 1.8400 -0.3312
-12.22 1.8400 -0.3312
-12.13 1.8400 -0.3312
-12.06 1.5333 -0.2760
-11.96 1.8400 -0.3312
-11.87 1.8400 -0.3312
-11.79 1.5333 -0.2760
-11.72 1.5333 -0.2760
-11.64 1.5333 -0.2760
-11.56 1.5333 -0.2760
-11.50 1.2267 -0.2208
-11.44 1.2267 -0.2208
-11.38 1.2267 -0.2208
-11.33 0.9200 -0.1656
-11.30 0.6133 -0.1104
-11.27 0.6133 -0.1104
-11.24 0.6133 -0.1104
-11.23 0.3067 -0.0552
-11.21 0.3066 -0.0552
-11.20 0.3067 -0.0552
-11.20 0.0000 0.0000
-11.20 0.0000 0.0000
-11.21 -0.3067 0.0552
-11.20 0.3067 -0.0552
-11.20 0.0000 0.0000
-11.18 0.3067 -0.0552
-11.18 0.0000 0.0000
-11.18 0.0000 0.0000
-11.18 0.0000 0.0000
-11.18 0.0000 0.0000
-11.18 0.0000 0.0000
-11.18 0.0000 0.0000
-11.18 0.0000 0.0000
-11.18 0.0000 0.0000
-11.18 0.0000 0.0000
-11.18 0.0000 0.0000
-11.18 0.0000 0.0000
-11.18 0.0000 0.0000
-11.18 0.0000 0.0000
-11.18 0.0000 0.0000
-11.18 0.0000 0.0000
-11.18 0.0000 0.0000
-11.18 0.0000 0.0000
-11.18 0.0000 0.0000
-11.18 0.0000 0.0000
-11.17 0.3066 -0.0552
-11.18 -0.3066 0.0552
-11.17 0.3066 -0.0552
-11.17 0.0000 0.0000
-11.15 0.3067 -0.0552
-11.15 0.0000 0.0000
-11.14 0.3067 -0.0552
-11.14 0.0000 0.0000
-11.14 0.0000 0.0000
-11.14 0.0000 0.0000
-11.14 0.0000 0.0000
-11.12 0.3067 -0.0552
-11.12 0.0000 0.0000
-11.10 0.3066 -0.0552
-11.12 -0.3066 0.0552
-11.10 0.3066 -0.0552
-11.12 -0.3066 0.0552
-11.09 0.6133 -0.1104
-11.09 0.0000 0.0000
-11.07 0.3067 -0.0552
-11.07 0.0000 0.0000
-11.06 0.3067 -0.0552
-11.06 0.0000 0.0000
-11.06 0.0000 0.0000
-11.06 0.0000 0.0000
-11.06 0.0000 0.0000
-11.06 0.0000 0.0000
-11.04 0.3066 -0.0552
-11.04 0.0000 0.0000
-11.03 0.3067 -0.0552
-11.03 0.0000 0.0000
-11.01 0.3067 -0.0552
-11.01 0.0000 0.0000
-11.01 0.0000 0.0000
-11.00 0.3066 -0.0552
-11.00 0.0000 0.0000
-10.98 0.3067 -0.0552
-10.98 0.0000 0.0000
-10.97 0.3067 -0.0552
-10.97 0.0000 0.0000
-10.95 0.3067 -0.0552
-10.94 0.3066 -0.0552
-10.94 0.0000 0.0000
-10.92 0.3067 -0.0552
-10.94 -0.3067 0.0552
-10.94 0.0000 0.0000
-10.92 0.3067 -0.0552
-10.91 0.3067 -0.0552
-10.89 0.3067 -0.0552
-10.87 0.3066 -0.0552
-10.89 -0.3066 0.0552
-10.89 0.0000 0.0000
-10.89 0.0000 0.0000
-10.87 0.3066 -0.0552
-10.87 0.0000 0.0000
-10.86 0.3067 -0.0552
-10.86 0.0000 0.0000
-10.86 0.0000 0.0000
-10.86 0.0000 0.0000
-10.86 0.0000 0.0000
-10.86 0.0000 0.0000
-10.84 0.3067 -0.0552
-10.84 0.0000 0.0000
-10.84 0.0000 0.0000
-10.84 0.0000 0.0000
-10.84 0.0000 0.0000
-10.84 0.0000 0.0000
-10.84 0.0000 0.0000
-10.84 0.0000 0.0000
-10.84 0.0000 0.0000
-10.84 0.0000 0.0000
-10.84 0.0000 0.0000
-10.84 0.0000 0.0000
-10.84 0.0000 0.0000
-10.84 0.0000 0.0000
-10.84 0.0000 0.0000
-10.84 0.0000 0.0000
-10.86 -0.3067 0.0552
-10.84 0.3067 -0.0552
-10.84 0.0000 0.0000
-10.84 0.0000 0.0000
-10.84 0.0000 0.0000
-10.84 0.0000 0.0000
-10.84 0.0000 0.0000
-10.84 0.0000 0.0000
-10.84 0.0000 0.0000
-10.84 0.0000 0.0000
-10.84 0.0000 0.0000
-10.84 0.0000 0.0000
-10.84 0.0000 0.0000
-10.84 0.0000 0.0000
-10.84 0.0000 0.0000
-10.84 0.0000 0.0000
-10.84 0.0000 0.0000
-10.84 0.0000 0.0000
-10.84 0.0000 0.0000
-10.84 0.0000 0.0000
-10.84 0.0000 0.0000
-10.84 0.0000 0.0000
-10.84 0.0000 0.0000
-10.84 0.0000 0.0000
-10.84 0.0000 0.0000
-10.84 0.0000 0.0000
-10.84 0.0000 0.0000
-10.84 0.0000 0.0000
-10.84 0.0000 0.0000
-10.84 0.0000 0.0000
-10.84 0.0000 0.0000
-10.84 0.0000 0.0000
-10.84 0.0000 0.0000
-10.84 0.0000 0.0000
-10.84 0.0000 0.0000
-10.84 0.0000 0.0000
-10.84 0.0000 0.0000
-10.84 0.0000 0.0000
-10.84 0.0000 0.0000
-10.84 0.0000 0.0000
-10.86 -0.3067 0.0552
-10.86 0.0000 0.0000
-10.86 0.0000 0.0000
-10.86 0.0000 0.0000
-10.86 0.0000 0.0000
-10.86 0.0000 0.0000
-10.86 0.0000 0.0000
-10.86 0.0000 0.0000
-10.86 0.0000 0.0000
-10.86 0.0000 0.0000
-10.87 -0.3067 0.0552
-10.89 -0.3066 0.0552
-10.91 -0.3067 0.0552
-10.91 0.0000 0.0000
-10.91 0.0000 0.0000
-10.91 0.0000 0.0000
-10.91 0.0000 0.0000
-10.91 0.0000 0.0000
-10.92 -0.3067 0.0552
-10.92 0.0000 0.0000
-10.94 -0.3067 0.0552
-10.94 0.0000 0.0000
-10.95 -0.3066 0.0552
-10.95 0.0000 0.0000
-10.95 0.0000 0.0000
-10.95 0.0000 0.0000
-10.95 0.0000 0.0000
-10.95 0.0000 0.0000
-10.95 0.0000 0.0000
-10.97 -0.3067 0.0552
-10.97 0.0000 0.0000
-10.97 0.0000 0.0000
-10.98 -0.3067 0.0552
-10.98 0.0000 0.0000
-10.98 0.0000 0.0000
-10.98 0.0000 0.0000
-10.98 0.0000 0.0000
-10.98 0.0000 0.0000
-10.98 0.0000 0.0000
-11.00 -0.3067 0.0552
-11.01 -0.3066 0.0552
-11.01 0.0000 0.0000
-11.03 -0.3067 0.0552
-11.01 0.3067 -0.0552
-11.03 -0.3067 0.0552
-11.01 0.3067 -0.0552
-11.04 -0.6134 0.1104
-11.03 0.3067 -0.0552
-11.06 -0.6133 0.1104
-11.07 -0.3067 0.0552
-11.10 -0.6133 0.1104
-11.10 0.0000 0.0000
-11.12 -0.3066 0.0552
-11.10 0.3066 -0.0552
-11.12 -0.3066 0.0552
-11.12 0.0000 0.0000
-11.14 -0.3067 0.0552
-11.14 0.0000 0.0000
-11.15 -0.3067 0.0552
-11.15 0.0000 0.0000
-11.15 0.0000 0.0000
-11.15 0.0000 0.0000
-11.15 0.0000 0.0000
-11.15 0.0000 0.0000
-11.17 -0.3067 0.0552
-11.17 0.0000 0.0000
-11.18 -0.3066 0.0552
-11.17 0.3066 -0.0552
-11.17 0.0000 0.0000
-11.17 0.0000 0.0000
-11.18 -0.3066 0.0552
-11.20 -0.3067 0.0552
-11.21 -0.3067 0.0552
-11.21 0.0000 0.0000
-11.21 0.0000 0.0000
-11.21 0.0000 0.0000
-11.21 0.0000 0.0000
-11.21 0.0000 0.0000
-11.23 -0.3066 0.0552
-11.23 0.0000 0.0000
-11.23 0.0000 0.0000
-11.23 0.0000 0.0000
-11.23 0.0000 0.0000
-11.23 0.0000 0.0000
-11.23 0.0000 0.0000
-11.24 -0.3067 0.0552
-11.24 0.0000 0.0000
-11.24 0.0000 0.0000
-11.24 0.0000 0.0000
-11.24 0.0000 0.0000
-11.24 0.0000 0.0000
-11.24 0.0000 0.0000
-11.24 0.0000 0.0000
-11.26 -0.3067 0.0552
-11.26 0.0000 0.0000
-11.26 0.0000 0.0000
-11.26 0.0000 0.0000
-11.26 0.0000 0.0000
-11.26 0.0000 0.0000
-11.26 0.0000 0.0000
-11.26 0.0000 0.0000
-11.26 0.0000 0.0000
-11.27 -0.3067 0.0552
-11.27 0.0000 0.0000
-11.27 0.0000 0.0000
-11.26 0.3067 -0.0552
-11.26 0.0000 0.0000
-11.27 -0.3067 0.0552
-11.29 -0.3066 0.0552
-11.29 0.0000 0.0000
-11.29 0.0000 0.0000
-11.29 0.0000 0.0000
-11.29 0.0000 0.0000
-11.29 0.0000 0.0000
-11.29 0.0000 0.0000
-11.30 -0.3067 0.0552
-11.30 0.0000 0.0000
-11.30 0.0000 0.0000
-11.30 0.0000 0.0000
-11.30 0.0000 0.0000
-11.30 0.0000 0.0000
-11.30 0.0000 0.0000
-11.30 0.0000 0.0000
-11.30 0.0000 0.0000
-11.30 0.0000 0.0000
-11.30 0.0000 0.0000
-11.30 0.0000 0.0000
-11.30 0.0000 0.0000
-11.30 0.0000 0.0000
-11.30 0.0000 0.0000
-11.30 0.0000 0.0000
-11.30 0.0000 0.0000
-11.30 0.0000 0.0000
-11.30 0.0000 0.0000
-11.30 0.0000 0.0000
-11.30 0.0000 0.0000
-11.30 0.0000 0.0000
-11.30 0.0000 0.0000
-11.30 0.0000 0.0000
-11.30 0.0000 0.0000
-11.30 0.0000 0.0000
-11.30 0.0000 0.0000
-11.30 0.0000 0.0000
-11.30 0.0000 0.0000
-11.30 0.0000 0.0000
-11.30 0.0000 0.0000
-11.30 0.0000 0.0000
-11.30 0.0000 0.0000
-11.30 0.0000 0.0000
-11.30 0.0000 0.0000
-11.30 0.0000 0.0000
-11.32 -0.3067 0.0552
-11.30 0.3067 -0.0552
-11.30 0.0000 0.0000
-11.30 0.0000 0.0000
-11.32 -0.3067 0.0552
-11.32 0.0000 0.0000
-11.33 -0.3067 0.0552
-11.32 0.3067 -0.0552
-11.33 -0.3067 0.0552
-11.32 0.3067 -0.0552
-11.33 -0.3067 0.0552
-11.33 0.0000 0.0000
-11.35 -0.3066 0.0552
-11.35 0.0000 0.0000
-11.35 0.0000 0.0000
-11.35 0.0000 0.0000
-11.35 0.0000 0.0000
-11.35 0.0000 0.0000
-11.35 0.0000 0.0000
-11.35 0.0000 0.0000
-11.35 0.0000 0.0000
-11.35 0.0000 0.0000
-11.37 -0.3067 0.0552
-11.35 0.3067 -0.0552
-11.35 0.0000 0.0000
-11.35 0.0000 0.0000
-11.37 -0.3067 0.0552
-11.37 0.0000 0.0000
-11.37 0.0000 0.0000
-11.37 0.0000 0.0000
-11.37 0.0000 0.0000
-11.37 0.0000 0.0000
-11.38 -0.3067 0.0552
-11.37 0.3067 -0.0552
-11.37 0.0000 0.0000
-11.37 0.0000 0.0000
-11.38 -0.3067 0.0552
-11.38 0.0000 0.0000
-11.38 0.0000 0.0000
-11.38 0.0000 0.0000
-11.38 0.0000 0.0000
-11.38 0.0000 0.0000
-11.38 0.0000 0.0000
-11.38 0.0000 0.0000
-11.38 0.0000 0.0000
-11.38 0.0000 0.0000
-11.38 0.0000 0.0000
-11.38 0.0000 0.0000
-11.38 0.0000 0.0000
-11.38 0.0000 0.0000
-11.38 0.0000 0.0000
-11.38 0.0000 0.0000
-11.38 0.0000 0.0000
-11.38 0.0000 0.0000
-11.38 0.0000 0.0000
-11.38 0.0000 0.0000
-11.38 0.0000 0.0000
-11.38 0.0000 0.0000
-11.38 0.0000 0.0000
-11.38 0.0000 0.0000
-11.38 0.0000 0.0000
-11.38 0.0000 0.0000
-11.38 0.0000 0.0000
-11.38 0.0000 0.0000
-11.38 0.0000 0.0000
-11.38 0.0000 0.0000
-11.38 0.0000 0.0000
-11.38 0.0000 0.0000
-11.38 0.0000 0.0000
-11.38 0.0000 0.0000
-11.38 0.0000 0.0000
-11.38 0.0000 0.0000
-11.38 0.0000 0.0000
-11.38 0.0000 0.0000
-11.38 0.0000 0.0000
-11.38 0.0000 0.0000
-11.38 0.0000 0.0000
-11.38 0.0000 0.0000
-11.38 0.0000 0.0000
-11.38 0.0000 0.0000
-11.38 0.0000 0.0000
-11.38 0.0000 0.0000
-11.38 0.0000 0.0000
-11.38 0.0000 0.0000
-11.38 0.0000 0.0000
-11.38 0.0000 0.0000
-11.38 0.0000 0.0000
-11.38 0.0000 0.0000
-11.38 0.0000 0.0000
-11.38 0.0000 0.0000
-11.38 0.0000 0.0000
-11.38 0.0000 0.0000
-11.38 0.0000 0.0000
-11.38 0.0000 0.0000
-11.38 0.0000 0.0000
-11.38 0.0000 0.0000
-11.38 0.0000 0.0000
-11.38 0.0000 0.0000
-11.38 0.0000 0.0000
-11.38 0.0000 0.0000
-11.38 0.0000 0.0000
-11.38 0.0000 0.0000
-11.38 0.0000 0.0000
-11.38 0.0000 0.0000
-11.38 0.0000 0.0000
-11.38 0.0000 0.0000
-11.38 0.0000 0.0000
-11.38 0.0000 0.0000
-11.38 0.0000 0.0000
-11.38 0.0000 0.0000
-11.38 0.0000 0.0000
-11.38 0.0000 0.0000
-11.38 0.0000 0.0000
-11.38 0.0000 0.0000
-11.38 0.0000 0.0000
-11.38 0.0000 0.0000
-11.38 0.0000 0.0000
-11.38 0.0000 0.0000
-11.38 0.0000 0.0000
-11.38 0.0000 0.0000
-11.38 0.0000 0.0000
-11.38 0.0000 0.0000
-11.38 0.0000 0.0000
-11.38 0.0000 0.0000
-11.38 0.0000 0.0000
-11.38 0.0000 0.0000
-11.38 0.0000 0.0000
-11.38 0.0000 0.0000
-11.38 0.0000 0.0000
-11.38 0.0000 0.0000
-11.38 0.0000 0.0000
-11.38 0.0000 0.0000
-11.38 0.0000 0.0000
-11.38 0.0000 0.0000
-11.38 0.0000 0.0000
-11.38 0.0000 0.0000
-11.38 0.0000 0.0000
-11.38 0.0000 0.0000
-11.38 0.0000 0.0000
-11.38 0.0000 0.0000
-11.38 0.0000 0.0000
-11.38 0.0000 0.0000
-11.38 0.0000 0.0000
-11.38 0.0000 0.0000
-11.38 0.0000 0.0000
-11.38 0.0000 0.0000
-11.38 0.0000 0.0000
-11.38 0.0000 0.0000
-11.38 0.0000 0.0000
-11.38 0.0000 0.0000
-11.38 0.0000 0.0000
-11.38 0.0000 0.0000
-11.38 0.0000 0.0000
-11.38 0.0000 0.0000
-11.38 0.0000 0.0000
-11.38 0.0000 0.0000
-11.38 0.0000 0.0000
-11.38 0.0000 0.0000
-11.38 0.0000 0.0000
-11.38 0.0000 0.0000
-11.38 0.0000 0.0000
-11.38 0.0000 0.0000
-11.38 0.0000 0.0000
-11.38 0.0000 0.0000
-11.38 0.0000 0.0000
-11.38 0.0000 0.0000
-11.38 0.0000 0.0000
-11.38 0.0000 0.0000
-11.38 0.0000 0.0000
-11.38 0.0000 0.0000
-11.38 0.0000 0.0000
-11.38 0.0000 0.0000
-11.38 0.0000 0.0000
-11.38 0.0000 0.0000
-11.38 0.0000 0.0000
-11.38 0.0000 0.0000
-11.38 0.0000 0.0000
-11.38 0.0000 0.0000
-11.38 0.0000 0.0000
-11.38 0.0000 0.0000
-11.38 0.0000 0.0000
-11.38 0.0000 0.0000
-11.3