0.01 -0.01
0.20 -0.17
0.20 -0.17
0.20 -0.17
0.18 -0.15
0.18 -0.15
0.17 -0.14
0.17 -0.14
0.15 -0.13
0.15 -0.13
0.13 -0.11
0.12 -0.10
0.10 -0.09
0.09 -0.08
0.07 -0.06
0.06 -0.05
0.03 -0.02
0.01 -0.01
-0.00 0.00
-0.03 0.03
-0.05 0.04
-0.05 0.04
-0.03 0.03
-0.02 0.02
-0.00 0.00
0.01 -0.01
0.03 -0.02
0.06 -0.05
0.06 -0.05
0.06 -0.05
0.04 -0.04
0.04 -0.04
0.06 -0.05
0.06 -0.05
0.06 -0.05
0.06 -0.05
0.06 -0.05
0.06 -0.05
0.06 -0.05
0.06 -0.05
0.04 -0.04
0.04 -0.04
0.03 -0.02
0.01 -0.01
-0.00 0.00
-0.02 0.02
-0.02 0.02
-0.02 0.02
-0.00 0.00
0.03 -0.02
0.04 -0.04
0.07 -0.06
0.07 -0.06
0.07 -0.06
0.06 -0.05
0.06 -0.05
0.06 -0.05
0.06 -0.05
0.06 -0.05
0.06 -0.05
0.06 -0.05
0.06 -0.05
0.06 -0.05
0.06 -0.05
0.06 -0.05
0.04 -0.04
0.03 -0.02
0.03 -0.02
0.01 -0.01
0.01 -0.01
-0.00 0.00
-0.00 0.00
-0.02 0.02
-0.00 0.00
0.01 -0.01
0.03 -0.02
0.04 -0.04
0.06 -0.05
0.04 -0.04
0.04 -0.04
0.04 -0.04
0.04 -0.04
0.04 -0.04
0.04 -0.04
0.04 -0.04
0.04 -0.04
0.04 -0.04
0.04 -0.04
0.04 -0.04
0.03 -0.02
0.03 -0.02
0.03 -0.02
0.01 -0.01
-0.00 0.00
0.01 -0.01
-0.00 0.00
0.01 -0.01
0.01 -0.01
0.01 -0.01
0.01 -0.01
0.01 -0.01
0.01 -0.01
0.01 -0.01
0.01 -0.01
0.01 -0.01
0.01 -0.01
0.01 -0.01
0.01 -0.01
0.01 -0.01
0.01 -0.01
0.01 -0.01
0.01 -0.01
0.01 -0.01
0.01 -0.01
-0.00 0.00
0.01 -0.01
0.01 -0.01
0.03 -0.02
0.03 -0.02
0.01 -0.01
0.01 -0.01
0.01 -0.01
0.01 -0.01
0.01 -0.01
0.01 -0.01
0.01 -0.01
0.01 -0.01
0.01 -0.01
0.01 -0.01
0.01 -0.01
0.01 -0.01
0.01 -0.01
0.01 -0.01
0.01 -0.01
0.01 -0.01
0.01 -0.01
0.01 -0.01
0.01 -0.01
0.01 -0.01
0.01 -0.01
0.01 -0.01
0.01 -0.01
0.01 -0.01
0.01 -0.01
0.01 -0.01
0.01 -0.01
0.01 -0.01
0.01 -0.01
0.01 -0.01
0.01 -0.01
0.01 -0.01
0.01 -0.01
0.01 -0.01
0.01 -0.01
0.01 -0.01
0.01 -0.01
0.01 -0.01
0.01 -0.01
0.01 -0.01
0.01 -0.01
0.01 -0.01
0.01 -0.01
0.01 -0.01
0.01 -0.01
0.01 -0.01
0.01 -0.01
0.01 -0.01
0.01 -0.01
0.01 -0.01
0.01 -0.01
0.01 -0.01
0.01 -0.01
0.01 -0.01
0.01 -0.01
0.01 -0.01
0.01 -0.01
0.01 -0.01
0.01 -0.01
0.01 -0.01
0.01 -0.01
0.01 -0.01
0.01 -0.01
0.01 -0.01
0.01 -0.01
0.01 -0.01
0.01 -0.01
0.01 -0.01
0.01 -0.01
0.01 -0.01
0.01 -0.01
0.01 -0.01
0.01 -0.01
0.01 -0.01
0.01 -0.01
0.01 -0.01
0.01 -0.01
0.01 -0.01
0.01 -0.01
0.01 -0.01
0.01 -0.01
0.01 -0.01
0.01 -0.01
0.01 -0.01
0.01 -0.01
0.01 -0.01
0.01 -0.01
0.01 -0.01
0.01 -0.01
0.01 -0.01
0.01 -0.01
0.01 -0.01
0.01 -0.01
0.01 -0.01
0.01 -0.01
0.01 -0.01
0.01 -0.01
0.01 -0.01
0.01 -0.01
0.01 -0.01
0.01 -0.01
0.01 -0.01
0.01 -0.01
0.01 -0.01
0.01 -0.01
0.01 -0.01
0.01 -0.01
0.01 -0.01
0.01 -0.01
0.01 -0.01
0.01 -0.01
0.01 -0.01
0.01 -0.01
0.01 -0.01
0.01 -0.01
0.01 -0.01
0.01 -0.01
0.01 -0.01
0.01 -0.01
0.01 -0.01
0.01 -0.01
0.01 -0.01
0.01 -0.01
0.01 -0.01
0.01 -0.01
0.01 -0.01
0.01 -0.01
0.01 -0.01
0.01 -0.01
0.01 -0.01
0.01 -0.01
0.01 -0.01
0.01 -0.01
0.01 -0.01
0.01 -0.01
0.01 -0.01
0.01 -0.01
0.01 -0.01
0.01 -0.01
0.01 -0.01
0.01 -0.01
0.01 -0.01
0.01 -0.01
0.01 -0.01
0.01 -0.01
0.01 -0.01
0.01 -0.01
0.01 -0.01
0.01 -0.01
0.01 -0.01
0.01 -0.01
0.01 -0.01
0.01 -0.01
0.01 -0.01
0.01 -0.01
0.01 -0.01
0.01 -0.01
0.01 -0.01
0.01 -0.01
0.01 -0.01
0.01 -0.01
0.01 -0.01
0.01 -0.01
0.01 -0.01
0.01 -0.01
0.01 -0.01
0.01 -0.01
0.01 -0.01
0.01 -0.01
0.01 -0.01
0.01 -0.01
0.01 -0.01
0.01 -0.01
0.01 -0.01
0.01 -0.01
0.01 -0.01
0.01 -0.01
0.01 -0.01
0.01 -0.01
0.01 -0.01
0.01 -0.01
0.01 -0.01
0.01 -0.01
0.01 -0.01
0.01 -0.01
0.01 -0.01
0.01 -0.01
0.01 -0.01
0.01 -0.01
0.01 -0.01
0.01 -0.01
0.01 -0.01
0.01 -0.01
0.01 -0.01
0.01 -0.01
0.01 -0.01
0.01 -0.01
0.01 -0.01
0.01 -0.01
0.01 -0.01
0.01 -0.01
0.01 -0.01
0.01 -0.01
0.01 -0.01
0.01 -0.01
0.01 -0.01
0.01 -0.01
0.01 -0.01
0.01 -0.01
0.01 -0.01
0.01 -0.01
0.01 -0.01
0.01 -0.01
0.01 -0.01
0.01 -0.01
0.01 -0.01
0.01 -0.01
0.01 -0.01
0.01 -0.01
0.01 -0.01
0.01 -0.01
0.01 -0.01
0.01 -0.01
0.01 -0.01
0.01 -0.01
0.01 -0.01
0.01 -0.01
0.01 -0.01
0.01 -0.01
0.01 -0.01
0.01 -0.01
0.01 -0.01
0.01 -0.01
0.01 -0.01
0.01 -0.01
0.01 -0.01
0.01 -0.01
0.01 -0.01
0.01 -0.01
0.01 -0.01
0.01 -0.01
0.01 -0.01
0.01 -0.01
0.01 -0.01
0.01 -0.01
0.01 -0.01
0.01 -0.01
0.01 -0.01
0.01 -0.01
0.01 -0.01
0.01 -0.01
0.01 -0.01
0.01 -0.01
0.01 -0.01
0.01 -0.01
0.01 -0.01
0.01 -0.01
0.01 -0.01
0.01 -0.01
0.01 -0.01
0.01 -0.01
0.01 -0.01
0.01 -0.01
0.01 -0.01
0.01 -0.01
0.01 -0.01
0.01 -0.01
0.01 -0.01
0.01 -0.01
0.01 -0.01
0.01 -0.01
0.01 -0.01
0.01 -0.01
0.01 -0.01
0.01 -0.01
0.01 -0.01
0.01 -0.01
0.01 -0.01
0.01 -0.01
0.01 -0.01
0.01 -0.01
0.01 -0.01
0.01 -0.01
0.01 -0.01
0.01 -0.01
0.01 -0.01
0.01 -0.01
0.01 -0.01
0.01 -0.01
0.01 -0.01
0.01 -0.01
0.01 -0.01
0.01 -0.01
0.01 -0.01
0.01 -0.01
0.01 -0.01
0.01 -0.01
0.01 -0.01
0.01 -0.01
0.01 -0.01
0.01 -0.01
0.01 -0.01
0.01 -0.01
0.01 -0.01
0.01 -0.01
0.01 -0.01
0.01 -0.01
0.01 -0.01
0.01 -0.01
0.01 -0.01
0.01 -0.01
0.01 -0.01
0.01 -0.01
0.01 -0.01
0.01 -0.01
0.01 -0.01
0.01 -0.01
0.01 -0.01
0.01 -0.01
0.01 -0.01
0.01 -0.01
0.01 -0.01
0.01 -0.01
0.01 -0.01
0.01 -0.01
0.01 -0.01
0.01 -0.01
0.01 -0.01
0.01 -0.01
0.01 -0.01
0.01 -0.01
0.01 -0.01
0.01 -0.01
0.01 -0.01
0.01 -0.01
0.01 -0.01
0.01 -0.01
0.01 -0.01
0.01 -0.01
0.01 -0.01
0.01 -0.01
0.01 -0.01
0.01 -0.01
0.01 -0.01
0.01 -0.01
0.01 -0.01
0.01 -0.01
0.01 -0.01
0.01 -0.01
0.01 -0.01
0.01 -0.01
0.01 -0.01
0.01 -0.01
0.01 -0.01
0.01 -0.01
0.01 -0.01
0.01 -0.01
0.01 -0.01
0.01 -0.01
0.01 -0.01
0.01 -0.01
0.01 -0.01
0.01 -0.01
0.01 -0.01
0.01 -0.01
0.01 -0.01
0.01 -0.01
0.01 -0.01
0.01 -0.01
0.01 -0.01
0.01 -0.01
0.01 -0.01
0.01 -0.01
0.01 -0.01
0.01 -0.01
0.01 -0.01
0.01 -0.01
0.01 -0.01
0.01 -0.01
0.01 -0.01
0.01 -0.01
0.01 -0.01
0.01 -0.01
0.01 -0.01
0.01 -0.01
0.01 -0.01
0.01 -0.01
0.01 -0.01
0.01 -0.01
0.01 -0.01
0.01 -0.01
0.01 -0.01
0.01 -0.01
0.01 -0.01
0.01 -0.01
0.01 -0.01
0.01 -0.01
0.01 -0.01
0.01 -0.01
0.01 -0.01
0.01 -0.01
0.01 -0.01
0.01 -0.01
0.01 -0.01
0.01 -0.01
0.01 -0.01
0.01 -0.01
0.01 -0.01
0.01 -0.01
0.01 -0.01
0.01 -0.01
0.01 -0.01
0.01 -0.01
0.01 -0.01
0.01 -0.01
0.01 -0.01
0.01 -0.01
0.01 -0.01
0.01 -0.01
0.01 -0.01
0.01 -0.01
0.01 -0.01
0.01 -0.01
0.01 -0.01
0.01 -0.01
0.01 -0.01
0.01 -0.01
0.01 -0.01
0.01 -0.01
0.01 -0.01
0.01 -0.01
0.01 -0.01
0.01 -0.01
0.01 -0.01
0.01 -0.01
0.01 -0.01
0.01 -0.01
0.01 -0.01
0.01 -0.01
0.01 -0.01
0.01 -0.01
0.01 -0.01
0.01 -0.01
0.01 -0.01
0.01 -0.01
0.01 -0.01
0.01 -0.01
0.01 -0.01
0.01 -0.01
0.01 -0.01
0.01 -0.01
0.01 -0.01
0.01 -0.01
0.01 -0.01
0.01 -0.01
0.01 -0.01
0.01 -0.01
0.01 -0.01
0.01 -0.01
0.01 -0.01
0.01 -0.01
0.01 -0.01
0.01 -0.01
0.01 -0.01
0.01 -0.01
0.01 -0.01
0.01 -0.01
0.01 -0.01
0.01 -0.01
0.01 -0.01
0.01 -0.01
0.01 -0.01
0.01 -0.01
0.01 -0.01
0.01 -0.01
0.01 -0.01
0.01 -0.01
0.01 -0.01
0.01 -0.01
0.01 -0.01
0.01 -0.01
0.01 -0.01
0.01 -0.01
0.01 -0.01
0.01 -0.01
0.01 -0.01
0.01 -0.01
0.01 -0.01
0.01 -0.01
0.01 -0.01
0.01 -0.01
0.01 -0.01
0.01 -0.01
0.01 -0.01
0.01 -0.01
0.01 -0.01
0.01 -0.01
0.01 -0.01
0.01 -0.01
0.01 -0.01
0.01 -0.01
0.01 -0.01
0.01 -0.01
0.01 -0.01
0.01 -0.01
0.01 -0.01
0.01 -0.01
0.01 -0.01
0.01 -0.01
0.01 -0.01
0.01 -0.01
0.01 -0.01
0.01 -0.01
0.01 -0.01
0.01 -0.01
0.01 -0.01
0.01 -0.01
0.01 -0.01
0.01 -0.01
0.01 -0.01
0.01 -0.01
0.01 -0.01
0.01 -0.01
0.01 -0.01
0.01 -0.01
0.01 -0.01
0.01 -0.01
0.01 -0.01
0.01 -0.01
0.01 -0.01
0.01 -0.01
0.01 -0.01
0.01 -0.01
0.01 -0.01
0.01 -0.01
0.01 -0.01
0.01 -0.01
0.01 -0.01
0.01 -0.01
0.01 -0.01
0.01 -0.01
0.01 -0.01
0.01 -0.01
0.01 -0.01
0.01 -0.01
0.01 -0.01
0.01 -0.01
0.01 -0.01
0.01 -0.01
0.01 -0.01
0.01 -0.01
0.01 -0.01
0.01 -0.01
0.01 -0.01
0.01 -0.01
0.01 -0.01
0.01 -0.01
0.01 -0.01
0.01 -0.01
0.01 -0.01
0.01 -0.01
0.01 -0.01
0.01 -0.01
0.01 -0.01
0.01 -0.01
0.01 -0.01
0.01 -0.01
0.01 -0.01
0.01 -0.01
0.01 -0.01
0.01 -0.01
0.01 -0.01
0.01 -0.01
0.01 -0.01
0.01 -0.01
0.01 -0.01
0.01 -0.01
0.01 -0.01
0.01 -0.01
0.01 -0.01
0.01 -0.01
0.01 -0.01
0.01 -0.01
0.01 -0.01
0.01 -0.01
0.01 -0.01
0.01 -0.01
0.01 -0.01
0.01 -0.01
0.01 -0.01
0.01 -0.01
0.01 -0.01
0.01 -0.01
0.01 -0.01
0.01 -0.01
0.01 -0.01
0.01 -0.01
0.01 -0.01
0.01 -0.01
0.01 -0.01
0.01 -0.01
0.01 -0.01
0.01 -0.01
0.01 -0.01
0.01 -0.01
0.01 -0.01
0.01 -0.01
0.01 -0.01
0.01 -0.01
0.01 -0.01
0.01 -0.01
0.01 -0.01
0.01 -0.01
0.01 -0.01
0.01 -0.01
0.01 -0.01
0.01 -0.01
0.01 -0.01
0.01 -0.01
0.01 -0.01
0.01 -0.01
0.01 -0.01
0.01 -0.01
0.01 -0.01
0.01 -0.01
0.01 -0.01
0.01 -0.01
0.01 -0.01
0.01 -0.01
0.01 -0.01
0.01 -0.01
0.01 -0.01
0.01 -0.01
0.01 -0.01
0.01 -0.01
0.01 -0.01
0.01 -0.01
0.01 -0.01
0.01 -0.01
0.01 -0.01
0.01 -0.01
0.01 -0.01
0.01 -0.01
0.01 -0.01
0.01 -0.01
0.01 -0.01
0.01 -0.01
0.01 -0.01
0.01 -0.01
0.01 -0.01
0.01 -0.01
0.01 -0.01
0.01 -0.01
0.01 -0.01
0.01 -0.01
0.01 -0.01
0.01 -0.01
0.01 -0.01
0.01 -0.01
0.01 -0.01
0.01 -0.01
0.01 -0.01
0.01 -0.01
0.01 -0.01
0.01 -0.01
0.01 -0.01
0.01 -0.01
0.01 -0.01
0.01 -0.01
0.01 -0.01
0.01 -0.01
0.01 -0.01
0.01 -0.01
0.01 -0.01
0.01 -0.01
0.01 -0.01
0.01 -0.01
0.01 -0.01
0.01 -0.01
0.01 -0.01
0.01 -0.01
0.01 -0.01
0.01 -0.01
0.01 -0.01
0.01 -0.01
0.01 -0.01
0.01 -0.01
0.01 -0.01
0.01 -0.01
0.01 -0.01
0.01 -0.01
0.01 -0.01
0.01 -0.01
0.01 -0.01
0.01 -0.01
0.01 -0.01
0.01 -0.01
0.01 -0.01
0.01 -0.01
0.01 -0.01
0.01 -0.01
0.01 -0.01
0.01 -0.01
0.01 -0.01
0.01 -0.01
0.01 -0.01
0.01 -0.01
0.01 -0.01
0.01 -0.01
0.01 -0.01
0.01 -0.01
0.01 -0.01
0.01 -0.01
0.01 -0.01
0.01 -0.01
0.01 -0.01
0.01 -0.01
0.01 -0.01
0.01 -0.01
0.01 -0.01
0.01 -0.01
0.01 -0.01
0.01 -0.01
0.01 -0.01
0.01 -0.01
0.01 -0.01
0.01 -0.01
0.01 -0.01
0.01 -0.01
0.01 -0.01
0.01 -0.01
0.01 -0.01
0.01 -0.01
0.01 -0.01
0.01 -0.01
0.01 -0.01
0.01 -0.01
0.01 -0.01
0.01 -0.01
0.01 -0.01
0.01 -0.01
0.01 -0.01
0.01 -0.01
0.01 -0.01
0.01 -0.01
0.01 -0.01
0.01 -0.01
0.01 -0.01
0.01 -0.01
0.01 -0.01
0.01 -0.01
0.01 -0.01
0.01 -0.01
0.01 -0.01
0.01 -0.01
0.01 -0.01
0.01 -0.01
0.01 -0.01
0.01 -0.01
0.01 -0.01
0.01 -0.01
0.01 -0.01
0.01 -0.01
0.01 -0.01
0.01 -0.01
0.01 -0.01
0.01 -0.01
0.01 -0.01
0.01 -0.01
0.01 -0.01
0.01 -0.01
0.01 -0.01
0.01 -0.01
0.01 -0.01
0.01 -0.01
0.01 -0.01
0.01 -0.01
0.01 -0.01
0.01 -0.01
0.01 -0.01
0.01 -0.01
0.01 -0.01
0.01 -0.01
0.01 -0.01
0.01 -0.01
0.01 -0.01
0.01 -0.01
0.01 -0.01
0.01 -0.01
0.01 -0.01
0.01 -0.01
0.01 -0.01
0.01 -0.01
0.01 -0.01
0.01 -0.01
0.01 -0.01
0.01 -0.01
0.01 -0.01
0.01 -0.01
0.01 -0.01
0.01 -0.01
0.01 -0.01
0.01 -0.01
0.01 -0.01
0.01 -0.01
0.01 -0.01
0.01 -0.01
0.01 -0.01
0.01 -0.01
0.01 -0.01
0.01 -0.01
0.01 -0.01
0.01 -0.01
0.01 -0.01
0.01 -0.01
0.01 -0.01
0.01 -0.01
0.01 -0.01
0.01 -0.01
0.01 -0.01
0.01 -0.01
0.01 -0.01
0.01 -0.01
0.01 -0.01
0.01 -0.01
0.01 -0.01
0.01 -0.01
0.01 -0.01
0.01 -0.01
0.01 -0.01
0.01 -0.01
0.01 -0.01
0.01 -0.01
0.01 -0.01
0.01 -0.01
0.01 -0.01
0.01 -0.01
0.01 -0.01
0.01 -0.01
0.01 -0.01
0.01 -0.01
0.01 -0.01
0.01 -0.01
0.01 -0.01
0.01 -0.01
0.01 -0.01
0.01 -0.01
0.01 -0.01
0.01 -0.01
0.01 -0.01
0.01 -0.01
0.01 -0.01
0.01 -0.01
0.01 -0.01
0.01 -0.01
0.01 -0.01
0.01 -0.01
0.01 -0.01
0.01 -0.01
0.01 -0.01
0.01 -0.01
0.01 -0.01
0.01 -0.01
0.01 -0.01
0.01 -0.01
0.01 -0.01
0.01 -0.01
0.01 -0.01
0.01 -0.01
0.01 -0.01
0.01 -0.01
0.01 -0.01
0.01 -0.01
0.01 -0.01
0.01 -0.01
0.01 -0.01
0.01 -0.01
0.01 -0.01
0.01 -0.01
0.01 -0.01
0.01 -0.01
0.01 -0.01
0.01 -0.01
0.01 -0.01
0.01 -0.01
0.01 -0.01
0.01 -0.01
0.01 -0.01
0.01 -0.01
0.01 -0.01
0.01 -0.01
0.01 -0.01
0.01 -0.01
0.01 -0.01
0.01 -0.01
0.01 -0.01
0.01 -0.01
0.01 -0.01
0.01 -0.01
0.01 -0.01
0.01 -0.01
0.01 -0.01
0.01 -0.01
0.01 -0.01
0.01 -0.01
0.01 -0.01
0.01 -0.01
0.01 -0.01
0.01 -0.01
0.01 -0.01
0.01 -0.01
0.01 -0.01
0.01 -0.01
0.01 -0.01
0.01 -0.01
0.01 -0.01
0.01 -0.01
0.01 -0.01
0.01 -0.01
0.01 -0.01
0.01 -0.01
0.01 -0.01
0.01 -0.01
0.01 -0.01
0.01 -0.01
0.01 -0.01
0.01 -0.01
0.01 -0.01
0.01 -0.01
0.01 -0.01
0.01 -0.01
0.01 -0.01
0.01 -0.01
0.01 -0.01
0.01 -0.01
0.01 -0.01
0.01 -0.01
0.01 -0.01
0.01 -0.01
0.01 -0.01
0.01 -0.01
0.01 -0.01
0.01 -0.01
0.01 -0.01
0.01 -0.01
0.01 -0.01
0.01 -0.01
0.01 -0.01
0.01 -0.01
0.01 -0.01
0.01 -0.01
0.01 -0.01
0.01 -0.01
0.01 -0.01
0.01 -0.01
0.01 -0.01
0.01 -0.01
0.01 -0.01
0.01 -0.01
0.01 -0.01
0.01 -0.01
0.01 -0.01
0.01 -0.01
0.01 -0.01
0.01 -0.01
0.01 -0.01
0.01 -0.01
0.01 -0.01
0.01 -0.01
0.01 -0.01
0.01 -0.01
0.01 -0.01
0.01 -0.01
0.01 -0.01
0.01 -0.01
0.01 -0.01
0.01 -0.01
0.01 -0.01
0.01 -0.01
0.01 -0.01
0.01 -0.01
0.01 -0.01
0.01 -0.01
0.01 -0.01
0.01 -0.01
0.01 -0.01
0.01 -0.01
0.01 -0.01
0.01 -0.01
0.01 -0.01
0.01 -0.01
0.01 -0.01
0.01 -0.01
0.01 -0.01
0.01 -0.01
0.01 -0.01
0.01 -0.01
0.01 -0.01
0.01 -0.01
0.01 -0.01
0.01 -0.01
0.01 -0.01
0.01 -0.01
0.01 -0.01
0.01 -0.01
0.01 -0.01
0.01 -0.01
0.01 -0.01
0.01 -0.01
0.01 -0.01
0.01 -0.01
0.01 -0.01
0.01 -0.01
0.01 -0.01
0.01 -0.01
0.01 -0.01
0.01 -0.01
0.01 -0.01
0.01 -0.01
0.01 -0.01
0.01 -0.01
0.01 -0.01
0.01 -0.01
0.01 -0.01
0.01 -0.01
0.01 -0.01
0.01 -0.01
0.01 -0.01
0.01 -0.01
0.01 -0.01
0.01 -0.01
0.01 -0.01
0.01 -0.01
0.01 -0.01
0.01 -0.01
0.01 -0.01
0.01 -0.01
0.01 -0.01
0.01 -0.01
0.01 -0.01
0.01 -0.01
0.01 -0.01
0.01 -0.01
0.01 -0.01
0.01 -0.01
0.01 -0.01
0.01 -0.01
0.01 -0.01
0.01 -0.01
0.01 -0.01
0.01 -0.01
0.01 -0.01
0.01 -0.01
0.01 -0.01
0.01 -0.01
0.01 -0.01
0.01 -0.01
0.01 -0.01
0.01 -0.01
0.01 -0.01
0.01 -0.01
0.01 -0.01
0.01 -0.01
0.01 -0.01
0.01 -0.01
0.01 -0.01
0.01 -0.01
0.01 -0.01
0.01 -0.01
0.01 -0.01
0.01 -0.01
0.01 -0.01
0.01 -0.01
0.01 -0.01
0.01 -0.01
0.01 -0.01
0.01 -0.01
0.01 -0.01
0.01 -0.01
0.01 -0.01
0.01 -0.01
0.01 -0.01
0.01 -0.01
0.01 -0.01
0.01 -0.01
0.01 -0.01
0.01 -0.01
0.01 -0.01
0.01 -0.01
0.01 -0.01
0.01 -0.01
0.01 -0.01
0.01 -0.01
0.01 -0.01
0.01 -0.01
0.01 -0.01
0.01 -0.01
0.01 -0.01
0.01 -0.01
0.01 -0.01
0.01 -0.01
0.01 -0.01
0.01 -0.01
0.01 -0.01
0.01 -0.01
0.01 -0.01
0.01 -0.01
0.01 -0.01
0.01 -0.01
0.01 -0.01
0.01 -0.01
0.01 -0.01
0.01 -0.01
0.01 -0.01
0.01 -0.01
0.01 -0.01
0.01 -0.01
0.01 -0.01
0.01 -0.01
0.01 -0.01
0.01 -0.01
0.01 -0.01
0.01 -0.01
0.01 -0.01
0.01 -0.01
0.01 -0.01
0.01 -0.01
0.01 -0.01
0.01 -0.01
0.01 -0.01
0.01 -0.01
0.01 -0.01
0.01 -0.01
0.01 -0.01
0.01 -0.01
0.01 -0.01
0.01 -0.01
0.01 -0.01
0.01 -0.01
0.01 -0.01
0.01 -0.01
0.01 -0.01
0.01 -0.01
0.01 -0.01
0.01 -0.01
0.01 -0.01
0.01 -0.01
0.01 -0.01
0.01 -0.01
0.01 -0.01
0.01 -0.01
0.01 -0.01
0.01 -0.01
0.01 -0.01
0.01 -0.01
0.01 -0.01
0.01 -0.01
0.01 -0.01
0.01 -0.01
0.01 -0.01
0.01 -0.01
0.01 -0.01
0.01 -0.01
0.01 -0.01
0.01 -0.01
0.01 -0.01
0.01 -0.01
0.01 -0.01
0.01 -0.01
0.01 -0.01
0.01 -0.01
0.01 -0.01
0.01 -0.01
0.01 -0.01
0.01 -0.01
0.01 -0.01
0.01 -0.01
0.01 -0.01
0.01 -0.01
0.01 -0.01
0.01 -0.01
0.01 -0.01
0.01 -0.01
0.01 -0.01
0.01 -0.01
0.01 -0.01
0.01 -0.01
0.01 -0.01
0.01 -0.01
0.01 -0.01
0.01 -0.01
0.01 -0.01
0.01 -0.01
0.01 -0.01
0.01 -0.01
0.01 -0.01
0.01 -0.01
0.01 -0.01
0.01 -0.01
0.01 -0.01
0.01 -0.01
0.01 -0.01
0.01 -0.01
0.01 -0.01
0.01 -0.01
0.01 -0.01
0.01 -0.01
0.01 -0.01
0.01 -0.01
0.01 -0.01
0.01 -0.01
0.01 -0.01
0.01 -0.01
0.01 -0.01
0.01 -0.01
0.01 -0.01
0.01 -0.01
0.01 -0.01
0.01 -0.01
0.01 -0.01
0.01 -0.01
0.01 -0.01
0.01 -0.01
0.01 -0.01
0.01 -0.01
0.01 -0.01
0.01 -0.01
0.01 -0.01
0.01 -0.01
0.01 -0.01
0.01 -0.01
0.01 -0.01
0.01 -0.01
0.01 -0.01
0.01 -0.01
0.01 -0.01
0.01 -0.01
0.01 -0.01
0.01 -0.01
0.01 -0.01
0.01 -0.01
0.01 -0.01
0.01 -0.01
0.01 -0.01
0.01 -0.01
0.01 -0.01
0.01 -0.01
0.01 -0.01
0.01 -0.01
0.01 -0.01
0.01 -0.01
0.01 -0.01
0.01 -0.01
0.01 -0.01
0.01 -0.01
0.01 -0.01
0.01 -0.01
0.01 -0.01
0.01 -0.01
0.01 -0.01
0.01 -0.01
0.01 -0.01
0.01 -0.01
0.01 -0.01
0.01 -0.01
0.01 -0.01
0.01 -0.01
0.01 -0.01
0.01 -0.01
0.01 -0.01
0.01 -0.01
0.01 -0.01
0.01 -0.01
0.01 -0.01
0.01 -0.01
0.01 -0.01
0.01 -0.01
0.01 -0.01
0.01 -0.01
0.01 -0.01
0.01 -0.01
0.01 -0.01
0.01 -0.01
0.01 -0.01
0.01 -0.01
0.01 -0.01
0.01 -0.01
0.01 -0.01
0.01 -0.01
0.01 -0.01
0.01 -0.01
0.01 -0.01
0.01 -0.01
0.01 -0.01
0.01 -0.01
0.01 -0.01
0.01 -0.01
0.01 -0.01
0.01 -0.01
0.01 -0.01
0.01 -0.01
0.01 -0.01
0.01 -0.01
0.01 -0.01
0.01 -0.01
0.01 -0.01
0.01 -0.01
0.01 -0.01
0.01 -0.01
0.01 -0.01
0.01 -0.01
0.01 -0.01
0.01 -0.01
0.01 -0.01
0.01 -0.01
0.01 -0.01
0.01 -0.01
0.01 -0.01
0.01 -0.01
0.01 -0.01
0.01 -0.01
0.01 -0.01
0.01 -0.01
0.01 -0.01
0.01 -0.01
0.01 -0.01
0.01 -0.01
0.01 -0.01
0.01 -0.01
0.01 -0.01
0.01 -0.01
0.01 -0.01
0.01 -0.01
0.01 -0.01
0.01 -0.01
0.01 -0.01
0.01 -0.01
0.01 -0.01
0.01 -0.01
0.01 -0.01
0.01 -0.01
0.01 -0.01
0.01 -0.01
0.01 -0.01
0.01 -0.01
0.01 -0.01
0.01 -0.01
0.01 -0.01
0.01 -0.01
0.01 -0.01
0.01 -0.01
0.01 -0.01
0.01 -0.01
0.01 -0.01
0.01 -0.01
0.01 -0.01
0.01 -0.01
0.01 -0.01
0.01 -0.01
0.01 -0.01
0.01 -0.01
0.01 -0.01
0.01 -0.01
0.01 -0.01
0.01 -0.01
0.01 -0.01
0.01 -0.01
0.01 -0.01
0.01 -0.01
0.01 -0.01
0.01 -0.01
0.01 -0.01
0.01 -0.01
0.01 -0.01
0.01 -0.01
0.01 -0.01
0.01 -0.01
0.01 -0.01
0.01 -0.01
0.01 -0.01
0.01 -0.01
0.01 -0.01
0.01 -0.01
0.01 -0.01
0.01 -0.01
0.01 -0.01
0.01 -0.01
0.01 -0.01
0.01 -0.01
0.01 -0.01
0.01 -0.01
0.01 -0.01
0.01 -0.01
0.01 -0.01
0.01 -0.01
0.01 -0.01
0.01 -0.01
0.01 -0.01
0.01 -0.01
0.01 -0.01
0.01 -0.01
0.01 -0.01
0.01 -0.01
0.01 -0.01
0.01 -0.01
0.01 -0.01
0.01 -0.01
0.01 -0.01
0.01 -0.01
0.01 -0.01
0.01 -0.01
0.01 -0.01
0.01 -0.01
0.01 -0.01
0.01 -0.01
0.01 -0.01
0.01 -0.01
0.01 -0.01
0.01 -0.01
0.01 -0.01
0.01 -0.01
0.01 -0.01
0.01 -0.01
0.01 -0.01
0.01 -0.01
0.01 -0.01
0.01 -0.01
0.01 -0.01
0.01 -0.01
0.01 -0.01
0.01 -0.01
0.01 -0.01
0.01 -0.01
0.01 -0.01
0.01 -0.01
0.01 -0.01
0.01 -0.01
0.01 -0.01
0.01 -0.01
0.01 -0.01
0.01 -0.01
0.01 -0.01
0.01 -0.01
0.01 -0.01
0.01 -0.01
0.01 -0.01
0.01 -0.01
0.01 -0.01
0.01 -0.01
0.01 -0.01
0.01 -0.01
0.01 -0.01
0.01 -0.01
0.01 -0.01
0.01 -0.01
0.01 -0.01
0.01 -0.01
0.01 -0.01
0.01 -0.01
0.01 -0.01
0.01 -0.01
0.01 -0.01
0.01 -0.01
0.01 -0.01
0.01 -0.01
0.01 -0.01
0.01 -0.01
0.01 -0.01
0.01 -0.01
0.01 -0.01
0.01 -0.01
0.01 -0.01
0.01 -0.01
0.01 -0.01
0.01 -0.01
0.01 -0.01
0.01 -0.01
0.01 -0.01
0.01 -0.01
0.01 -0.01
0.01 -0.01
0.01 -0.01
0.01 -0.01
0.01 -0.01
0.01 -0.01
0.01 -0.01
0.01 -0.01
0.01 -0.01
0.01 -0.01
0.01 -0.01
0.01 -0.01
0.01 -0.01
0.01 -0.01
0.01 -0.01
0.01 -0.01
0.01 -0.01
0.01 -0.01
0.01 -0.01
0.01 -0.01
0.01 -0.01
0.01 -0.01
0.01 -0.01
0.01 -0.01
0.01 -0.01
0.01 -0.01
0.01 -0.01
0.01 -0.01
0.01 -0.01
0.01 -0.01
0.01 -0.01
0.01 -0.01
0.01 -0.01
0.01 -0.01
0.01 -0.01
0.01 -0.01
0.01 -0.01
0.01 -0.01
0.01 -0.01
0.01 -0.01
0.01 -0.01
0.01 -0.01
0.01 -0.01
0.01 -0.01
0.01 -0.01
0.01 -0.01
0.01 -0.01
0.01 -0.01
0.01 -0.01
0.01 -0.01
0.01 -0.01
0.01 -0.01
0.01 -0.01
0.01 -0.01
0.01 -0.01
0.01 -0.01
0.01 -0.01
0.01 -0.01
0.01 -0.01
0.01 -0.01
0.01 -0.01
0.01 -0.01
0.01 -0.01
0.01 -0.01
0.01 -0.01
0.01 -0.01
0.01 -0.01
0.01 -0.01
0.01 -0.01
0.01 -0.01
0.01 -0.01
0.01 -0.01
0.01 -0.01
0.01 -0.01
0.01 -0.01
0.01 -0.01
0.01 -0.01
0.01 -0.01
0.01 -0.01
0.01 -0.01
0.01 -0.01
0.01 -0.01
0.01 -0.01
0.01 -0.01
0.01 -0.01
0.01 -0.01
0.01 -0.01
0.01 -0.01
0.01 -0.01
0.01 -0.01
0.01 -0.01
0.01 -0.01
0.01 -0.01
0.01 -0.01
0.01 -0.01
0.01 -0.01
0.01 -0.01
0.01 -0.01
0.01 -0.01
0.01 -0.01
0.01 -0.01
0.01 -0.01
0.01 -0.01
0.01 -0.01
0.01 -0.01
0.01 -0.01
0.01 -0.01
0.01 -0.01
0.01 -0.01
0.01 -0.01
0.01 -0.01
0.01 -0.01
0.01 -0.01
0.01 -0.01
0.01 -0.01
0.01 -0.01
0.01 -0.01
0.01 -0.01
0.01 -0.01
0.01 -0.01
0.01 -0.01
0.01 -0.01
0.01 -0.01
0.01 -0.01
0.01 -0.01
0.01 -0.01
0.01 -0.01
0.01 -0.01
0.01 -0.01
0.01 -0.01
0.01 -0.01
0.01 -0.01
0.01 -0.01
0.01 -0.01
0.01 -0.01
0.01 -0.01
0.01 -0.01
0.01 -0.01
0.01 -0.01
0.01 -0.01
0.01 -0.01
0.01 -0.01
0.01 -0.01
0.01 -0.01
0.01 -0.01
0.01 -0.01
0.01 -0.01
0.01 -0.01
0.01 -0.01
0.01 -0.01
0.01 -0.01
0.01 -0.01
0.01 -0.01
0.01 -0.01
0.01 -0.01
0.01 -0.01
0.01 -0.01
0.01 -0.01
0.01 -0.01
0.01 -0.01
0.01 -0.01
0.01 -0.01
0.01 -0.01
0.01 -0.01
0.01 -0.01
0.01 -0.01
0.01 -0.01
0.01 -0.01
0.01 -0.01
0.01 -0.01
0.01 -0.01
0.01 -0.01
0.01 -0.01
0.01 -0.01
0.01 -0.01
0.01 -0.01
0.01 -0.01
0.01 -0.01
0.01 -0.01
0.01 -0.01
0.01 -0.01
0.01 -0.01
0.01 -0.01
0.01 -0.01
0.01 -0.01
0.01 -0.01
0.01 -0.01
0.01 -0.01
0.01 -0.01
0.01 -0.01
0.01 -0.01
0.01 -0.01
0.01 -0.01
0.01 -0.01
0.01 -0.01
0.01 -0.01
-0.00 0.00
-0.00 0.00
-0.00 0.00
-0.00 0.00
-0.00 0.00
0.01 -0.01
0.01 -0.01
0.03 -0.02
0.01 -0.01
-0.02 0.02
-0.03 0.03
-0.06 0.06
-0.06 0.06
-0.06 0.06
-0.06 0.06
-0.06 0.06
-0.06 0.06
-0.06 0.06
-0.05 0.04
-0.06 0.06
-0.06 0.06
-0.06 0.06
-0.06 0.06
-0.06 0.06
-0.06 0.06
-0.06 0.06
-0.06 0.06
-0.06 0.06
-0.06 0.06
-0.06 0.06
-0.06 0.06
-0.08 0.07
-0.08 0.07
-0.10 0.08
-0.11 0.09
-0.13 0.11
-0.16 0.13
-0.17 0.15
-0.22 0.19
-0.25 0.21
-0.29 0.25
-0.34 0.29
-0.40 0.34
-0.48 0.41
-0.56 0.47
-0.63 0.54
-0.74 0.63
-0.83 0.71
-0.92 0.79
-1.06 0.90
-1.18 1.01
-1.34 1.14
-1.49 1.27
-1.66 1.41
-1.83 1.55
-2.00 1.70
-2.15 1.83
-2.32 1.97
-2.47 2.10
-2.63 2.23
-2.75 2.34
-2.86 2.43
-2.95 2.51
-2.99 2.54
-3.01 2.56
-2.99 2.54
-2.95 2.51
-2.89 2.45
-2.79 2.38
-2.69 2.28
-2.56 2.18
-2.41 2.05
-2.24 1.91
-2.09 1.78
-1.92 1.63
-1.78 1.51
-1.64 1.40
-1.55 1.32
-1.48 1.25
-1.41 1.20
-1.41 1.20
-1.41 1.20
-1.44 1.23
-1.49 1.27
-1.58 1.35
-1.67 1.42
-1.78 1.51
-1.92 1.63
-2.04 1.74
-2.18 1.85
-2.33 1.98
-2.49 2.11
-2.61 2.22
-2.75 2.34
-2.84 2.41
-2.92 2.48
-2.96 2.52
-2.96 2.52
-2.93 2.49
-2.89 2.45
-2.81 2.39
-2.72 2.31
-2.58 2.19
-2.46 2.09
-2.29 1.95
-2.15 1.83
-2.00 1.70
-1.87 1.59
-1.75 1.49
-1.66 1.41
-1.58 1.35
-1.54 1.31
-1.51 1.28
-1.52 1.29
-1.54 1.31
-1.58 1.35
-1.63 1.38
-1.69 1.44
-1.77 1.50
-1.86 1.58
-1.95 1.66
-2.04 1.74
-2.13 1.81
-2.24 1.91
-2.32 1.97
-2.40 2.04
-2.46 2.09
-2.50 2.13
-2.52 2.14
-2.52 2.14
-2.50 2.13
-2.47 2.10
-2.43 2.06
-2.36 2.01
-2.32 1.97
-2.23 1.89
-2.17 1.84
-2.09 1.78
-2.01 1.71
-1.95 1.66
-1.89 1.61
-1.84 1.57
-1.80 1.53
-1.78 1.51
-1.78 1.51
-1.80 1.53
-1.80 1.53
-1.81 1.54
-1.83 1.55
-1.84 1.57
-1.87 1.59
-1.89 1.61
-1.90 1.62
-1.92 1.63
-1.95 1.66
-1.98 1.68
-2.01 1.71
-2.06 1.75
-2.12 1.80
-2.20 1.87
-2.27 1.93
-2.38 2.02
-2.47 2.10
-2.58 2.19
-2.64 2.24
-2.64 2.24
-2.56 2.18
-2.44 2.08
-2.27 1.93
-2.07 1.76
-1.86 1.58
-1.66 1.41
-1.43 1.22
-1.18 1.01
-0.94 0.80
-0.68 0.58
-0.42 0.35
-0.11 0.09
0.17 -0.14
0.46 -0.39
0.73 -0.62
0.99 -0.84
1.22 -1.04
1.44 -1.22
1.62 -1.38
1.78 -1.51
1.91 -1.63
2.05 -1.74
2.16 -1.83
2.27 -1.93
2.36 -2.00
2.43 -2.07
2.47 -2.10
2.51 -2.13
2.51 -2.13
2.51 -2.13
2.48 -2.11
2.43 -2.07
2.36 -2.00
2.27 -1.93
2.16 -1.83
2.01 -1.70
1.85 -1.57
1.67 -1.42
1.45 -1.24
1.22 -1.04
0.96 -0.82
0.67 -0.57
0.36 -0.31
0.04 -0.04
-0.29 0.25
-0.65 0.55
-0.98 0.84
-1.29 1.10
-1.63 1.38
-1.95 1.66
-2.24 1.91
-2.52 2.14
-2.73 2.32
-2.92 2.48
-3.04 2.58
-3.10 2.64
-3.12 2.65
-3.07 2.61
-2.99 2.54
-2.87 2.44
-2.69 2.28
-2.49 2.11
-2.24 1.91
-1.98 1.68
-1.71 1.45
-1.43 1.22
-1.14 0.97
-0.85 0.72
-0.57 0.49
-0.28 0.24
0.04 -0.04
0.40 -0.34
0.73 -0.62
1.05 -0.90
1.33 -1.13
1.58 -1.34
1.79 -1.52
1.99 -1.69
2.14 -1.82
2.28 -1.94
2.40 -2.04
2.50 -2.12
2.56 -2.17
2.62 -2.23
2.63 -2.24
2.63 -2.24
2.62 -2.23
2.57 -2.19
2.51 -2.13
2.43 -2.07
2.33 -1.98
2.20 -1.87
2.07 -1.76
1.91 -1.63
1.74 -1.48
1.55 -1.31
1.32 -1.12
1.07 -0.91
0.78 -0.66
0.49 -0.41
0.18 -0.15
-0.14 0.12
-0.45 0.38
-0.75 0.64
-1.06 0.90
-1.37 1.16
-1.66 1.41
-1.95 1.66
-2.21 1.88
-2.44 2.08
-2.66 2.26
-2.81 2.39
-2.93 2.49
-2.99 2.54
-3.02 2.57
-2.99 2.54
-2.92 2.48
-2.79 2.38
-2.63 2.23
-2.43 2.06
-2.18 1.85
-1.94 1.65
-1.67 1.42
-1.41 1.20
-1.14 0.97
-0.86 0.73
-0.56 0.47
-0.23 0.20
0.10 -0.09
0.44 -0.37
0.78 -0.66
1.09 -0.92
1.35 -1.14
1.58 -1.34
1.78 -1.51
1.96 -1.67
2.11 -1.80
2.25 -1.91
2.36 -2.00
2.45 -2.08
2.53 -2.15
2.57 -2.19
2.60 -2.21
2.62 -2.23
2.60 -2.21
2.57 -2.19
2.51 -2.13
2.45 -2.08
2.36 -2.00
2.25 -1.91
2.13 -1.81
1.97 -1.68
1.81 -1.53
1.61 -1.37
1.38 -1.17
1.12 -0.95
0.84 -0.71
0.53 -0.45
0.23 -0.19
-0.11 0.09
-0.42 0.35
-0.74 0.63
-1.08 0.92
-1.40 1.19
-1.71 1.45
-2.00 1.70
-2.27 1.93
-2.50 2.13
-2.70 2.30
-2.84 2.41
-2.96 2.52
-3.04 2.58
-3.05 2.60
-3.01 2.56
-2.93 2.49
-2.81 2.39
-2.64 2.24
-2.44 2.08
-2.23 1.89
-2.00 1.70
-1.74 1.48
-1.46 1.24
-1.17 0.99
-0.86 0.73
-0.56 0.47
-0.25 0.21
0.09 -0.08
0.38 -0.32
0.72 -0.61
1.04 -0.88
1.32 -1.12
1.56 -1.33
1.76 -1.50
1.96 -1.67
2.11 -1.80
2.25 -1.91
2.37 -2.02
2.47 -2.10
2.54 -2.16
2.59 -2.20
2.62 -2.23
2.62 -2.23
2.60 -2.21
2.57 -2.19
2.51 -2.13
2.45 -2.08
2.37 -2.02
2.27 -1.93
2.13 -1.81
1.99 -1.69
1.81 -1.53
1.61 -1.37
1.39 -1.18
1.13 -0.96
0.89 -0.75
0.59 -0.51
0.29 -0.24
-0.05 0.04
-0.39 0.33
-0.72 0.62
-1.06 0.90
-1.37 1.16
-1.67 1.42
-1.94 1.65
-2.20 1.87
-2.46 2.09
-2.66 2.26
-2.82 2.40
-2.95 2.51
-3.02 2.57
-3.04 2.58
-3.01 2.56
-2.93 2.49
-2.81 2.39
-2.66 2.26
-2.46 2.09
-2.21 1.88
-1.97 1.67
-1.69 1.44
-1.41 1.20
-1.14 0.97
-0.85 0.72
-0.56 0.47
-0.28 0.24
0.04 -0.04
0.36 -0.31
0.70 -0.60
1.01 -0.86
1.28 -1.09
1.53 -1.30
1.73 -1.47
1.91 -1.63
2.08 -1.77
2.22 -1.89
2.33 -1.98
2.42 -2.06
2.50 -2.12
2.54 -2.16
2.57 -2.19
2.57 -2.19
2.56 -2.17
2.53 -2.15
2.48 -2.11
2.42 -2.06
2.33 -1.98
2.24 -1.90
2.11 -1.80
1.96 -1.67
1.79 -1.52
1.61 -1.37
1.39 -1.18
1.15 -0.97
0.89 -0.75
0.59 -0.51
0.30 -0.26
-0.02 0.02
-0.31 0.26
-0.62 0.52
-0.94 0.80
-1.25 1.06
-1.54 1.31
-1.81 1.54
-2.07 1.76
-2.30 1.96
-2.52 2.14
-2.67 2.27
-2.79 2.38
-2.89 2.45
-2.92 2.48
-2.90 2.47
-2.84 2.41
-2.73 2.32
-2.59 2.21
-2.41 2.05
-2.21 1.88
-1.98 1.68
-1.75 1.49
-1.52 1.29
-1.26 1.07
-0.98 0.84
-0.68 0.58
-0.39 0.33
-0.06 0.06
0.26 -0.22
0.56 -0.48
0.87 -0.74
1.16 -0.99
1.42 -1.21
1.65 -1.40
1.84 -1.56
2.01 -1.70
2.14 -1.82
2.27 -1.93
2.37 -2.02
2.45 -2.08
2.50 -2.12
2.54 -2.16
2.56 -2.17
2.56 -2.17
2.54 -2.16
2.51 -2.13
2.45 -2.08
2.37 -2.02
2.28 -1.94
2.17 -1.85
2.02 -1.72
1.87 -1.59
1.68 -1.43
1.48 -1.26
1.27 -1.08
1.01 -0.86
0.73 -0.62
0.44 -0.37
0.12 -0.10
-0.22 0.19
-0.56 0.47
-0.89 0.76
-1.23 1.05
-1.52 1.29
-1.80 1.53
-2.07 1.76
-2.32 1.97
-2.55 2.17
-2.72 2.31
-2.86 2.43
-2.95 2.51
-2.98 2.53
-2.96 2.52
-2.90 2.47
-2.81 2.39
-2.67 2.27
-2.50 2.13
-2.29 1.95
-2.06 1.75
-1.81 1.54
-1.55 1.32
-1.29 1.10
-1.02 0.86
-0.74 0.63
-0.45 0.38
-0.17 0.15
0.15 -0.13
0.47 -0.40
0.81 -0.69
1.12 -0.95
1.38 -1.17
1.61 -1.37
1.81 -1.53
1.97 -1.68
2.11 -1.80
2.24 -1.90
2.34 -1.99
2.42 -2.06
2.48 -2.11
2.51 -2.13
2.53 -2.15
2.51 -2.13
2.48 -2.11
2.45 -2.08
2.40 -2.04
2.34 -1.99
2.25 -1.91
2.16 -1.83
2.04 -1.73
1.88 -1.60
1.71 -1.46
1.53 -1.30
1.30 -1.10
1.07 -0.91
0.79 -0.67
0.52 -0.44
0.23 -0.19
-0.08 0.07
-0.37 0.32
-0.65 0.55
-0.97 0.82
-1.25 1.06
-1.54 1.31
-1.80 1.53
-2.04 1.74
-2.26 1.92
-2.46 2.09
-2.61 2.22
-2.72 2.31
-2.79 2.38
-2.82 2.40
-2.81 2.39
-2.75 2.34
-2.66 2.26
-2.52 2.14
-2.35 2.00
-2.17 1.84
-1.95 1.66
-1.72 1.46
-1.48 1.25
-1.21 1.03
-0.97 0.82
-0.68 0.58
-0.37 0.32
-0.05 0.04
0.27 -0.23
0.59 -0.51
0.92 -0.78
1.19 -1.01
1.42 -1.21
1.64 -1.39
1.81 -1.53
1.97 -1.68
2.10 -1.78
2.22 -1.89
2.31 -1.96
2.40 -2.04
2.47 -2.10
2.51 -2.13
2.53 -2.15
2.53 -2.15
2.50 -2.12
2.47 -2.10
2.40 -2.04
2.34 -1.99
2.24 -1.90
2.13 -1.81
1.99 -1.69
1.82 -1.55
1.64 -1.39
1.44 -1.22
1.21 -1.03
0.96 -0.82
0.69 -0.58
0.43 -0.36
0.12 -0.10
-0.19 0.16
-0.51 0.43
-0.86 0.73
-1.17 0.99
-1.48 1.25
-1.77 1.50
-2.03 1.72
-2.24 1.91
-2.46 2.09
-2.63 2.23
-2.76 2.35
-2.86 2.43
-2.90 2.47
-2.89 2.45
-2.84 2.41
-2.75 2.34
-2.63 2.23
-2.46 2.09
-2.26 1.92
-2.06 1.75
-1.86 1.58
-1.61 1.37
-1.35 1.15
-1.08 0.92
-0.80 0.68
-0.49 0.42
-0.19 0.16
0.13 -0.11
0.46 -0.39
0.75 -0.64
1.04 -0.88
1.32 -1.12
1.53 -1.30
1.74 -1.48
1.91 -1.63
2.05 -1.74
2.17 -1.85
2.28 -1.94
2.37 -2.02
2.43 -2.07
2.48 -2.11
2.50 -2.12
2.51 -2.13
2.48 -2.11
2.45 -2.08
2.40 -2.04
2.33 -1.98
2.25 -1.91
2.14 -1.82
2.02 -1.72
1.88 -1.60
1.71 -1.46
1.53 -1.30
1.32 -1.12
1.07 -0.91
0.86 -0.73
0.56 -0.48
0.29 -0.24
-0.02 0.02
-0.34 0.29
-0.65 0.55
-0.95 0.81
-1.23 1.05
-1.48 1.25
-1.74 1.48
-1.98 1.68
-2.21 1.88
-2.41 2.05
-2.56 2.18
-2.69 2.28
-2.76 2.35
-2.79 2.38
-2.79 2.38
-2.75 2.34
-2.66 2.26
-2.55 2.17
-2.38 2.02
-2.20 1.87
-2.00 1.70
-1.77 1.50
-1.52 1.29
-1.26 1.07
-1.00 0.85
-0.74 0.63
-0.45 0.38
-0.14 0.12
0.20 -0.17
0.52 -0.44
0.84 -0.71
1.13 -0.96
1.38 -1.17
1.59 -1.35
1.78 -1.51
1.93 -1.64
2.07 -1.76
2.17 -1.85
2.28 -1.94
2.36 -2.00
2.42 -2.06
2.47 -2.10
2.50 -2.12
2.50 -2.12
2.48 -2.11
2.45 -2.08
2.40 -2.04
2.33 -1.98
2.25 -1.91
2.13 -1.81
2.01 -1.70
1.85 -1.57
1.68 -1.43
1.47 -1.25
1.24 -1.05
1.01 -0.86
0.75 -0.64
0.47 -0.40
0.21 -0.18
-0.11 0.09
-0.42 0.35
-0.75 0.64
-1.06 0.90
-1.35 1.15
-1.61 1.37
-1.86 1.58
-2.10 1.79
-2.33 1.98
-2.52 2.14
-2.67 2.27
-2.78 2.36
-2.84 2.41
-2.84 2.41
-2.82 2.40
-2.76 2.35
-2.66 2.26
-2.52 2.14
-2.35 2.00
-2.15 1.83
-1.92 1.63
-1.69 1.44
-1.44 1.23
-1.17 0.99
-0.91 0.77
-0.65 0.55
-0.36 0.30
-0.03 0.03
0.30 -0.26
0.63 -0.53
0.95 -0.80
1.22 -1.04
1.47 -1.25
1.68 -1.43
1.85 -1.57
2.01 -1.70
2.13 -1.81
2.24 -1.90
2.33 -1.98
2.40 -2.04
2.45 -2.08
2.48 -2.11
2.50 -2.12
2.48 -2.11
2.47 -2.10
2.42 -2.06
2.36 -2.00
2.28 -1.94
2.19 -1.86
2.07 -1.76
1.93 -1.64
1.78 -1.51
1.61 -1.37
1.39 -1.18
1.16 -0.99
0.92 -0.78
0.64 -0.54
0.36 -0.31
0.09 -0.08
-0.17 0.15
-0.49 0.42
-0.82 0.69
-1.12 0.95
-1.41 1.20
-1.69 1.44
-1.95 1.66
-2.17 1.84
-2.36 2.01
-2.52 2.14
-2.66 2.26
-2.75 2.34
-2.79 2.38
-2.79 2.38
-2.75 2.34
-2.67 2.27
-2.55 2.17
-2.41 2.05
-2.24 1.91
-2.06 1.75
-1.86 1.58
-1.63 1.38
-1.38 1.18
-1.11 0.94
-0.83 0.71
-0.54 0.46
-0.23 0.20
0.07 -0.06
0.36 -0.31
0.67 -0.57
0.96 -0.82
1.24 -1.05
1.45 -1.24
1.65 -1.40
1.82 -1.55
1.96 -1.67
2.10 -1.78
2.20 -1.87
2.28 -1.94
2.36 -2.00
2.40 -2.04
2.43 -2.07
2.45 -2.08
2.43 -2.07
2.42 -2.06
2.37 -2.02
2.33 -1.98
2.25 -1.91
2.14 -1.82
2.02 -1.72
1.90 -1.61
1.73 -1.47
1.55 -1.31
1.33 -1.13
1.10 -0.94
0.86 -0.73
0.59 -0.51
0.30 -0.26
-0.00 0.00
-0.29 0.25
-0.57 0.49
-0.86 0.73
-1.14 0.97
-1.40 1.19
-1.66 1.41
-1.90 1.62
-2.12 1.80
-2.32 1.97
-2.47 2.10
-2.59 2.21
-2.67 2.27
-2.73 2.32
-2.73 2.32
-2.69 2.28
-2.61 2.22
-2.50 2.13
-2.36 2.01
-2.20 1.87
-2.01 1.71
-1.81 1.54
-1.60 1.36
-1.34 1.14
-1.08 0.92
-0.79 0.67
-0.49 0.42
-0.19 0.16
0.12 -0.10
0.41 -0.35
0.70 -0.60
0.99 -0.84
1.25 -1.07
1.47 -1.25
1.65 -1.40
1.82 -1.55
1.96 -1.67
2.08 -1.77
2.19 -1.86
2.28 -1.94
2.36 -2.00
2.42 -2.06
2.45 -2.08
2.45 -2.08
2.45 -2.08
2.42 -2.06
2.39 -2.03
2.33 -1.98
2.24 -1.90
2.14 -1.82
2.02 -1.72
1.87 -1.59
1.70 -1.44
1.51 -1.29
1.30 -1.10
1.07 -0.91
0.81 -0.69
0.53 -0.45
0.26 -0.22
-0.00 0.00
-0.33 0.28
-0.63 0.54
-0.94 0.80
-1.23 1.05
-1.51 1.28
-1.75 1.49
-1.98 1.68
-2.18 1.85
-2.36 2.01
-2.53 2.15
-2.66 2.26
-2.73 2.32
-2.76 2.35
-2.75 2.34
-2.70 2.30
-2.61 2.22
-2.49 2.11
-2.33 1.98
-2.18 1.85
-2.00 1.70
-1.77 1.50
-1.54 1.31
-1.28 1.08
-1.02 0.86
-0.72 0.62
-0.45 0.38
-0.16 0.13
0.13 -0.11
0.46 -0.39
0.78 -0.66
1.07 -0.91
1.32 -1.12
1.53 -1.30
1.71 -1.46
1.88 -1.60
2.01 -1.70
2.13 -1.81
2.22 -1.89
2.31 -1.96
2.37 -2.02
2.42 -2.06
2.43 -2.07
2.43 -2.07
2.42 -2.06
2.39 -2.03
2.34 -1.99
2.28 -1.94
2.19 -1.86
2.08 -1.77
1.96 -1.67
1.82 -1.55
1.65 -1.40
1.45 -1.24
1.25 -1.07
1.01 -0.86
0.75 -0.64
0.49 -0.41
0.21 -0.18
-0.08 0.07
-0.34 0.29
-0.65 0.55
-0.94 0.80
-1.21 1.03
-1.48 1.25
-1.72 1.46
-1.95 1.66
-2.15 1.83
-2.32 1.97
-2.47 2.10
-2.59 2.21
-2.67 2.27
-2.72 2.31
-2.70 2.30
-2.66 2.26
-2.56 2.18
-2.44 2.08
-2.30 1.96
-2.13 1.81
-1.97 1.67
-1.74 1.48
-1.51 1.28
-1.26 1.07
-0.98 0.84
-0.71 0.60
-0.42 0.35
-0.11 0.09
0.15 -0.13
0.47 -0.40
0.79 -0.67
1.07 -0.91
1.32 -1.12
1.53 -1.30
1.71 -1.46
1.87 -1.59
1.99 -1.69
2.11 -1.80
2.20 -1.87
2.30 -1.95
2.34 -1.99
2.39 -2.03
2.40 -2.04
2.40 -2.04
2.37 -2.02
2.34 -1.99
2.28 -1.94
2.22 -1.89
2.13 -1.81
2.04 -1.73
1.91 -1.63
1.78 -1.51
1.62 -1.38
1.42 -1.21
1.22 -1.04
0.99 -0.84
0.75 -0.64
0.49 -0.41
0.21 -0.18
-0.06 0.06
-0.31 0.26
-0.62 0.52
-0.88 0.75
-1.14 0.97
-1.38 1.18
-1.61 1.37
-1.84 1.57
-2.03 1.72
-2.20 1.87
-2.35 2.00
-2.47 2.10
-2.55 2.17
-2.59 2.21
-2.59 2.21
-2.56 2.18
-2.50 2.13
-2.40 2.04
-2.27 1.93
-2.13 1.81
-1.97 1.67
-1.77 1.50
-1.54 1.31
-1.29 1.10
-1.03 0.88
-0.77 0.65
-0.48 0.41
-0.19 0.16
0.10 -0.09
0.38 -0.32
0.69 -0.58
0.96 -0.82
1.21 -1.03
1.42 -1.21
1.59 -1.35
1.76 -1.50
1.88 -1.60
2.01 -1.70
2.11 -1.80
2.20 -1.87
2.27 -1.93
2.33 -1.98
2.36 -2.00
2.37 -2.02
2.36 -2.00
2.34 -1.99
2.30 -1.95
2.25 -1.91
2.17 -1.85
2.07 -1.76
1.96 -1.67
1.81 -1.53
1.65 -1.40
1.47 -1.25
1.27 -1.08
1.04 -0.88
0.79 -0.67
0.53 -0.45
0.26 -0.22
-0.02 0.02
-0.26 0.22
-0.56 0.47
-0.85 0.72
-1.11 0.94
-1.37 1.16
-1.60 1.36
-1.83 1.55
-2.01 1.71
-2.20 1.87
-2.33 1.98
-2.46 2.09
-2.55 2.17
-2.59 2.21
-2.61 2.22
-2.58 2.19
-2.52 2.14
-2.41 2.05
-2.29 1.95
-2.13 1.81
-1.97 1.67
-1.75 1.49
-1.54 1.31
-1.31 1.11
-1.06 0.90
-0.80 0.68
-0.52 0.45
-0.22 0.19
0.09 -0.08
0.40 -0.34
0.69 -0.58
0.96 -0.82
1.18 -1.00
1.39 -1.18
1.58 -1.34
1.73 -1.47
1.87 -1.59
1.97 -1.68
2.10 -1.78
2.19 -1.86
2.27 -1.93
2.31 -1.96
2.36 -2.00
2.37 -2.02
2.36 -2.00
2.34 -1.99
2.30 -1.95
2.24 -1.90
2.16 -1.83
2.07 -1.76
1.94 -1.65
1.81 -1.53
1.64 -1.39
1.47 -1.25
1.27 -1.08
1.05 -0.90
0.82 -0.70
0.58 -0.49
0.30 -0.26
0.01 -0.01
-0.28 0.24
-0.59 0.50
-0.88 0.75
-1.14 0.97
-1.40 1.19
-1.66 1.41
-1.90 1.62
-2.12 1.80
-2.30 1.96
-2.46 2.09
-2.56 2.18
-2.63 2.23
-2.66 2.26
-2.66 2.26
-2.61 2.22
-2.55 2.17
-2.44 2.08
-2.32 1.97
-2.18 1.85
-2.00 1.70
-1.80 1.53
-1.57 1.33
-1.34 1.14
-1.09 0.93
-0.85 0.72
-0.59 0.50
-0.28 0.24
0.04 -0.04
0.35 -0.30
0.66 -0.56
0.95 -0.80
1.18 -1.00
1.39 -1.18
1.58 -1.34
1.73 -1.47
1.85 -1.57
1.97 -1.68
2.07 -1.76
2.17 -1.85
2.24 -1.90
2.30 -1.95
2.33 -1.98
2.34 -1.99
2.34 -1.99
2.31 -1.96
2.28 -1.94
2.22 -1.89
2.14 -1.82
2.07 -1.76
1.94 -1.65
1.82 -1.55
1.67 -1.42
1.50 -1.27
1.30 -1.10
1.12 -0.95
0.89 -0.75
0.64 -0.54
0.36 -0.31
0.10 -0.09
-0.19 0.16
-0.48 0.41
-0.77 0.65
-1.05 0.89
-1.28 1.08
-1.52 1.29
-1.75 1.49
-1.97 1.67
-2.15 1.83
-2.32 1.97
-2.44 2.08
-2.53 2.15
-2.58 2.19
-2.59 2.21
-2.56 2.18
-2.52 2.14
-2.43 2.06
-2.32 1.97
-2.18 1.85
-2.01 1.71
-1.83 1.55
-1.61 1.37
-1.38 1.18
-1.14 0.97
-0.89 0.76
-0.65 0.55
-0.37 0.32
-0.08 0.07
0.23 -0.19
0.55 -0.47
0.84 -0.71
1.12 -0.95
1.35 -1.14
1.53 -1.30
1.70 -1.44
1.84 -1.56
1.94 -1.65
2.05 -1.74
2.14 -1.82
2.20 -1.87
2.27 -1.93
2.30 -1.95
2.31 -1.96
2.30 -1.95
2.28 -1.94
2.25 -1.91
2.19 -1.86
2.13 -1.81
2.04 -1.73
1.94 -1.65
1.82 -1.55
1.68 -1.43
1.53 -1.30
1.35 -1.14
1.15 -0.97
0.92 -0.78
0.69 -0.58
0.44 -0.37
0.18 -0.15
-0.06 0.06
-0.31 0.26
-0.59 0.50
-0.86 0.73
-1.09 0.93
-1.32 1.12
-1.52 1.29
-1.72 1.46
-1.89 1.61
-2.04 1.74
-2.20 1.87
-2.30 1.96
-2.40 2.04
-2.44 2.08
-2.46 2.09
-2.43 2.06
-2.38 2.02
-2.30 1.96
-2.20 1.87
-2.07 1.76
-1.90 1.62
-1.71 1.45
-1.49 1.27
-1.26 1.07
-1.00 0.85
-0.75 0.64
-0.48 0.41
-0.23 0.20
0.04 -0.04
0.35 -0.30
0.63 -0.53
0.90 -0.77
1.13 -0.96
1.33 -1.13
1.50 -1.27
1.65 -1.40
1.78 -1.51
1.90 -1.61
2.01 -1.70
2.10 -1.78
2.17 -1.85
2.22 -1.89
2.25 -1.91
2.27 -1.93
2.27 -1.93
2.24 -1.90
2.20 -1.87
2.14 -1.82
2.07 -1.76
1.97 -1.68
1.87 -1.59
1.74 -1.48
1.59 -1.35
1.42 -1.21
1.24 -1.05
1.02 -0.87
0.79 -0.67
0.56 -0.48
0.30 -0.26
0.06 -0.05
-0.19 0.16
-0.45 0.38
-0.74 0.63
-1.00 0.85
-1.25 1.06
-1.48 1.25
-1.67 1.42
-1.86 1.58
-2.01 1.71
-2.17 1.84
-2.29 1.95
-2.38 2.02
-2.44 2.08
-2.46 2.09
-2.44 2.08
-2.41 2.05
-2.33 1.98
-2.24 1.91
-2.13 1.81
-2.00 1.70
-1.81 1.54
-1.60 1.36
-1.38 1.18
-1.14 0.97
-0.88 0.75
-0.62 0.52
-0.36 0.30
-0.10 0.08
0.20 -0.17
0.49 -0.41
0.78 -0.66
1.04 -0.88
1.25 -1.07
1.45 -1.24
1.61 -1.37
1.74 -1.48
1.87 -1.59
1.97 -1.68
2.07 -1.76
2.14 -1.82
2.20 -1.87
2.25 -1.91
2.27 -1.93
2.27 -1.93
2.24 -1.90
2.20 -1.87
2.16 -1.83
2.10 -1.78
2.02 -1.72
1.93 -1.64
1.81 -1.53
1.68 -1.43
1.53 -1.30
1.35 -1.14
1.15 -0.97
0.93 -0.79
0.70 -0.60
0.47 -0.40
0.24 -0.21
-0.00 0.00
-0.28 0.24
-0.56 0.47
-0.80 0.68
-1.05 0.89
-1.25 1.06
-1.44 1.23
-1.61 1.37
-1.80 1.53
-1.97 1.67
-2.10 1.79
-2.23 1.89
-2.32 1.97
-2.38 2.02
-2.40 2.04
-2.38 2.02
-2.35 2.00
-2.29 1.95
-2.18 1.85
-2.06 1.75
-1.89 1.61
-1.71 1.45
-1.49 1.27
-1.26 1.07
-1.03 0.88
-0.79 0.67
-0.54 0.46
-0.29 0.25
-0.00 0.00
0.27 -0.23
0.56 -0.48
0.84 -0.71
1.09 -0.92
1.30 -1.10
1.47 -1.25
1.62 -1.38
1.74 -1.48
1.87 -1.59
1.96 -1.67
2.07 -1.76
2.14 -1.82
2.20 -1.87
2.25 -1.91
2.27 -1.93
2.25 -1.91
2.24 -1.90
2.20 -1.87
2.16 -1.83
2.08 -1.77
2.01 -1.70
1.90 -1.61
1.78 -1.51
1.62 -1.38
1.45 -1.24
1.27 -1.08
1.07 -0.91
0.86 -0.73
0.61 -0.52
0.36 -0.31
0.12 -0.10
-0.13 0.11
-0.39 0.33
-0.68 0.58
-0.94 0.80
-1.18 1.01
-1.41 1.20
-1.63 1.38
-1.81 1.54
-1.98 1.68
-2.13 1.81
-2.26 1.92
-2.35 2.00
-2.41 2.05
-2.44 2.08
-2.44 2.08
-2.40 2.04
-2.33 1.98
-2.26 1.92
-2.15 1.83
-2.01 1.71
-1.84 1.57
-1.64 1.40
-1.43 1.22
-1.18 1.01
-0.94 0.80
-0.68 0.58
-0.42 0.35
-0.17 0.15
0.12 -0.10
0.41 -0.35
0.70 -0.60
0.96 -0.82
1.19 -1.01
1.38 -1.17
1.55 -1.31
1.68 -1.43
1.81 -1.53
1.91 -1.63
2.02 -1.72
2.10 -1.78
2.16 -1.83
2.22 -1.89
2.24 -1.90
2.25 -1.91
2.24 -1.90
2.20 -1.87
2.16 -1.83
2.11 -1.80
2.04 -1.73
1.94 -1.65
1.82 -1.55
1.70 -1.44
1.55 -1.31
1.36 -1.16
1.18 -1.00
0.96 -0.82
0.73 -0.62
0.49 -0.41
0.23 -0.19
-0.02 0.02
-0.25 0.21
-0.52 0.45
-0.79 0.67
-1.03 0.88
-1.25 1.06
-1.46 1.24
-1.64 1.40
-1.83 1.55
-2.00 1.70
-2.12 1.80
-2.24 1.91
-2.33 1.98
-2.40 2.04
-2.41 2.05
-2.40 2.04
-2.35 2.00
-2.29 1.95
-2.18 1.85
-2.06 1.75
-1.90 1.62
-1.74 1.48
-1.54 1.31
-1.31 1.11
-1.08 0.92
-0.82 0.69
-0.56 0.47
-0.28 0.24
-0.00 0.00
0.24 -0.21
0.53 -0.45
0.81 -0.69
1.07 -0.91
1.27 -1.08
1.45 -1.24
1.61 -1.37
1.74 -1.48
1.87 -1.59
1.96 -1.67
2.05 -1.74
2.13 -1.81
2.19 -1.86
2.22 -1.89
2.24 -1.90
2.24 -1.90
2.20 -1.87
2.17 -1.85
2.13 -1.81
2.07 -1.76
1.99 -1.69
1.88 -1.60
1.78 -1.51
1.64 -1.39
1.47 -1.25
1.28 -1.09
1.09 -0.92
0.87 -0.74
0.63 -0.53
0.40 -0.34
0.13 -0.11
-0.13 0.11
-0.39 0.33
-0.63 0.54
-0.88 0.75
-1.11 0.94
-1.34 1.14
-1.54 1.31
-1.72 1.46
-1.90 1.62
-2.06 1.75
-2.20 1.87
-2.29 1.95
-2.35 2.00
-2.40 2.04
-2.40 2.04
-2.38 2.02
-2.33 1.98
-2.24 1.91
-2.13 1.81
-2.00 1.70
-1.84 1.57
-1.66 1.41
-1.46 1.24
-1.25 1.06
-1.00 0.85
-0.74 0.63
-0.48 0.41
-0.20 0.17
0.07 -0.06
0.33 -0.28
0.61 -0.52
0.87 -0.74
1.10 -0.94
1.28 -1.09
1.45 -1.24
1.61 -1.37
1.73 -1.47
1.84 -1.56
1.94 -1.65
2.04 -1.73
2.11 -1.80
2.17 -1.85
2.20 -1.87
2.22 -1.89
2.22 -1.89
2.19 -1.86
2.16 -1.83
2.10 -1.78
2.04 -1.73
1.94 -1.65
1.84 -1.56
1.71 -1.46
1.56 -1.33
1.39 -1.18
1.21 -1.03
0.99 -0.84
0.76 -0.65
0.52 -0.44
0.27 -0.23
0.01 -0.01
-0.26 0.22
-0.52 0.45
-0.77 0.65
-1.03 0.88
-1.28 1.08
-1.49 1.27
-1.71 1.45
-1.89 1.61
-2.06 1.75
-2.20 1.87
-2.30 1.96
-2.38 2.02
-2.43 2.06
-2.44 2.08
-2.43 2.06
-2.38 2.02
-2.32 1.97
-2.23 1.89
-2.09 1.78
-1.95 1.66
-1.77 1.50
-1.57 1.33
-1.35 1.15
-1.14 0.97
-0.89 0.76
-0.62 0.52
-0.36 0.30
-0.06 0.06
0.23 -0.19
0.52 -0.44
0.78 -0.66
1.02 -0.87
1.24 -1.05
1.42 -1.21
1.58 -1.34
1.71 -1.46
1.84 -1.56
1.93 -1.64
2.02 -1.72
2.11 -1.80
2.17 -1.85
2.20 -1.87
2.22 -1.89
2.22 -1.89
2.20 -1.87
2.16 -1.83
2.11 -1.80
2.05 -1.74
1.97 -1.68
1.88 -1.60
1.79 -1.52
1.65 -1.40
1.50 -1.27
1.33 -1.13
1.13 -0.96
0.93 -0.79
0.70 -0.60
0.46 -0.39
0.21 -0.18
-0.05 0.04
-0.29 0.25
-0.54 0.46
-0.79 0.67
-1.02 0.86
-1.23 1.05
-1.43 1.22
-1.61 1.37
-1.78 1.51
-1.94 1.65
-2.06 1.75
-2.18 1.85
-2.27 1.93
-2.33 1.98
-2.36 2.01
-2.35 2.00
-2.30 1.96
-2.24 1.91
-2.15 1.83
-2.03 1.72
-1.87 1.59
-1.71 1.45
-1.51 1.28
-1.29 1.10
-1.06 0.90
-0.82 0.69
-0.56 0.47
-0.29 0.25
-0.02 0.02
0.21 -0.18
0.50 -0.43
0.78 -0.66
1.02 -0.87
1.24 -1.05
1.41 -1.20
1.56 -1.33
1.70 -1.44
1.82 -1.55
1.91 -1.63
2.01 -1.70
2.08 -1.77
2.14 -1.82
2.17 -1.85
2.20 -1.87
2.20 -1.87
2.17 -1.85
2.16 -1.83
2.10 -1.78
2.05 -1.74
1.96 -1.67
1.87 -1.59
1.74 -1.48
1.61 -1.37
1.45 -1.24
1.27 -1.08
1.07 -0.91
0.86 -0.73
0.61 -0.52
0.38 -0.32
0.12 -0.10
-0.14 0.12
-0.39 0.33
-0.63 0.54
-0.88 0.75
-1.12 0.95
-1.34 1.14
-1.55 1.32
-1.74 1.48
-1.90 1.62
-2.04 1.74
-2.17 1.84
-2.26 1.92
-2.33 1.98
-2.38 2.02
-2.38 2.02
-2.35 2.00
-2.30 1.96
-2.23 1.89
-2.12 1.80
-1.98 1.68
-1.83 1.55
-1.66 1.41
-1.46 1.24
-1.23 1.05
-1.00 0.85
-0.74 0.63
-0.48 0.41
-0.20 0.17
0.06 -0.05
0.32 -0.27
0.59 -0.51
0.86 -0.73
1.07 -0.91
1.27 -1.08
1.44 -1.22
1.58 -1.34
1.70 -1.44
1.81 -1.53
1.91 -1.63
2.01 -1.70
2.08 -1.77
2.13 -1.81
2.17 -1.85
2.19 -1.86
2.17 -1.85
2.14 -1.82
2.11 -1.80
2.05 -1.74
1.99 -1.69
1.90 -1.61
1.79 -1.52
1.67 -1.42
1.53 -1.30
1.38 -1.17
1.19 -1.01
0.99 -0.84
0.78 -0.66
0.53 -0.45
0.29 -0.24
0.04 -0.04
-0.22 0.19
-0.48 0.41
-0.74 0.63
-0.97 0.82
-1.20 1.02
-1.41 1.20
-1.61 1.37
-1.80 1.53
-1.97 1.67
-2.10 1.79
-2.21 1.88
-2.29 1.95
-2.33 1.98
-2.36 2.01
-2.35 2.00
-2.32 1.97
-2.26 1.92
-2.18 1.85
-2.07 1.76
-1.94 1.65
-1.77 1.50
-1.57 1.33
-1.35 1.15
-1.14 0.97
-0.92 0.79
-0.66 0.56
-0.40 0.34
-0.13 0.11
0.15 -0.13
0.44 -0.37
0.72 -0.61
0.96 -0.82
1.16 -0.99
1.33 -1.13
1.48 -1.26
1.62 -1.38
1.74 -1.48
1.84 -1.56
1.94 -1.65
2.02 -1.72
2.08 -1.77
2.13 -1.81
2.16 -1.83
2.17 -1.85
2.16 -1.83
2.13 -1.81
2.10 -1.78
2.04 -1.73
1.96 -1.67
1.87 -1.59
1.74 -1.48
1.62 -1.38
1.45 -1.24
1.28 -1.09
1.10 -0.94
0.89 -0.75
0.67 -0.57
0.46 -0.39
0.23 -0.19
-0.02 0.02
-0.28 0.24
-0.56 0.47
-0.80 0.68
-1.02 0.86
-1.20 1.02
-1.40 1.19
-1.58 1.35
-1.75 1.49
-1.90 1.62
-2.04 1.74
-2.15 1.83
-2.24 1.91
-2.30 1.96
-2.32 1.97
-2.32 1.97
-2.27 1.93
-2.21 1.88
-2.12 1.80
-2.00 1.70
-1.86 1.58
-1.67 1.42
-1.49 1.27
-1.28 1.08
-1.08 0.92
-0.85 0.72
-0.60 0.51
-0.33 0.28
-0.05 0.04
0.21 -0.18
0.49 -0.41
0.75 -0.64
0.96 -0.82
1.18 -1.00
1.36 -1.16
1.51 -1.29
1.64 -1.39
1.76 -1.50
1.87 -1.59
1.96 -1.67
2.04 -1.73
2.10 -1.78
2.13 -1.81
2.14 -1.82
2.14 -1.82
2.13 -1.81
2.10 -1.78
2.05 -1.74
1.99 -1.69
1.91 -1.63
1.82 -1.55
1.71 -1.46
1.59 -1.35
1.44 -1.22
1.27 -1.08
1.09 -0.92
0.87 -0.74
0.66 -0.56
0.43 -0.36
0.18 -0.15
-0.06 0.06
-0.33 0.28
-0.57 0.49
-0.79 0.67
-1.02 0.86
-1.20 1.02
-1.40 1.19
-1.57 1.33
-1.74 1.48
-1.89 1.61
-2.01 1.71
-2.12 1.80
-2.20 1.87
-2.24 1.91
-2.27 1.93
-2.26 1.92
-2.23 1.89
-2.17 1.84
-2.07 1.76
-1.95 1.66
-1.80 1.53
-1.61 1.37
-1.43 1.22
-1.21 1.03
-1.00 0.85
-0.79 0.67
-0.54 0.46
-0.28 0.24
-0.02 0.02
0.26 -0.22
0.52 -0.44
0.78 -0.66
0.99 -0.84
1.19 -1.01
1.36 -1.16
1.51 -1.29
1.65 -1.40
1.76 -1.50
1.87 -1.59
1.94 -1.65
2.02 -1.72
2.08 -1.77
2.11 -1.80
2.13 -1.81
2.13 -1.81
2.10 -1.78
2.07 -1.76
2.02 -1.72
1.96 -1.67
1.88 -1.60
1.79 -1.52
1.68 -1.43
1.56 -1.33
1.41 -1.20
1.24 -1.05
1.04 -0.88
0.84 -0.71
0.61 -0.52
0.38 -0.32
0.13 -0.11
-0.11 0.09
-0.36 0.30
-0.57 0.49
-0.80 0.68
-1.03 0.88
-1.23 1.05
-1.41 1.20
-1.58 1.35
-1.74 1.48
-1.89 1.61
-2.00 1.70
-2.09 1.78
-2.17 1.84
-2.23 1.89
-2.24 1.91
-2.23 1.89
-2.20 1.87
-2.12 1.80
-2.03 1.72
-1.90 1.62
-1.75 1.49
-1.58 1.35
-1.41 1.20
-1.20 1.02
-0.98 0.84
-0.75 0.64
-0.51 0.43
-0.26 0.22
0.01 -0.01
0.26 -0.22
0.50 -0.43
0.75 -0.64
0.96 -0.82
1.16 -0.99
1.32 -1.12
1.45 -1.24
1.58 -1.34
1.70 -1.44
1.81 -1.53
1.90 -1.61
1.97 -1.68
2.04 -1.73
2.08 -1.77
2.10 -1.78
2.10 -1.78
2.08 -1.77
2.05 -1.74
2.01 -1.70
1.94 -1.65
1.85 -1.57
1.76 -1.50
1.64 -1.39
1.50 -1.27
1.33 -1.13
1.16 -0.99
0.96 -0.82
0.76 -0.65
0.53 -0.45
0.30 -0.26
0.07 -0.06
-0.14 0.12
-0.40 0.34
-0.66 0.56
-0.91 0.77
-1.12 0.95
-1.34 1.14
-1.51 1.28
-1.66 1.41
-1.81 1.54
-1.95 1.66
-2.06 1.75
-2.15 1.83
-2.21 1.88
-2.24 1.91
-2.24 1.91
-2.23 1.89
-2.18 1.85
-2.12 1.80
-2.03 1.72
-1.89 1.61
-1.74 1.48
-1.55 1.32
-1.35 1.15
-1.14 0.97
-0.91 0.77
-0.68 0.58
-0.45 0.38
-0.20 0.17
0.06 -0.05
0.33 -0.28
0.59 -0.51
0.84 -0.71
1.05 -0.90
1.22 -1.04
1.38 -1.17
1.51 -1.29
1.62 -1.38
1.73 -1.47
1.82 -1.55
1.90 -1.61
1.97 -1.68
2.04 -1.73
2.08 -1.77
2.10 -1.78
2.10 -1.78
2.08 -1.77
2.04 -1.73
1.99 -1.69
1.91 -1.63
1.82 -1.55
1.73 -1.47
1.59 -1.35
1.45 -1.24
1.30 -1.10
1.12 -0.95
0.95 -0.80
0.73 -0.62
0.52 -0.44
0.29 -0.24
0.04 -0.04
-0.22 0.19
-0.48 0.41
-0.72 0.62
-0.95 0.81
-1.15 0.98
-1.35 1.15
-1.55 1.32
-1.71 1.45
-1.86 1.58
-2.00 1.70
-2.10 1.79
-2.18 1.85
-2.23 1.89
-2.26 1.92
-2.26 1.92
-2.23 1.89
-2.18 1.85
-2.10 1.79
-2.00 1.70
-1.87 1.59
-1.71 1.45
-1.52 1.29
-1.34 1.14
-1.12 0.95
-0.91 0.77
-0.68 0.58
-0.42 0.35
-0.16 0.13
0.10 -0.09
0.38 -0.32
0.64 -0.54
0.87 -0.74
1.05 -0.90
1.24 -1.05
1.39 -1.18
1.53 -1.30
1.65 -1.40
1.74 -1.48
1.84 -1.56
1.93 -1.64
1.99 -1.69
2.05 -1.74
2.07 -1.76
2.08 -1.77
2.07 -1.76
2.04 -1.73
2.01 -1.70
1.96 -1.67
1.88 -1.60
1.81 -1.53
1.71 -1.46
1.59 -1.35
1.45 -1.24
1.30 -1.10
1.12 -0.95
0.93 -0.79
0.72 -0.61
0.50 -0.43
0.27 -0.23
0.04 -0.04
-0.20 0.17
-0.43 0.37
-0.65 0.55
-0.88 0.75
-1.09 0.93
-1.29 1.10
-1.48 1.25
-1.63 1.38
-1.77 1.50
-1.90 1.62
-2.00 1.70
-2.09 1.78
-2.15 1.83
-2.18 1.85
-2.18 1.85
-2.17 1.84
-2.12 1.80
-2.06 1.75
-1.95 1.66
-1.84 1.57
-1.69 1.44
-1.52 1.29
-1.32 1.12
-1.11 0.94
-0.89 0.76
-0.66 0.56
-0.42 0.35
-0.19 0.16
0.06 -0.05
0.32 -0.27
0.58 -0.49
0.81 -0.69
1.02 -0.87
1.19 -1.01
1.35 -1.14
1.48 -1.26
1.59 -1.35
1.70 -1.44
1.79 -1.52
1.87 -1.59
1.93 -1.64
1.99 -1.69
2.01 -1.70
2.02 -1.72
2.02 -1.72
1.99 -1.69
1.96 -1.67
1.91 -1.63
1.85 -1.57
1.78 -1.51
1.67 -1.42
1.55 -1.31
1.41 -1.20
1.25 -1.07
1.09 -0.92
0.90 -0.77
0.70 -0.60
0.50 -0.43
0.29 -0.24
0.09 -0.08
-0.14 0.12
-0.39 0.33
-0.63 0.54
-0.86 0.73
-1.06 0.90
-1.23 1.05
-1.38 1.18
-1.54 1.31
-1.66 1.41
-1.78 1.51
-1.89 1.61
-1.98 1.68
-2.04 1.74
-2.07 1.76
-2.09 1.78
-2.06 1.75
-2.03 1.72
-1.97 1.67
-1.87 1.59
-1.77 1.50
-1.63 1.38
-1.46 1.24
-1.28 1.08
-1.08 0.92
-0.86 0.73
-0.65 0.55
-0.45 0.38
-0.22 0.19
0.04 -0.04
0.29 -0.24
0.55 -0.47
0.78 -0.66
0.98 -0.83
1.13 -0.96
1.28 -1.09
1.41 -1.20
1.51 -1.29
1.61 -1.37
1.71 -1.46
1.79 -1.52
1.85 -1.57
1.91 -1.63
1.94 -1.65
1.97 -1.68
1.96 -1.67
1.94 -1.65
1.91 -1.63
1.87 -1.59
1.81 -1.53
1.73 -1.47
1.62 -1.38
1.50 -1.27
1.36 -1.16
1.21 -1.03
1.05 -0.90
0.87 -0.74
0.69 -0.58
0.49 -0.41
0.29 -0.24
0.07 -0.06
-0.16 0.13
-0.39 0.33
-0.62 0.52
-0.83 0.71
-1.02 0.86
-1.18 1.01
-1.32 1.12
-1.46 1.24
-1.58 1.35
-1.71 1.45
-1.80 1.53
-1.87 1.59
-1.94 1.65
-1.97 1.67
-1.98 1.68
-1.98 1.68
-1.95 1.66
-1.89 1.61
-1.80 1.53
-1.69 1.44
-1.54 1.31
-1.38 1.18
-1.21 1.03
-1.03 0.88
-0.83 0.71
-0.63 0.54
-0.42 0.35
-0.20 0.17
0.04 -0.04
0.29 -0.24
0.53 -0.45
0.75 -0.64
0.93 -0.79
1.10 -0.94
1.24 -1.05
1.35 -1.14
1.47 -1.25
1.56 -1.33
1.65 -1.40
1.74 -1.48
1.82 -1.55
1.87 -1.59
1.91 -1.63
1.93 -1.64
1.94 -1.65
1.91 -1.63
1.88 -1.60
1.84 -1.56
1.78 -1.51
1.70 -1.44
1.59 -1.35
1.47 -1.25
1.33 -1.13
1.19 -1.01
1.02 -0.87
0.86 -0.73
0.66 -0.56
0.47 -0.40
0.29 -0.24
0.07 -0.06
-0.16 0.13
-0.37 0.32
-0.60 0.51
-0.82 0.69
-1.00 0.85
-1.14 0.97
-1.29 1.10
-1.41 1.20
-1.54 1.31
-1.64 1.40
-1.74 1.48
-1.81 1.54
-1.87 1.59
-1.90 1.62
-1.92 1.63
-1.90 1.62
-1.87 1.59
-1.81 1.54
-1.74 1.48
-1.63 1.38
-1.49 1.27
-1.34 1.14
-1.17 0.99
-1.00 0.85
-0.82 0.69
-0.63 0.54
-0.42 0.35
-0.19 0.16
0.06 -0.05
0.29 -0.24
0.52 -0.44
0.73 -0.62
0.90 -0.77
1.05 -0.90
1.19 -1.01
1.32 -1.12
1.42 -1.21
1.51 -1.29
1.62 -1.38
1.70 -1.44
1.78 -1.51
1.84 -1.56
1.87 -1.59
1.90 -1.61
1.88 -1.60
1.87 -1.59
1.84 -1.56
1.79 -1.52
1.73 -1.47
1.65 -1.40
1.56 -1.33
1.45 -1.24
1.32 -1.12
1.18 -1.00
1.02 -0.87
0.87 -0.74
0.69 -0.58
0.49 -0.41
0.29 -0.24
0.09 -0.08
-0.14 0.12
-0.36 0.30
-0.56 0.47
-0.74 0.63
-0.91 0.77
-1.08 0.92
-1.21 1.03
-1.34 1.14
-1.44 1.23
-1.54 1.31
-1.63 1.38
-1.71 1.45
-1.75 1.49
-1.80 1.53
-1.81 1.54
-1.80 1.53
-1.77 1.50
-1.72 1.46
-1.63 1.38
-1.54 1.31
-1.40 1.19
-1.26 1.07
-1.11 0.94
-0.94 0.80
-0.79 0.67
-0.59 0.50
-0.39 0.33
-0.16 0.13
0.06 -0.05
0.29 -0.24
0.52 -0.44
0.72 -0.61
0.89 -0.75
1.02 -0.87
1.16 -0.99
1.27 -1.08
1.36 -1.16
1.47 -1.25
1.56 -1.33
1.65 -1.40
1.73 -1.47
1.79 -1.52
1.82 -1.55
1.84 -1.56
1.84 -1.56
1.82 -1.55
1.79 -1.52
1.74 -1.48
1.68 -1.43
1.61 -1.37
1.51 -1.29
1.41 -1.20
1.28 -1.09
1.15 -0.97
0.99 -0.84
0.82 -0.70
0.66 -0.56
0.47 -0.40
0.27 -0.23
0.07 -0.06
-0.13 0.11
-0.33 0.28
-0.51 0.43
-0.69 0.59
-0.86 0.73
-1.02 0.86
-1.14 0.97
-1.25 1.06
-1.35 1.15
-1.44 1.23
-1.51 1.28
-1.57 1.33
-1.63 1.38
-1.66 1.41
-1.67 1.42
-1.66 1.41
-1.63 1.38
-1.58 1.35
-1.51 1.28
-1.41 1.20
-1.29 1.10
-1.17 0.99
-1.03 0.88
-0.86 0.73
-0.69 0.59
-0.51 0.43
-0.31 0.26
-0.10 0.08
0.10 -0.09
0.30 -0.26
0.52 -0.44
0.72 -0.61
0.89 -0.75
1.02 -0.87
1.15 -0.97
1.25 -1.07
1.35 -1.14
1.44 -1.22
1.51 -1.29
1.61 -1.37
1.67 -1.42
1.73 -1.47
1.76 -1.50
1.78 -1.51
1.76 -1.50
1.74 -1.48
1.71 -1.46
1.67 -1.42
1.61 -1.37
1.53 -1.30
1.44 -1.22
1.33 -1.13
1.21 -1.03
1.07 -0.91
0.92 -0.78
0.76 -0.65
0.59 -0.51
0.41 -0.35
0.23 -0.19
0.04 -0.04
-0.13 0.11
-0.31 0.26
-0.51 0.43
-0.69 0.59
-0.85 0.72
-0.97 0.82
-1.09 0.93
-1.17 0.99
-1.25 1.06
-1.32 1.12
-1.38 1.18
-1.43 1.22
-1.48 1.25
-1.51 1.28
-1.51 1.28
-1.51 1.28
-1.48 1.25
-1.41 1.20
-1.35 1.15
-1.25 1.06
-1.14 0.97
-1.00 0.85
-0.86 0.73
-0.69 0.59
-0.52 0.45
-0.37 0.32
-0.19 0.16
0.01 -0.01
0.21 -0.18
0.43 -0.36
0.61 -0.52
0.78 -0.66
0.92 -0.78
1.04 -0.88
1.13 -0.96
1.22 -1.04
1.30 -1.10
1.39 -1.18
1.47 -1.25
1.55 -1.31
1.61 -1.37
1.65 -1.40
1.67 -1.42
1.67 -1.42
1.65 -1.40
1.62 -1.38
1.59 -1.35
1.53 -1.30
1.47 -1.25
1.39 -1.18
1.28 -1.09
1.18 -1.00
1.05 -0.90
0.93 -0.79
0.79 -0.67
0.64 -0.54
0.49 -0.41
0.32 -0.27
0.13 -0.11
-0.03 0.03
-0.20 0.17
-0.39 0.33
-0.52 0.45
-0.65 0.55
-0.77 0.65
-0.86 0.73
-0.94 0.80
-1.00 0.85
-1.05 0.89
-1.09 0.93
-1.12 0.95
-1.15 0.98
-1.17 0.99
-1.17 0.99
-1.15 0.98
-1.14 0.97
-1.08 0.92
-1.02 0.86
-0.94 0.80
-0.83 0.71
-0.71 0.60
-0.56 0.47
-0.40 0.34
-0.25 0.21
-0.10 0.08
0.07 -0.06
0.24 -0.21
0.43 -0.36
0.59 -0.51
0.75 -0.64
0.86 -0.73
0.96 -0.82
1.05 -0.90
1.15 -0.97
1.22 -1.04
1.30 -1.10
1.36 -1.16
1.42 -1.21
1.48 -1.26
1.51 -1.29
1.53 -1.30
1.53 -1.30
1.51 -1.29
1.48 -1.26
1.44 -1.22
1.39 -1.18
1.32 -1.12
1.24 -1.05
1.15 -0.97
1.04 -0.88
0.92 -0.78
0.79 -0.67
0.67 -0.57
0.53 -0.45
0.41 -0.35
0.26 -0.22
0.10 -0.09
-0.05 0.04
-0.20 0.17
-0.36 0.30
-0.48 0.41
-0.57 0.49
-0.66 0.56
-0.74 0.63
-0.79 0.67
-0.82 0.69
-0.83 0.71
-0.85 0.72
-0.83 0.71
-0.83 0.71
-0.82 0.69
-0.79 0.67
-0.75 0.64
-0.69 0.59
-0.65 0.55
-0.56 0.47
-0.43 0.37
-0.31 0.26
-0.17 0.15
-0.00 0.00
0.13 -0.11
0.30 -0.26
0.46 -0.39
0.61 -0.52
0.73 -0.62
0.84 -0.71
0.93 -0.79
1.01 -0.86
1.07 -0.91
1.13 -0.96
1.19 -1.01
1.25 -1.07
1.32 -1.12
1.36 -1.16
1.39 -1.18
1.39 -1.18
1.38 -1.17
1.36 -1.16
1.32 -1.12
1.27 -1.08
1.22 -1.04
1.16 -0.99
1.09 -0.92
1.01 -0.86
0.90 -0.77
0.79 -0.67
0.67 -0.57
0.56 -0.48
0.43 -0.36
0.30 -0.26
0.18 -0.15
0.06 -0.05
-0.06 0.06
-0.19 0.16
-0.33 0.28
-0.43 0.37
-0.52 0.45
-0.59 0.50
-0.62 0.52
-0.65 0.55
-0.65 0.55
-0.65 0.55
-0.65 0.55
-0.65 0.55
-0.65 0.55
-0.63 0.54
-0.62 0.52
-0.59 0.50
-0.52 0.45
-0.46 0.39
-0.37 0.32
-0.26 0.22
-0.13 0.11
0.01 -0.01
0.17 -0.14
0.30 -0.26
0.43 -0.36
0.53 -0.45
0.63 -0.53
0.70 -0.60
0.76 -0.65
0.82 -0.70
0.89 -0.75
0.96 -0.82
1.02 -0.87
1.09 -0.92
1.13 -0.96
1.18 -1.00
1.18 -1.00
1.18 -1.00
1.16 -0.99
1.15 -0.97
1.12 -0.95
1.09 -0.92
1.05 -0.90
0.99 -0.84
0.93 -0.79
0.86 -0.73
0.78 -0.66
0.70 -0.60
0.61 -0.52
0.52 -0.44
0.43 -0.36
0.32 -0.27
0.23 -0.19
0.12 -0.10
0.01 -0.01
-0.10 0.08
-0.19 0.16
-0.28 0.24
-0.36 0.30
-0.40 0.34
-0.43 0.37
-0.43 0.37
-0.43 0.37
-0.42 0.35
-0.40 0.34
-0.39 0.33
-0.37 0.32
-0.34 0.29
-0.31 0.26
-0.26 0.22
-0.20 0.17
-0.13 0.11
-0.03 0.03
0.07 -0.06
0.20 -0.17
0.33 -0.28
0.44 -0.37
0.52 -0.44
0.59 -0.51
0.66 -0.56
0.72 -0.61
0.76 -0.65
0.81 -0.69
0.84 -0.71
0.90 -0.77
0.95 -0.80
0.98 -0.83
1.01 -0.86
1.01 -0.86
0.99 -0.84
0.98 -0.83
0.96 -0.82
0.93 -0.79
0.89 -0.75
0.86 -0.73
0.79 -0.67
0.75 -0.64
0.69 -0.58
0.61 -0.52
0.55 -0.47
0.47 -0.40
0.40 -0.34
0.33 -0.28
0.24 -0.21
0.17 -0.14
0.09 -0.08
-0.00 0.00
-0.08 0.07
-0.14 0.12
-0.19 0.16
-0.22 0.19
-0.23 0.20
-0.22 0.19
-0.20 0.17
-0.17 0.15
-0.14 0.12
-0.13 0.11
-0.10 0.08
-0.06 0.06
-0.02 0.02
0.04 -0.04
0.10 -0.09
0.18 -0.15
0.24 -0.21
0.30 -0.26
0.36 -0.31
0.41 -0.35
0.46 -0.39
0.50 -0.43
0.53 -0.45
0.58 -0.49
0.63 -0.53
0.66 -0.56
0.69 -0.58
0.70 -0.60
0.70 -0.60
0.69 -0.58
0.69 -0.58
0.69 -0.58
0.67 -0.57
0.66 -0.56
0.63 -0.53
0.59 -0.51
0.56 -0.48
0.53 -0.45
0.50 -0.43
0.46 -0.39
0.41 -0.35
0.38 -0.32
0.33 -0.28
0.29 -0.24
0.24 -0.21
0.20 -0.17
0.15 -0.13
0.12 -0.10
0.07 -0.06
0.03 -0.02
-0.00 0.00
-0.03 0.03
-0.06 0.06
-0.06 0.06
-0.06 0.06
-0.03 0.03
-0.00 0.00
0.04 -0.04
0.09 -0.08
0.13 -0.11
0.17 -0.14
0.18 -0.15
0.18 -0.15
0.18 -0.15
0.18 -0.15
0.20 -0.17
0.21 -0.18
0.24 -0.21
0.27 -0.23
0.29 -0.24
0.30 -0.26
0.32 -0.27
0.33 -0.28
0.32 -0.27
0.32 -0.27
0.32 -0.27
0.32 -0.27
0.32 -0.27
0.32 -0.27
0.32 -0.27
0.30 -0.26
0.30 -0.26
0.30 -0.26
0.30 -0.26
0.30 -0.26
0.30 -0.26
0.30 -0.26
0.30 -0.26
0.29 -0.24
0.29 -0.24
0.30 -0.26
0.29 -0.24
0.29 -0.24
0.29 -0.24
0.29 -0.24
0.29 -0.24
0.29 -0.24
0.29 -0.24
0.29 -0.24
0.29 -0.24
0.29 -0.24
0.29 -0.24
0.29 -0.24
0.29 -0.24
0.29 -0.24
0.29 -0.24
0.29 -0.24
0.29 -0.24
0.29 -0.24
0.29 -0.24
0.29 -0.24
0.29 -0.24
0.29 -0.24
0.29 -0.24
0.29 -0.24
0.29 -0.24
0.29 -0.24
0.29 -0.24
0.29 -0.24
0.29 -0.24
0.29 -0.24
0.29 -0.24
0.29 -0.24
0.29 -0.24
0.29 -0.24
0.29 -0.24
0.29 -0.24
0.29 -0.24
0.29 -0.24
0.29 -0.24
0.29 -0.24
0.29 -0.24
0.29 -0.24
0.29 -0.24
0.29 -0.24
0.29 -0.24
0.29 -0.24
0.29 -0.24
0.29 -0.24
0.29 -0.24
0.29 -0.24
0.29 -0.24
0.29 -0.24
0.29 -0.24
0.29 -0.24
0.29 -0.24
0.29 -0.24
0.29 -0.24
0.29 -0.24
0.29 -0.24
0.29 -0.24
0.29 -0.24
0.29 -0.24
0.29 -0.24
0.29 -0.24
0.29 -0.24
0.29 -0.24
0.29 -0.24
0.29 -0.24
0.29 -0.24
0.29 -0.24
0.29 -0.24
0.29 -0.24
0.29 -0.24
0.29 -0.24
0.29 -0.24
0.29 -0.24
0.29 -0.24
0.29 -0.24
0.29 -0.24
0.29 -0.24
0.29 -0.24
0.29 -0.24
0.29 -0.24
0.29 -0.24
0.29 -0.24
0.29 -0.24
0.29 -0.24
0.29 -0.24
0.29 -0.24
0.29 -0.24
0.29 -0.24
0.29 -0.24
0.29 -0.24
0.29 -0.24
0.29 -0.24
0.29 -0.24
0.29 -0.24
0.29 -0.24
0.29 -0.24
0.29 -0.24
0.29 -0.24
0.29 -0.24
0.29 -0.24
0.29 -0.24
0.29 -0.24
0.29 -0.24
0.29 -0.24
0.29 -0.24
0.29 -0.24
0.29 -0.24
0.29 -0.24
0.29 -0.24
0.29 -0.24
0.29 -0.24
0.29 -0.24
0.29 -0.24
0.29 -0.24
0.29 -0.24
0.29 -0.24
0.29 -0.24
0.29 -0.24
0.29 -0.24
0.29 -0.24
0.29 -0.24
0.29 -0.24
0.29 -0.24
0.29 -0.24
0.29 -0.24
0.29 -0.24
0.29 -0.24
0.29 -0.24
0.29 -0.24
0.29 -0.24
0.29 -0.24
0.29 -0.24
0.29 -0.24
0.29 -0.24
0.29 -0.24
0.29 -0.24
0.29 -0.24
0.29 -0.24
0.29 -0.24
0.29 -0.24
0.29 -0.24
0.29 -0.24
0.29 -0.24
0.29 -0.24
0.29 -0.24
0.29 -0.24
0.29 -0.24
0.29 -0.24
0.29 -0.24
0.29 -0.24
0.29 -0.24
0.29 -0.24
0.29 -0.24
0.29 -0.24
0.29 -0.24
0.29 -0.24
0.29 -0.24
0.29 -0.24
0.29 -0.24
0.29 -0.24
0.29 -0.24
0.29 -0.24
0.29 -0.24
0.29 -0.24
0.29 -0.24
0.29 -0.24
0.29 -0.24
0.29 -0.24
0.29 -0.24
0.29 -0.24
0.29 -0.24
0.29 -0.24
0.29 -0.24
0.29 -0.24
0.29 -0.24
0.29 -0.24
0.29 -0.24
0.29 -0.24
0.29 -0.24
0.29 -0.24
0.29 -0.24
0.29 -0.24
0.29 -0.24
0.29 -0.24
0.29 -0.24
0.29 -0.24
0.29 -0.24
0.29 -0.24
0.29 -0.24
0.29 -0.24
0.29 -0.24
0.29 -0.24
0.29 -0.24
0.29 -0.24
0.29 -0.24
0.29 -0.24
0.29 -0.24
0.29 -0.24
0.29 -0.24
0.29 -0.24
0.29 -0.24
0.29 -0.24
0.29 -0.24
0.29 -0.24
0.29 -0.24
0.29 -0.24
0.29 -0.24
0.29 -0.24
0.29 -0.24
0.29 -0.24
0.29 -0.24
0.29 -0.24
0.29 -0.24
0.29 -0.24
0.29 -0.24
0.29 -0.24
0.29 -0.24
0.29 -0.24
0.29 -0.24
0.29 -0.24
0.29 -0.24
0.29 -0.24
0.29 -0.24
0.29 -0.24
0.29 -0.24
0.29 -0.24
0.29 -0.24
0.29 -0.24
0.29 -0.24
0.29 -0.24
0.29 -0.24
0.29 -0.24
0.29 -0.24
0.29 -0.24
0.29 -0.24
0.29 -0.24
0.29 -0.24
0.29 -0.24
0.29 -0.24
0.29 -0.24
0.29 -0.24
0.29 -0.24
0.29 -0.24
0.29 -0.24
0.29 -0.24
0.29 -0.24
0.29 -0.24
0.29 -0.24
0.29 -0.24
0.29 -0.24
0.29 -0.24
0.29 -0.24
0.29 -0.24
0.29 -0.24
0.29 -0.24
0.29 -0.24
0.29 -0.24
0.29 -0.24
0.29 -0.24
0.29 -0.24
0.29 -0.24
0.29 -0.24
0.29 -0.24
0.29 -0.24
0.29 -0.24
0.29 -0.24
0.29 -0.24
0.29 -0.24
0.29 -0.24
0.29 -0.24
0.29 -0.24
0.29 -0.24
0.29 -0.24
0.29 -0.24
0.29 -0.24
0.29 -0.24
0.29 -0.24
0.29 -0.24
0.29 -0.24
0.29 -0.24
0.29 -0.24
0.29 -0.24
0.29 -0.24
0.29 -0.24
0.29 -0.24
0.29 -0.24
0.29 -0.24
0.29 -0.24
0.29 -0.24
0.29 -0.24
0.29 -0.24
0.29 -0.24
0.29 -0.24
0.29 -0.24
0.29 -0.24
0.29 -0.24
0.29 -0.24
0.29 -0.24
0.29 -0.24
0.29 -0.24
0.29 -0.24
0.29 -0.24
0.29 -0.24
0.29 -0.24
0.29 -0.24
0.29 -0.24
0.29 -0.24
0.29 -0.24
0.29 -0.24
0.29 -0.24
0.29 -0.24
0.29 -0.24
0.29 -0.24
0.29 -0.24
0.29 -0.24
0.29 -0.24
0.29 -0.24
0.29 -0.24
0.29 -0.24
0.29 -0.24
0.29 -0.24
0.29 -0.24
0.29 -0.24
0.29 -0.24
0.29 -0.24
0.29 -0.24
0.29 -0.24
0.29 -0.24
0.29 -0.24
0.29 -0.24
0.29 -0.24
0.29 -0.24
0.29 -0.24
0.29 -0.24
0.29 -0.24
0.29 -0.24
0.29 -0.24
0.29 -0.24
0.29 -0.24
0.29 -0.24
0.29 -0.24
0.29 -0.24
0.29 -0.24
0.29 -0.24
0.29 -0.24
0.29 -0.24
0.29 -0.24
0.29 -0.24
0.29 -0.24
0.29 -0.24
0.29 -0.24
0.29 -0.24
0.29 -0.24
0.29 -0.24
0.29 -0.24
0.29 -0.24
0.29 -0.24
0.29 -0.24
0.29 -0.24
0.29 -0.24
0.29 -0.24
0.29 -0.24
0.29 -0.24
0.29 -0.24
0.29 -0.24
0.29 -0.24
0.29 -0.24
0.29 -0.24
0.29 -0.24
0.29 -0.24
0.29 -0.24
0.29 -0.24
0.29 -0.24
0.29 -0.24
0.29 -0.24
0.29 -0.24
0.29 -0.24
0.29 -0.24
0.29 -0.24
0.29 -0.24
0.29 -0.24
0.29 -0.24
0.29 -0.24
0.29 -0.24
0.29 -0.24
0.29 -0.24
0.29 -0.24
0.29 -0.24
0.29 -0.24
0.29 -0.24
0.29 -0.24
0.29 -0.24
0.29 -0.24
0.29 -0.24
0.29 -0.24
0.29 -0.24
0.29 -0.24
0.29 -0.24
0.29 -0.24
0.29 -0.24
0.29 -0.24
0.29 -0.24
0.29 -0.24
0.29 -0.24
0.29 -0.24
0.29 -0.24
0.29 -0.24
0.29 -0.24
0.29 -0.24
0.29 -0.24
0.29 -0.24
0.29 -0.24
0.29 -0.24
0.29 -0.24
0.29 -0.24
0.29 -0.24
0.29 -0.24
0.29 -0.24
0.29 -0.24
0.29 -0.24
0.29 -0.24
0.29 -0.24
0.29 -0.24
0.29 -0.24
0.29 -0.24
0.29 -0.24
0.29 -0.24
0.29 -0.24
0.29 -0.24
0.29 -0.24
0.29 -0.24
0.29 -0.24
0.29 -0.24
0.29 -0.24
0.29 -0.24
0.29 -0.24
0.29 -0.24
0.29 -0.24
0.29 -0.24
0.29 -0.24
0.29 -0.24
0.29 -0.24
0.29 -0.24
0.29 -0.24
0.29 -0.24
0.29 -0.24
0.29 -0.24
0.29 -0.24
0.29 -0.24
0.29 -0.24
0.29 -0.24
0.29 -0.24
0.29 -0.24
0.29 -0.24
0.29 -0.24
0.29 -0.24
0.29 -0.24
0.29 -0.24
0.29 -0.24
0.29 -0.24
0.29 -0.24
0.29 -0.24
0.29 -0.24
0.29 -0.24
0.29 -0.24
0.29 -0.24
0.29 -0.24
0.29 -0.24
0.29 -0.24
0.29 -0.24
0.29 -0.24
0.29 -0.24
0.29 -0.24
0.29 -0.24
0.29 -0.24
0.29 -0.24
0.29 -0.24
0.29 -0.24
0.29 -0.24
0.29 -0.24
0.29 -0.24
0.29 -0.24
0.29 -0.24
0.29 -0.24
0.29 -0.24
0.29 -0.24
0.29 -0.24
0.29 -0.24
0.29 -0.24
0.29 -0.24
0.29 -0.24
0.29 -0.24
0.29 -0.24
0.29 -0.24
0.29 -0.24
0.29 -0.24
0.29 -0.24
0.29 -0.24
0.29 -0.24
0.29 -0.24
0.29 -0.24
0.29 -0.24
0.29 -0.24
0.29 -0.24
0.29 -0.24
0.29 -0.24
0.29 -0.24
0.29 -0.24
0.29 -0.24
0.29 -0.24
0.29 -0.24
0.29 -0.24
0.29 -0.24
0.29 -0.24
0.29 -0.24
0.29 -0.24
0.29 -0.24
0.29 -0.24
0.29 -0.24
0.29 -0.24
0.29 -0.24
0.29 -0.24
0.29 -0.24
0.29 -0.24
0.29 -0.24
0.29 -0.24
0.29 -0.24
0.29 -0.24
0.29 -0.24
0.29 -0.24
0.29 -0.24
0.29 -0.24
0.29 -0.24
0.29 -0.24
0.29 -0.24
0.29 -0.24
0.29 -0.24
0.29 -0.24
0.29 -0.24
0.29 -0.24
0.29 -0.24
0.29 -0.24
0.29 -0.24
0.29 -0.24
0.29 -0.24
0.29 -0.24
0.29 -0.24
0.29 -0.24
0.29 -0.24
0.29 -0.24
0.29 -0.24
0.29 -0.24
0.29 -0.24
0.29 -0.24
0.29 -0.24
0.29 -0.24
0.29 -0.24
0.29 -0.24
0.29 -0.24
0.29 -0.24
0.29 -0.24
0.29 -0.24
0.29 -0.24
0.29 -0.24
0.29 -0.24
0.29 -0.24
0.29 -0.24
0.29 -0.24
0.29 -0.24
0.29 -0.24
0.29 -0.24
0.29 -0.24
0.29 -0.24
0.29 -0.24
0.29 -0.24
0.29 -0.24
0.29 -0.24
0.29 -0.24
0.29 -0.24
0.29 -0.24
0.29 -0.24
0.29 -0.24
0.29 -0.24
0.29 -0.24
0.29 -0.24
0.29 -0.24
0.29 -0.24
0.29 -0.24
0.29 -0.24
0.29 -0.24
0.29 -0.24
0.29 -0.24
0.29 -0.24
0.29 -0.24
0.29 -0.24
0.29 -0.24
0.29 -0.24
0.29 -0.24
0.29 -0.24
0.29 -0.24
0.29 -0.24
0.29 -0.24
0.29 -0.24
0.29 -0.24
0.29 -0.24
0.29 -0.24
0.29 -0.24
0.29 -0.24
0.29 -0.24
0.29 -0.24
0.29 -0.24
0.29 -0.24
0.29 -0.24
0.29 -0.24
0.29 -0.24
0.29 -0.24
0.29 -0.24
0.29 -0.24
0.29 -0.24
0.29 -0.24
0.29 -0.24
0.29 -0.24
0.29 -0.24
0.29 -0.24
0.29 -0.24
0.29 -0.24
0.29 -0.24
0.29 -0.24
0.29 -0.24
0.29 -0.24
0.29 -0.24
0.29 -0.24
0.29 -0.24
0.29 -0.24
0.29 -0.24
0.29 -0.24
0.29 -0.24
0.29 -0.24
0.29 -0.24
0.29 -0.24
0.29 -0.24
0.29 -0.24
0.29 -0.24
0.29 -0.24
0.29 -0.24
0.29 -0.24
0.29 -0.24
0.29 -0.24
0.29 -0.24
0.29 -0.24
0.29 -0.24
0.29 -0.24
0.29 -0.24
0.29 -0.24
0.29 -0.24
0.29 -0.24
0.29 -0.24
0.29 -0.24
0.29 -0.24
0.29 -0.24
0.29 -0.24
0.29 -0.24
0.29 -0.24
0.29 -0.24
0.29 -0.24
0.29 -0.24
0.29 -0.24
0.29 -0.24
0.29 -0.24
0.29 -0.24
0.29 -0.24
0.29 -0.24
0.29 -0.24
0.29 -0.24
0.29 -0.24
0.29 -0.24
0.29 -0.24
0.29 -0.24
0.29 -0.24
0.29 -0.24
0.29 -0.24
0.29 -0.24
0.29 -0.24
0.29 -0.24
0.29 -0.24
0.29 -0.24
0.29 -0.24
0.29 -0.24
0.29 -0.24
0.29 -0.24
0.29 -0.24
0.29 -0.24
0.29 -0.24
0.29 -0.24
0.29 -0.24
0.29 -0.24
0.29 -0.24
0.29 -0.24
0.29 -0.24
0.29 -0.24
0.29 -0.24
0.29 -0.24
0.29 -0.24
0.29 -0.24
0.29 -0.24
0.29 -0.24
0.29 -0.24
0.29 -0.24
0.29 -0.24
0.29 -0.24
0.29 -0.24
0.29 -0.24
0.29 -0.24
0.29 -0.24
0.29 -0.24
0.29 -0.24
0.29 -0.24
0.29 -0.24
0.29 -0.24
0.29 -0.24
0.29 -0.24
0.29 -0.24
0.29 -0.24
0.29 -0.24
0.29 -0.24
0.29 -0.24
0.29 -0.24
0.29 -0.24
0.29 -0.24
0.29 -0.24
0.29 -0.24
0.29 -0.24
0.29 -0.24
0.29 -0.24
0.29 -0.24
0.29 -0.24
0.29 -0.24
0.29 -0.24
0.29 -0.24
0.29 -0.24
0.29 -0.24
0.29 -0.24
0.29 -0.24
0.29 -0.24
0.29 -0.24
0.29 -0.24
0.29 -0.24
0.29 -0.24
0.29 -0.24
0.29 -0.24
0.29 -0.24
0.29 -0.24
0.29 -0.24
0.29 -0.24
0.29 -0.24
0.29 -0.24
0.29 -0.24
0.29 -0.24
0.29 -0.24
0.29 -0.24
0.29 -0.24
0.29 -0.24
0.29 -0.24
0.29 -0.24
0.29 -0.24
0.29 -0.24
0.29 -0.24
0.29 -0.24
0.29 -0.24
0.29 -0.24
0.29 -0.24
0.29 -0.24
0.29 -0.24
0.29 -0.24
0.29 -0.24
0.29 -0.24
0.29 -0.24
0.29 -0.24
0.29 -0.24
0.29 -0.24
0.29 -0.24
0.29 -0.24
0.29 -0.24
0.29 -0.24
0.29 -0.24
0.29 -0.24
0.29 -0.24
0.29 -0.24
0.29 -0.24
0.29 -0.24
0.29 -0.24
0.29 -0.24
0.29 -0.24
0.29 -0.24
0.29 -0.24
0.29 -0.24
0.29 -0.24
0.29 -0.24
0.29 -0.24
0.29 -0.24
0.29 -0.24
0.29 -0.24
0.29 -0.24
0.29 -0.24
0.29 -0.24
0.29 -0.24
0.29 -0.24
0.29 -0.24
0.29 -0.24
0.29 -0.24
0.29 -0.24
0.29 -0.24
0.29 -0.24
0.29 -0.24
0.29 -0.24
0.29 -0.24
0.29 -0.24
0.29 -0.24
0.29 -0.24
0.29 -0.24
0.29 -0.24
0.29 -0.24
0.29 -0.24
0.29 -0.24
0.29 -0.24
0.29 -0.24
0.29 -0.24
0.29 -0.24
0.29 -0.24
0.29 -0.24
0.29 -0.24
0.29 -0.24
0.29 -0.24
0.29 -0.24
0.29 -0.24
0.29 -0.24
0.29 -0.24
0.29 -0.24
0.29 -0.24
0.29 -0.24
0.29 -0.24
0.29 -0.24
0.29 -0.24
0.29 -0.24
0.29 -0.24
0.29 -0.24
0.29 -0.24
0.29 -0.24
0.29 -0.24
0.29 -0.24
0.29 -0.24
0.29 -0.24
0.29 -0.24
0.29 -0.24
0.29 -0.24
0.29 -0.24
0.29 -0.24
0.29 -0.24
0.29 -0.24
0.29 -0.24
0.29 -0.24
0.29 -0.24
0.29 -0.24
0.29 -0.24
0.29 -0.24
0.29 -0.24
0.29 -0.24
0.29 -0.24
0.29 -0.24
0.29 -0.24
0.29 -0.24
0.29 -0.24
0.29 -0.24
0.29 -0.24
0.29 -0.24
0.29 -0.24
0.29 -0.24
0.29 -0.24
0.29 -0.24
0.29 -0.24
0.29 -0.24
0.29 -0.24
0.29 -0.24
0.29 -0.24
0.29 -0.24
0.29 -0.24
0.29 -0.24
0.29 -0.24
0.29 -0.24
0.29 -0.24
0.29 -0.24
0.29 -0.24
0.29 -0.24
0.29 -0.24
0.29 -0.24
0.29 -0.24
0.29 -0.24
0.29 -0.24
0.29 -0.24
0.29 -0.24
0.29 -0.24
0.29 -0.24
0.29 -0.24
0.29 -0.24
0.29 -0.24
0.29 -0.24
0.29 -0.24
0.29 -0.24
0.29 -0.24
0.29 -0.24
0.29 -0.24
0.29 -0.24
0.29 -0.24
0.29 -0.24
0.29 -0.24
0.29 -0.24
0.29 -0.24
0.29 -0.24
0.29 -0.24
0.29 -0.24
0.29 -0.24
0.29 -0.24
0.29 -0.24
0.29 -0.24
0.29 -0.24
0.29 -0.24
0.29 -0.24
0.29 -0.24
0.29 -0.24
0.29 -0.24
0.29 -0.24
0.29 -0.24
0.29 -0.24
0.29 -0.24
0.29 -0.24
0.29 -0.24
0.29 -0.24
0.29 -0.24
0.29 -0.24
0.29 -0.24
0.29 -0.24
0.29 -0.24
0.29 -0.24
0.29 -0.24
0.29 -0.24
0.29 -0.24
0.29 -0.24
0.29 -0.24
0.29 -0.24
0.29 -0.24
0.29 -0.24
0.29 -0.24
0.29 -0.24
0.29 -0.24
0.29 -0.24
0.29 -0.24
0.29 -0.24
0.29 -0.24
0.29 -0.24
0.29 -0.24
0.29 -0.24
0.29 -0.24
0.29 -0.24
0.29 -0.24
0.29 -0.24
0.29 -0.24
0.29 -0.24
0.29 -0.24
0.29 -0.24
0.29 -0.24
0.29 -0.24
0.29 -0.24
0.29 -0.24
0.29 -0.24
0.29 -0.24
0.29 -0.24
0.29 -0.24
0.29 -0.24
0.29 -0.24
0.29 -0.24
0.29 -0.24
0.29 -0.24
0.29 -0.24
0.29 -0.24
0.29 -0.24
0.29 -0.24
0.29 -0.24
0.29 -0.24
0.29 -0.24
0.29 -0.24
0.29 -0.24
0.29 -0.24
0.29 -0.24
0.29 -0.24
0.29 -0.24
0.29 -0.24
0.29 -0.24
0.29 -0.24
0.29 -0.24
0.29 -0.24
0.29 -0.24
0.29 -0.24
0.29 -0.24
0.29 -0.24
0.29 -0.24
0.29 -0.24
0.29 -0.24
0.29 -0.24
0.29 -0.24
0.29 -0.24
0.29 -0.24
0.29 -0.24
0.29 -0.24
0.29 -0.24
0.29 -0.24
0.29 -0.24
0.29 -0.24
0.29 -0.24
0.29 -0.24
0.29 -0.24
0.29 -0.24
0.29 -0.24
0.29 -0.24
0.29 -0.24
0.29 -0.24
0.29 -0.24
0.29 -0.24
0.29 -0.24
0.29 -0.24
0.29 -0.24
0.29 -0.24
0.29 -0.24
0.29 -0.24
0.29 -0.24
0.29 -0.24
0.29 -0.24
0.29 -0.24
0.29 -0.24
0.29 -0.24
0.29 -0.24
0.29 -0.24
0.29 -0.24
0.29 -0.24
0.29 -0.24
0.29 -0.24
0.29 -0.24
0.29 -0.24
0.29 -0.24
0.29 -0.24
0.29 -0.24
0.29 -0.24
0.29 -0.24
0.29 -0.24
0.29 -0.24
0.29 -0.24
0.29 -0.24
0.29 -0.24
0.29 -0.24
0.29 -0.24
0.29 -0.24
0.29 -0.24
0.29 -0.24
0.29 -0.24
0.29 -0.24
0.29 -0.24
0.29 -0.24
0.29 -0.24
0.29 -0.24
0.29 -0.24
0.29 -0.24
0.29 -0.24
0.29 -0.24
0.29 -0.24
0.29 -0.24
0.29 -0.24
0.29 -0.24
0.29 -0.24
0.29 -0.24
0.29 -0.24
0.29 -0.24
0.29 -0.24
0.29 -0.24
0.29 -0.24
0.29 -0.24
0.29 -0.24
0.29 -0.24
0.29 -0.24
0.29 -0.24
0.29 -0.24
0.29 -0.24
0.29 -0.24
0.29 -0.24
0.29 -0.24
0.29 -0.24
0.29 -0.24
0.29 -0.24
0.29 -0.24
0.29 -0.24
0.29 -0.24
0.29 -0.24
0.29 -0.24
0.29 -0.24
0.29 -0.24
0.29 -0.24
0.29 -0.24
0.29 -0.24
0.29 -0.24
0.29 -0.24
0.29 -0.24
0.29 -0.24
0.29 -0.24
0.29 -0.24
0.29 -0.24
0.29 -0.24
0.29 -0.24
0.29 -0.24
0.29 -0.24
0.29 -0.24
0.29 -0.24
0.29 -0.24
0.29 -0.24
0.29 -0.24
0.29 -0.24
0.29 -0.24
0.29 -0.24
0.29 -0.24
0.29 -0.24
0.29 -0.24
0.29 -0.24
0.29 -0.24
0.29 -0.24
0.29 -0.24
0.29 -0.24
0.29 -0.24
0.29 -0.24
0.29 -0.24
0.29 -0.24
0.29 -0.24
0.29 -0.24
0.29 -0.24
0.29 -0.24
0.29 -0.24
0.29 -0.24
0.29 -0.24
0.29 -0.24
0.29 -0.24
0.29 -0.24
0.29 -0.24
0.29 -0.24
0.29 -0.24
0.29 -0.24
0.29 -0.24
0.29 -0.24
0.29 -0.24
0.29 -0.24
0.29 -0.24
0.29 -0.24
0.29 -0.24
0.29 -0.24
0.29 -0.24
0.29 -0.24
0.29 -0.24
0.29 -0.24
0.29 -0.24
0.29 -0.24
0.29 -0.24
0.29 -0.24
0.29 -0.24
0.29 -0.24
0.29 -0.24
0.29 -0.24
0.29 -0.24
0.29 -0.24
0.29 -0.24
0.29 -0.24
0.29 -0.24
0.29 -0.24
0.29 -0.24
0.29 -0.24
0.29 -0.24
0.29 -0.24
0.29 -0.24
0.29 -0.24
0.29 -0.24
0.29 -0.24
0.29 -0.24
0.29 -0.24
0.29 -0.24
0.29 -0.24
0.29 -0.24
0.29 -0.24
0.29 -0.24
0.29 -0.24
0.29 -0.24
0.29 -0.24
0.29 -0.24
0.29 -0.24
0.29 -0.24
0.29 -0.24
0.29 -0.24
0.29 -0.24
0.29 -0.24
0.29 -0.24
0.29 -0.24
0.29 -0.24
0.29 -0.24
0.29 -0.24
0.29 -0.24
0.29 -0.24
0.29 -0.24
0.29 -0.24
0.29 -0.24
0.29 -0.24
0.29 -0.24
0.29 -0.24
0.29 -0.24
0.29 -0.24
0.29 -0.24
0.29 -0.24
0.29 -0.24
0.29 -0.24
0.29 -0.24
0.29 -0.24
0.29 -0.24
0.29 -0.24
0.29 -0.24
0.29 -0.24
0.29 -0.24
0.29 -0.24
0.29 -0.24
0.29 -0.24
0.29 -0.24
0.29 -0.24
0.29 -0.24
0.29 -0.24
0.29 -0.24
0.29 -0.24
0.29 -0.24
0.29 -0.24
0.29 -0.24
0.29 -0.24
0.29 -0.24
0.29 -0.24
0.29 -0.24
0.29 -0.24
0.29 -0.24
0.29 -0.24
0.29 -0.24
0.29 -0.24
0.29 -0.24
0.29 -0.24
0.29 -0.24
0.29 -0.24
0.29 -0.24
0.29 -0.24
0.29 -0.24
0.29 -0.24
0.29 -0.24
0.29 -0.24
0.29 -0.24
0.29 -0.24
0.29 -0.24
0.29 -0.24
0.29 -0.24
0.29 -0.24
0.29 -0.24
0.29 -0.24
0.29 -0.24
0.29 -0.24
0.29 -0.24
0.29 -0.24
0.29 -0.24
0.29 -0.24
0.29 -0.24
0.29 -0.24
0.29 -0.24
0.29 -0.24
0.29 -0.24
0.29 -0.24
0.29 -0.24
0.29 -0.24
0.29 -0.24
0.29 -0.24
0.29 -0.24
0.29 -0.24
0.29 -0.24
0.29 -0.24
0.29 -0.24
0.29 -0.24
0.29 -0.24
0.29 -0.24
0.29 -0.24
0.29 -0.24
0.29 -0.24
0.29 -0.24
0.29 -0.24
0.29 -0.24
0.29 -0.24
0.29 -0.24
0.29 -0.24
0.29 -0.24
0.29 -0.24
0.29 -0.24
0.29 -0.24
0.29 -0.24
0.29 -0.24
0.29 -0.24
0.29 -0.24
0.29 -0.24
0.29 -0.24
0.29 -0.24
0.29 -0.24
0.29 -0.24
0.29 -0.24
0.29 -0.24
0.29 -0.24
0.29 -0.24
0.29 -0.24
0.29 -0.24
0.29 -0.24
0.29 -0.24
0.29 -0.24
0.29 -0.24
0.29 -0.24
0.29 -0.24
0.29 -0.24
0.29 -0.24
0.29 -0.24
0.29 -0.24
0.29 -0.24
0.29 -0.24
0.29 -0.24
0.29 -0.24
0.29 -0.24
0.29 -0.24
0.29 -0.24
0.29 -0.24
0.29 -0.24
0.29 -0.24
0.29 -0.24
0.29 -0.24
0.29 -0.24
0.29 -0.24
0.29 -0.24
0.29 -0.24
0.29 -0.24
0.29 -0.24
0.29 -0.24
0.29 -0.24
0.29 -0.24
0.29 -0.24
0.29 -0.24
0.29 -0.24
0.29 -0.24
0.29 -0.24
0.29 -0.24
0.29 -0.24
0.29 -0.24
0.29 -0.24
0.29 -0.24
0.29 -0.24
0.29 -0.24
0.29 -0.24
0.29 -0.24
0.29 -0.24
0.29 -0.24
0.29 -0.24
0.29 -0.24
0.29 -0.24
0.29 -0.24
0.29 -0.24
0.29 -0.24
0.29 -0.24
0.29 -0.24
0.29 -0.24
0.29 -0.24
0.29 -0.24
0.29 -0.24
0.29 -0.24
0.29 -0.24
0.29 -0.24
0.29 -0.24
0.29 -0.24
0.29 -0.24
0.29 -0.24
0.29 -0.24
0.29 -0.24
0.29 -0.24
0.29 -0.24
0.29 -0.24
0.29 -0.24
0.29 -0.24
0.29 -0.24
0.29 -0.24
0.29 -0.24
0.29 -0.24
0.29 -0.24
0.29 -0.24
0.29 -0.24
0.29 -0.24
0.29 -0.24
0.29 -0.24
0.29 -0.24
0.29 -0.24
0.29 -0.24
0.29 -0.24
0.29 -0.24
0.29 -0.24
0.29 -0.24
0.29 -0.24
0.29 -0.24
0.29 -0.24
0.29 -0.24
0.29 -0.24
0.29 -0.24
0.29 -0.24
0.29 -0.24
0.29 -0.24
0.29 -0.24
0.29 -0.24
0.29 -0.24
0.29 -0.24
0.29 -0.24
0.29 -0.24
0.29 -0.24
0.29 -0.24
0.29 -0.24
0.29 -0.24
0.29 -0.24
0.29 -0.24
0.29 -0.24
0.29 -0.24
0.29 -0.24
0.29 -0.24
0.29 -0.24
0.29 -0.24
0.29 -0.24
0.29 -0.24
0.29 -0.24
0.29 -0.24
0.29 -0.24
0.29 -0.24
0.29 -0.24
0.29 -0.24
0.29 -0.24
0.29 -0.24
0.29 -0.24
0.29 -0.24
0.29 -0.24
0.29 -0.24
0.29 -0.24
0.29 -0.24
0.29 -0.24
0.29 -0.24
0.29 -0.24
0.29 -0.24
0.29 -0.24
0.29 -0.24
0.29 -0.24
0.29 -0.24
0.29 -0.24
0.29 -0.24
0.29 -0.24
0.29 -0.24
0.29 -0.24
0.29 -0.24
0.29 -0.24
0.29 -0.24
0.29 -0.24
0.29 -0.24
0.29 -0.24
0.29 -0.24
0.29 -0.24
0.29 -0.24
0.29 -0.24
0.29 -0.24
0.29 -0.24
0.29 -0.24
0.29 -0.24
0.29 -0.24
0.29 -0.24
0.29 -0.24
0.29 -0.24
0.29 -0.24
0.29 -0.24
0.29 -0.24
0.29 -0.24
0.29 -0.24
0.29 -0.24
0.29 -0.24
0.29 -0.24
0.29 -0.24
0.29 -0.24
0.29 -0.24
0.29 -0.24
0.29 -0.24
0.29 -0.24
0.29 -0.24
0.29 -0.24
0.29 -0.24
0.29 -0.24
0.29 -0.24
0.29 -0.24
0.29 -0.24
0.29 -0.24
0.29 -0.24
0.29 -0.24
0.29 -0.24
0.29 -0.24
0.29 -0.24
0.29 -0.24
0.29 -0.24
0.29 -0.24
0.29 -0.24
0.29 -0.24
0.29 -0.24
0.29 -0.24
0.29 -0.24
0.29 -0.24
0.29 -0.24
0.29 -0.24
0.29 -0.24
0.29 -0.24
0.29 -0.24
0.29 -0.24
0.29 -0.24
0.29 -0.24
0.29 -0.24
0.29 -0.24
0.29 -0.24
0.29 -0.24
0.29 -0.24
0.29 -0.24
0.29 -0.24
0.29 -0.24
0.29 -0.24
0.29 -0.24
0.29 -0.24
0.29 -0.24
0.29 -0.24
0.29 -0.24
0.29 -0.24
0.29 -0.24
0.29 -0.24
0.29 -0.24
0.29 -0.24
0.29 -0.24
0.29 -0.24
0.29 -0.24
0.29 -0.24
0.29 -0.24
0.29 -0.24
0.29 -0.24
0.29 -0.24
0.29 -0.24
0.29 -0.24
0.29 -0.24
0.29 -0.24
0.29 -0.24
0.29 -0.24
0.29 -0.24
0.29 -0.24
0.29 -0.24
0.29 -0.24
0.29 -0.24
0.29 -0.24
0.29 -0.24
0.29 -0.24
0.29 -0.24
0.29 -0.24
0.29 -0.24
0.29 -0.24
0.29 -0.24
0.29 -0.24
0.29 -0.24
0.29 -0.24
0.29 -0.24
0.29 -0.24
0.29 -0.24
0.29 -0.24
0.29 -0.24
0.29 -0.24
0.29 -0.24
0.29 -0.24
0.29 -0.24
0.29 -0.24
0.29 -0.24
0.29 -0.24
0.29 -0.24
0.29 -0.24
0.29 -0.24
0.29 -0.24
0.29 -0.24
0.29 -0.24
0.29 -0.24
0.29 -0.24
0.29 -0.24
0.29 -0.24
0.29 -0.24
0.29 -0.24
0.29 -0.24
0.29 -0.24
0.29 -0.24
0.29 -0.24
0.29 -0.24
0.29 -0.24
0.29 -0.24
0.29 -0.24
0.29 -0.24
0.29 -0.24
0.29 -0.24
0.29 -0.24
0.29 -0.24
0.29 -0.24
0.29 -0.24
0.29 -0.24
0.29 -0.24
0.29 -0.24
0.29 -0.24
0.29 -0.24
0.29 -0.24
0.29 -0.24
0.29 -0.24
0.29 -0.24
0.29 -0.24
0.29 -0.24
0.29 -0.24
0.29 -0.24
0.29 -0.24
0.29 -0.24
0.29 -0.24
0.29 -0.24
0.29 -0.24
0.29 -0.24
0.29 -0.24
0.29 -0.24
0.29 -0.24
0.29 -0.24
0.29 -0.24
0.29 -0.24
0.29 -0.24
0.29 -0.24
0.29 -0.24
0.29 -0.24
0.29 -0.24
0.29 -0.24
0.29 -0.24
0.29 -0.24
0.29 -0.24
0.29 -0.24
0.29 -0.24
0.29 -0.24
0.29 -0.24
0.29 -0.24
0.29 -0.24
0.29 -0.24
0.29 -0.24
0.29 -0.24
0.29 -0.24
0.29 -0.24
0.29 -0.24
0.29 -0.24
0.29 -0.24
0.29 -0.24
0.29 -0.24
0.29 -0.24
0.29 -0.24
0.29 -0.24
0.29 -0.24
0.29 -0.24
0.29 -0.24
0.29 -0.24
0.29 -0.24
0.29 -0.24
0.29 -0.24
0.29 -0.24
0.29 -0.24
0.29 -0.24
0.29 -0.24
0.29 -0.24
0.29 -0.24
0.29 -0.24
0.29 -0.24
0.29 -0.24
0.29 -0.24
0.29 -0.24
0.29 -0.24
0.29 -0.24
0.29 -0.24
0.29 -0.24
0.29 -0.24
0.29 -0.24
0.29 -0.24
0.29 -0.24
0.29 -0.24
0.29 -0.24
0.29 -0.24
0.29 -0.24
0.29 -0.24
0.29 -0.24
0.29 -0.24
0.29 -0.24
0.29 -0.24
0.29 -0.24
0.29 -0.24
0.29 -0.24
0.29 -0.24
0.29 -0.24
0.29 -0.24
0.29 -0.24
0.29 -0.24
0.29 -0.24
0.29 -0.24
0.29 -0.24
0.29 -0.24
0.29 -0.24
0.29 -0.24
0.29 -0.24
0.29 -0.24
0.29 -0.24
0.29 -0.24
0.29 -0.24
0.29 -0.24
0.29 -0.24
0.29 -0.24
0.29 -0.24
0.29 -0.24
0.29 -0.24
0.29 -0.24
0.29 -0.24
0.29 -0.24
0.29 -0.24
0.29 -0.24
0.29 -0.24
0.29 -0.24
0.29 -0.24
0.29 -0.24
0.29 -0.24
0.29 -0.24
0.29 -0.24
0.29 -0.24
0.29 -0.24
0.29 -0.24
0.29 -0.24
0.29 -0.24
0.29 -0.24
0.29 -0.24
0.29 -0.24
0.29 -0.24
0.29 -0.24
0.29 -0.24
0.29 -0.24
0.29 -0.24
0.29 -0.24
0.29 -0.24
0.29 -0.24
0.29 -0.24
0.29 -0.24
0.29 -0.24
0.29 -0.24
0.29 -0.24
0.29 -0.24
0.29 -0.24
0.29 -0.24
0.29 -0.24
0.29 -0.24
0.29 -0.24
0.29 -0.24
0.29 -0.24
0.29 -0.24
0.29 -0.24
0.29 -0.24
0.29 -0.24
0.29 -0.24
0.29 -0.24
0.29 -0.24
0.29 -0.24
0.29 -0.24
0.29 -0.24
0.29 -0.24
0.29 -0.24
0.29 -0.24
0.29 -0.24
0.29 -0.24
0.29 -0.24
0.29 -0.24
0.29 -0.24
0.29 -0.24
0.29 -0.24
0.29 -0.24
0.29 -0.24
0.29 -0.24
0.29 -0.24
0.29 -0.24
0.29 -0.24
0.29 -0.24
0.29 -0.24
0.29 -0.24
0.29 -0.24
0.29 -0.24
0.29 -0.24
0.29 -0.24
0.29 -0.24
0.29 -0.24
0.29 -0.24
0.29 -0.24
0.29 -0.24
0.29 -0.24
0.29 -0.24
0.29 -0.24
0.29 -0.24
0.29 -0.24
0.29 -0.24
0.29 -0.24
0.29 -0.24
0.29 -0.24
0.29 -0.24
0.29 -0.24
0.29 -0.24
0.29 -0.24
0.29 -0.24
0.29 -0.24
0.29 -0.24
0.29 -0.24
0.29 -0.24
0.29 -0.24
0.29 -0.24
0.29 -0.24
0.29 -0.24
0.29 -0.24
0.29 -0.24
0.29 -0.24
0.29 -0.24
0.29 -0.24
0.29 -0.24
0.29 -0.24
0.29 -0.24
0.29 -0.24
0.29 -0.24
0.29 -0.24
0.29 -0.24
0.29 -0.24
0.29 -0.24
0.29 -0.24
0.29 -0.24
0.29 -0.24
0.29 -0.24
0.29 -0.24
0.29 -0.24
0.29 -0.24
0.29 -0.24
0.29 -0.24
0.29 -0.24
0.29 -0.24
0.29 -0.24
0.29 -0.24
0.29 -0.24
0.29 -0.24
0.29 -0.24
0.29 -0.24
0.29 -0.24
0.29 -0.24
0.29 -0.24
0.29 -0.24
0.29 -0.24
0.29 -0.24
0.29 -0.24
0.29 -0.24
0.29 -0.24
0.29 -0.24
0.29 -0.24
0.29 -0.24
0.29 -0.24
0.29 -0.24
0.29 -0.24
0.29 -0.24
0.29 -0.24
0.29 -0.24
0.29 -0.24
0.29 -0.24
0.29 -0.24
0.29 -0.24
0.29 -0.24
0.29 -0.24
0.29 -0.24
0.29 -0.24
0.29 -0.24
0.29 -0.24
0.29 -0.24
0.29 -0.24
0.29 -0.24
0.29 -0.24
0.29 -0.24
0.29 -0.24
0.29 -0.24
0.29 -0.24
0.29 -0.24
0.29 -0.24
0.29 -0.24
0.29 -0.24
0.29 -0.24
0.29 -0.24
0.29 -0.24
0.29 -0.24
0.29 -0.24
0.29 -0.24
0.29 -0.24
0.29 -0.24
0.29 -0.24
0.29 -0.24
0.29 -0.24
0.29 -0.24
0.29 -0.24
0.29 -0.24
0.29 -0.24
0.29 -0.24
0.29 -0.24
0.29 -0.24
0.29 -0.24
0.29 -0.24
0.29 -0.24
0.29 -0.24
0.29 -0.24
0.29 -0.24
0.29 -0.24
0.29 -0.24
0.29 -0.24
0.29 -0.24
0.29 -0.24
0.29 -0.24
0.29 -0.24
0.29 -0.24
0.29 -0.24
0.29 -0.24
0.29 -0.24
0.29 -0.24
0.29 -0.24
0.29 -0.24
0.29 -0.24
0.29 -0.24
0.29 -0.24
0.29 -0.24
0.29 -0.24
0.29 -0.24
0.29 -0.24
0.29 -0.24
0.29 -0.24
0.29 -0.24
0.29 -0.24
0.29 -0.24
0.29 -0.24
0.29 -0.24
0.29 -0.24
0.29 -0.24
0.29 -0.24
0.29 -0.24
0.29 -0.24
0.29 -0.24
0.29 -0.24
0.29 -0.24
0.29 -0.24
0.29 -0.24
0.29 -0.24
0.29 -0.24
0.29 -0.24
0.29 -0.24
0.29 -0.24
0.29 -0.24
0.29 -0.24
0.29 -0.24
0.29 -0.24
0.29 -0.24
0.29 -0.24
0.29 -0.24
0.29 -0.24
0.29 -0.24
0.29 -0.24
0.29 -0.24
0.29 -0.24
0.29 -0.24
0.29 -0.24
0.29 -0.24
0.29 -0.24
0.29 -0.24
0.29 -0.24
0.29 -0.24
0.29 -0.24
0.29 -0.24
0.29 -0.24
0.29 -0.24
0.29 -0.24
0.29 -0.24
0.29 -0.24
0.29 -0.24
0.29 -0.24
0.29 -0.24
0.29 -0.24
0.29 -0.24
0.29 -0.24
0.29 -0.24
0.29 -0.24
0.29 -0.24
0.29 -0.24
0.29 -0.24
0.29 -0.24
0.29 -0.24
0.29 -0.24
0.29 -0.24
0.29 -0.24
0.29 -0.24
0.29 -0.24
0.29 -0.24
0.29 -0.24
0.29 -0.24
0.29 -0.24
0.29 -0.24
0.29 -0.24
0.29 -0.24
0.29 -0.24
0.29 -0.24
0.29 -0.24
0.29 -0.24
0.29 -0.24
0.29 -0.24
0.29 -0.24
0.29 -0.24
0.29 -0.24
0.29 -0.24
0.29 -0.24
0.29 -0.24
0.29 -0.24
0.29 -0.24
0.29 -0.24
0.29 -0.24
0.29 -0.24
0.29 -0.24
0.29 -0.24
0.29 -0.24
0.29 -0.24
0.29 -0.24
0.29 -0.24
0.29 -0.24
0.29 -0.24
0.29 -0.24
0.29 -0.24
0.29 -0.24
0.29 -0.24
0.29 -0.24
0.29 -0.24
0.29 -0.24
0.29 -0.24
0.29 -0.24
0.29 -0.24
0.29 -0.24
0.29 -0.24
0.29 -0.24
0.29 -0.24
0.29 -0.24
0.29 -0.24
0.29 -0.24
0.29 -0.24
0.29 -0.24
0.29 -0.24
0.29 -0.24
0.29 -0.24
0.29 -0.24
0.29 -0.24
0.29 -0.24
0.29 -0.24
0.29 -0.24
0.29 -0.24
0.29 -0.24
0.29 -0.24
0.29 -0.24
0.29 -0.24
0.29 -0.24
0.29 -0.24
0.29 -0.24
0.29 -0.24
0.29 -0.24
0.29 -0.24
0.29 -0.24
0.29 -0.24
0.29 -0.24
0.29 -0.24
0.29 -0.24
0.29 -0.24
0.29 -0.24
0.29 -0.24
0.29 -0.24
0.29 -0.24
0.29 -0.24
0.29 -0.24
0.29 -0.24
0.29 -0.24
0.29 -0.24
0.29 -0.24
0.29 -0.24
0.29 -0.24
0.29 -0.24
0.29 -0.24
0.29 -0.24
0.29 -0.24
0.29 -0.24
0.29 -0.24
0.29 -0.24
0.29 -0.24
0.29 -0.24
0.29 -0.24
0.29 -0.24
0.29 -0.24
0.29 -0.24
0.29 -0.24
0.29 -0.24
0.29 -0.24
0.29 -0.24
0.29 -0.24
0.29 -0.24
0.29 -0.24
0.29 -0.24
0.29 -0.24
0.29 -0.24
0.29 -0.24
0.29 -0.24
0.29 -0.24
0.29 -0.24
0.29 -0.24
0.29 -0.24
0.29 -0.24
0.29 -0.24
0.29 -0.24
0.29 -0.24
0.29 -0.24
0.29 -0.24
0.29 -0.24
0.29 -0.24
0.29 -0.24
0.29 -0.24
0.29 -0.24
0.29 -0.24
0.29 -0.24
0.29 -0.24
0.29 -0.24
0.29 -0.24
0.29 -0.24
0.29 -0.24
0.29 -0.24
0.29 -0.24
0.29 -0.24
0.29 -0.24
0.29 -0.24
0.29 -0.24
0.29 -0.24
0.29 -0.24
0.29 -0.24
0.29 -0.24
0.29 -0.24
0.29 -0.24
0.29 -0.24
0.29 -0.24
0.29 -0.24
0.29 -0.24
0.29 -0.24
0.29 -0.24
0.29 -0.24
0.29 -0.24
0.29 -0.24
0.29 -0.24
0.29 -0.24
0.29 -0.24
0.29 -0.24
0.29 -0.24
0.29 -0.24
0.29 -0.24
0.29 -0.24
0.29 -0.24
0.29 -0.24
0.29 -0.24
0.29 -0.24
0.29 -0.24
0.29 -0.24
0.29 -0.24
0.29 -0.24
0.29 -0.24
0.29 -0.24
0.29 -0.24
0.29 -0.24
0.29 -0.24
0.29 -0.24
0.29 -0.24
0.29 -0.24
0.29 -0.24
0.29 -0.24
0.29 -0.24
0.29 -0.24
0.29 -0.24
0.29 -0.24
0.29 -0.24
0.29 -0.24
0.29 -0.24
0.29 -0.24
0.29 -0.24
0.29 -0.24
0.29 -0.24
0.29 -0.24
0.29 -0.24
0.29 -0.24
0.29 -0.24
0.29 -0.24
0.29 -0.24
0.29 -0.24
0.29 -0.24
0.29 -0.24
0.29 -0.24
0.29 -0.24
0.29 -0.24
0.29 -0.24
0.29 -0.24
0.29 -0.24
0.29 -0.24
0.29 -0.24
0.29 -0.24
0.29 -0.24
0.29 -0.24
0.29 -0.24
0.29 -0.24
0.29 -0.24
0.29 -0.24
0.29 -0.24
0.29 -0.24
0.29 -0.24
0.29 -0.24
0.29 -0.24
0.29 -0.24
0.29 -0.24
0.29 -0.24
0.29 -0.24
0.29 -0.24
0.29 -0.24
0.29 -0.24
0.29 -0.24
0.29 -0.24
0.29 -0.24
0.29 -0.24
0.29 -0.24
0.29 -0.24
0.29 -0.24
0.29 -0.24
0.29 -0.24
0.29 -0.24
0.29 -0.24
0.29 -0.24
0.29 -0.24
0.29 -0.24
0.29 -0.24
0.29 -0.24
0.29 -0.24
0.29 -0.24
0.29 -0.24
0.29 -0.24
0.29 -0.24
0.29 -0.24
0.29 -0.24
0.29 -0.24
0.29 -0.24
0.29 -0.24
0.29 -0.24
0.29 -0.24
0.29 -0.24
0.29 -0.24
0.29 -0.24
0.29 -0.24
0.29 -0.24
0.29 -0.24
0.29 -0.24
0.29 -0.24
0.29 -0.24
0.29 -0.24
0.29 -0.24
0.29 -0.24
0.29 -0.24
0.29 -0.24
0.29 -0.24
0.29 -0.24
0.29 -0.24
0.29 -0.24
0.29 -0.24
0.29 -0.24
0.29 -0.24
0.29 -0.24
0.29 -0.24
0.29 -0.24
0.29 -0.24
0.29 -0.24
0.29 -0.24
0.29 -0.24
0.29 -0.24
0.29 -0.24
0.29 -0.24
0.29 -0.24
0.29 -0.24
0.29 -0.24
0.29 -0.24
0.29 -0.24
0.29 -0.24
0.29 -0.24
0.29 -0.24
0.29 -0.24
0.29 -0.24
0.29 -0.24
0.29 -0.24
0.29 -0.24
0.29 -0.24
0.29 -0.24
0.29 -0.24
0.29 -0.24
0.29 -0.24
0.29 -0.24
0.29 -0.24
0.29 -0.24
0.29 -0.24
0.29 -0.24
0.29 -0.24
0.29 -0.24
0.29 -0.24
0.29 -0.24
0.29 -0.24
0.29 -0.24
0.29 -0.24
0.29 -0.24
0.29 -0.24
0.29 -0.24
0.29 -0.24
0.29 -0.24
0.29 -0.24
0.29 -0.24
0.29 -0.24
0.29 -0.24
0.29 -0.24
0.29 -0.24
0.29 -0.24
0.29 -0.24
0.29 -0.24
0.29 -0.24
0.29 -0.24
0.29 -0.24
0.29 -0.24
0.29 -0.24
0.29 -0.24
0.29 -0.24
0.29 -0.24
0.29 -0.24
0.29 -0.24
0.29 -0.24
0.29 -0.24
0.29 -0.24
0.29 -0.24
0.29 -0.24
0.29 -0.24
0.29 -0.24
0.29 -0.24
0.29 -0.24
0.29 -0.24
0.29 -0.24
0.29 -0.24
0.29 -0.24
0.29 -0.24
0.29 -0.24
0.29 -0.24
0.29 -0.24
0.29 -0.24
0.29 -0.24
0.29 -0.24
0.29 -0.24
0.29 -0.24
0.29 -0.24
0.29 -0.24
0.29 -0.24
0.29 -0.24
0.29 -0.24
0.29 -0.24
0.29 -0.24
0.29 -0.24
0.29 -0.24
0.29 -0.24
0.29 -0.24
0.29 -0.24
0.29 -0.24
0.29 -0.24
0.29 -0.24
0.29 -0.24
0.29 -0.24
0.29 -0.24
0.29 -0.24
0.29 -0.24
0.29 -0.24
0.29 -0.24
0.29 -0.24
0.29 -0.24
0.29 -0.24
0.29 -0.24
0.29 -0.24
0.29 -0.24
0.29 -0.24
0.29 -0.24
0.29 -0.24
0.29 -0.24
0.29 -0.24
0.29 -0.24
0.29 -0.24
0.29 -0.24
0.29 -0.24
0.29 -0.24
0.29 -0.24
0.29 -0.24
0.29 -0.24
0.29 -0.24
0.29 -0.24
0.29 -0.24
0.29 -0.24
0.29 -0.24
0.29 -0.24
0.29 -0.24
0.29 -0.24
0.29 -0.24
0.29 -0.24
0.29 -0.24
0.29 -0.24
0.29 -0.24
0.29 -0.24
0.29 -0.24
0.29 -0.24
0.29 -0.24
0.29 -0.24
0.29 -0.24
0.29 -0.24
0.29 -0.24
0.29 -0.24
0.29 -0.24
0.29 -0.24
0.29 -0.24
0.29 -0.24
0.29 -0.24
0.29 -0.24
0.29 -0.24
0.29 -0.24
0.29 -0.24
0.29 -0.24
0.29 -0.24
0.29 -0.24
0.29 -0.24
0.29 -0.24
0.29 -0.24
0.29 -0.24
0.29 -0.24
0.29 -0.24
0.29 -0.24
0.29 -0.24
0.29 -0.24
0.29 -0.24
0.29 -0.24
0.29 -0.24
0.29 -0.24
0.29 -0.24
0.29 -0.24
0.29 -0.24
0.29 -0.24
0.29 -0.24
0.29 -0.24
0.29 -0.24
0.29 -0.24
0.29 -0.24
0.29 -0.24
0.29 -0.24
0.29 -0.24
0.29 -0.24
0.29 -0.24
0.29 -0.24
0.29 -0.24
0.29 -0.24
0.29 -0.24
0.29 -0.24
0.29 -0.24
0.29 -0.24
0.29 -0.24
0.29 -0.24
0.29 -0.24
0.29 -0.24
0.29 -0.24
0.29 -0.24
0.29 -0.24
0.29 -0.24
0.29 -0.24
0.29 -0.24
0.29 -0.24
0.29 -0.24
0.29 -0.24
0.29 -0.24
0.29 -0.24
0.29 -0.24
0.29 -0.24
0.29 -0.24
0.29 -0.24
0.29 -0.24
0.29 -0.24
0.29 -0.24
0.29 -0.24
0.29 -0.24
0.29 -0.24
0.29 -0.24
0.29 -0.24
0.29 -0.24
0.29 -0.24
0.29 -0.24
0.29 -0.24
0.29 -0.24
0.29 -0.24
0.29 -0.24
0.29 -0.24
0.29 -0.24
0.29 -0.24
0.29 -0.24
0.29 -0.24
0.29 -0.24
0.29 -0.24
0.29 -0.24
0.29 -0.24
0.29 -0.24
0.29 -0.24
0.29 -0.24
0.29 -0.24
0.29 -0.24
0.29 -0.24
0.29 -0.24
0.29 -0.24
0.29 -0.24
0.29 -0.24
0.29 -0.24
0.29 -0.24
0.29 -0.24
0.29 -0.24
0.29 -0.24
0.29 -0.24
0.29 -0.24
0.29 -0.24
0.29 -0.24
0.29 -0.24
0.29 -0.24
0.29 -0.24
0.29 -0.24
0.29 -0.24
0.29 -0.24
0.29 -0.24
0.29 -0.24
0.29 -0.24
0.29 -0.24
0.29 -0.24
0.29 -0.24
0.29 -0.24
0.29 -0.24
0.29 -0.24
0.29 -0.24
0.29 -0.24
0.29 -0.24
0.29 -0.24
0.29 -0.24
0.29 -0.24
0.29 -0.24
0.29 -0.24
0.29 -0.24
0.29 -0.24
0.29 -0.24
0.29 -0.24
0.29 -0.24
0.29 -0.24
0.29 -0.24
0.29 -0.24
0.29 -0.24
0.29 -0.24
0.29 -0.24
0.29 -0.24
0.29 -0.24
0.29 -0.24
0.29 -0.24
0.29 -0.24
0.29 -0.24
0.29 -0.24
0.29 -0.24