-4.86 0.15
-4.86 0.15
-4.85 0.15
-4.82 0.14
-4.76 0.14
-4.68 0.14
-4.60 0.14
-4.51 0.14
-4.40 0.13
-4.30 0.13
-4.19 0.13
-4.07 0.12
-3.94 0.12
-3.81 0.11
-3.67 0.11
-3.53 0.11
-3.39 0.10
-3.24 0.10
-3.05 0.09
-2.87 0.09
-2.67 0.08
-2.47 0.07
-2.30 0.07
-2.12 0.06
-1.94 0.06
-1.77 0.05
-1.63 0.05
-1.49 0.04
-1.38 0.04
-1.29 0.04
-1.20 0.04
-1.11 0.03
-1.03 0.03
-0.95 0.03
-0.88 0.03
-0.82 0.02
-0.75 0.02
-0.69 0.02
-0.63 0.02
-0.59 0.02
-0.52 0.02
-0.48 0.01
-0.45 0.01
-0.40 0.01
-0.36 0.01
-0.33 0.01
-0.29 0.01
-0.28 0.01
-0.26 0.01
-0.23 0.01
-0.23 0.01
-0.22 0.01
-0.22 0.01
-0.22 0.01
-0.22 0.01
-0.22 0.01
-0.22 0.01
-0.22 0.01
-0.22 0.01
-0.22 0.01
-0.20 0.01
-0.22 0.01
-0.20 0.01
-0.22 0.01
-0.20 0.01
-0.22 0.01
-0.22 0.01
-0.22 0.01
-0.22 0.01
-0.22 0.01
-0.22 0.01
-0.22 0.01
-0.22 0.01
-0.22 0.01
-0.22 0.01
-0.22 0.01
-0.22 0.01
-0.22 0.01
-0.22 0.01
-0.22 0.01
-0.22 0.01
-0.22 0.01
-0.23 0.01
-0.23 0.01
-0.23 0.01
-0.23 0.01
-0.23 0.01
-0.23 0.01
-0.23 0.01
-0.23 0.01
-0.23 0.01
-0.23 0.01
-0.23 0.01
-0.23 0.01
-0.23 0.01
-0.23 0.01
-0.23 0.01
-0.23 0.01
-0.23 0.01
-0.23 0.01
-0.23 0.01
-0.22 0.01
-0.23 0.01
-0.22 0.01
-0.22 0.01
-0.22 0.01
-0.23 0.01
-0.23 0.01
-0.23 0.01
-0.23 0.01
-0.22 0.01
-0.23 0.01
-0.23 0.01
-0.23 0.01
-0.22 0.01
-0.23 0.01
-0.23 0.01
-0.22 0.01
-0.23 0.01
-0.23 0.01
-0.23 0.01
-0.22 0.01
-0.23 0.01
-0.23 0.01
-0.23 0.01
-0.23 0.01
-0.22 0.01
-0.23 0.01
-0.23 0.01
-0.23 0.01
-0.23 0.01
-0.22 0.01
-0.22 0.01
-0.23 0.01
-0.23 0.01
-0.22 0.01
-0.23 0.01
-0.22 0.01
-0.23 0.01
-0.23 0.01
-0.22 0.01
-0.23 0.01
-0.22 0.01
-0.23 0.01
-0.23 0.01
-0.22 0.01
-0.23 0.01
-0.22 0.01
-0.23 0.01
-0.23 0.01
-0.23 0.01
-0.23 0.01
-0.23 0.01
-0.23 0.01
-0.23 0.01
-0.23 0.01
-0.23 0.01
-0.23 0.01
-0.23 0.01
-0.22 0.01
-0.23 0.01
-0.23 0.01
-0.22 0.01
-0.22 0.01
-0.23 0.01
-0.23 0.01
-0.23 0.01
-0.23 0.01
-0.23 0.01
-0.22 0.01
-0.23 0.01
-0.23 0.01
-0.22 0.01
-0.23 0.01
-0.22 0.01
-0.23 0.01
-0.23 0.01
-0.22 0.01
-0.23 0.01
-0.22 0.01
-0.22 0.01
-0.23 0.01
-0.22 0.01
-0.23 0.01
-0.23 0.01
-0.22 0.01
-0.22 0.01
-0.22 0.01
-0.23 0.01
-0.23 0.01
-0.22 0.01
-0.22 0.01
-0.23 0.01
-0.23 0.01
-0.22 0.01
-0.23 0.01
-0.23 0.01
-0.23 0.01
-0.23 0.01
-0.23 0.01
-0.23 0.01
-0.23 0.01
-0.23 0.01
-0.23 0.01
-0.23 0.01
-0.23 0.01
-0.22 0.01
-0.22 0.01
-0.23 0.01
-0.23 0.01
-0.23 0.01
-0.22 0.01
-0.23 0.01
-0.22 0.01
-0.23 0.01
-0.23 0.01
-0.23 0.01
-0.23 0.01
-0.23 0.01
-0.22 0.01
-0.23 0.01
-0.22 0.01
-0.23 0.01
-0.23 0.01
-0.22 0.01
-0.23 0.01
-0.22 0.01
-0.23 0.01
-0.23 0.01
-0.22 0.01
-0.23 0.01
-0.22 0.01
-0.23 0.01
-0.23 0.01
-0.22 0.01
-0.23 0.01
-0.22 0.01
-0.23 0.01
-0.23 0.01
-0.23 0.01
-0.23 0.01
-0.23 0.01
-0.23 0.01
-0.23 0.01
-0.23 0.01
-0.23 0.01
-0.23 0.01
-0.23 0.01
-0.22 0.01
-0.23 0.01
-0.22 0.01
-0.23 0.01
-0.23 0.01
-0.22 0.01
-0.23 0.01
-0.22 0.01
-0.23 0.01
-0.23 0.01
-0.22 0.01
-0.23 0.01
-0.23 0.01
-0.22 0.01
-0.22 0.01
-0.23 0.01
-0.22 0.01
-0.23 0.01
-0.23 0.01
-0.23 0.01
-0.23 0.01
-0.22 0.01
-0.23 0.01
-0.22 0.01
-0.23 0.01
-0.23 0.01
-0.23 0.01
-0.23 0.01
-0.22 0.01
-0.23 0.01
-0.23 0.01
-0.22 0.01
-0.23 0.01
-0.23 0.01
-0.23 0.01
-0.22 0.01
-0.23 0.01
-0.23 0.01
-0.22 0.01
-0.23 0.01
-0.22 0.01
-0.23 0.01
-0.22 0.01
-0.23 0.01
-0.22 0.01
-0.23 0.01
-0.23 0.01
-0.23 0.01
-0.23 0.01
-0.22 0.01
-0.23 0.01
-0.23 0.01
-0.23 0.01
-0.22 0.01
-0.23 0.01
-0.22 0.01
-0.23 0.01
-0.23 0.01
-0.23 0.01
-0.23 0.01
-0.23 0.01
-0.23 0.01
-0.22 0.01
-0.22 0.01
-0.23 0.01
-0.23 0.01
-0.23 0.01
-0.22 0.01
-0.23 0.01
-0.23 0.01
-0.23 0.01
-0.23 0.01
-0.23 0.01
-0.23 0.01
-0.23 0.01
-0.22 0.01
-0.23 0.01
-0.22 0.01
-0.22 0.01
-0.22 0.01
-0.23 0.01
-0.23 0.01
-0.23 0.01
-0.22 0.01
-0.23 0.01
-0.23 0.01
-0.23 0.01
-0.23 0.01
-0.23 0.01
-0.23 0.01
-0.22 0.01
-0.23 0.01
-0.22 0.01
-0.23 0.01
-0.23 0.01
-0.23 0.01
-0.23 0.01
-0.23 0.01
-0.23 0.01
-0.22 0.01
-0.23 0.01
-0.22 0.01
-0.23 0.01
-0.22 0.01
-0.23 0.01
-0.22 0.01
-0.23 0.01
-0.22 0.01
-0.22 0.01
-0.23 0.01
-0.23 0.01
-0.23 0.01
-0.22 0.01
-0.23 0.01
-0.22 0.01
-0.23 0.01
-0.23 0.01
-0.22 0.01
-0.22 0.01
-0.23 0.01
-0.22 0.01
-0.23 0.01
-0.23 0.01
-0.23 0.01
-0.22 0.01
-0.23 0.01
-0.22 0.01
-0.22 0.01
-0.22 0.01
-0.23 0.01
-0.23 0.01
-0.23 0.01
-0.23 0.01
-0.22 0.01
-0.23 0.01
-0.23 0.01
-0.23 0.01
-0.22 0.01
-0.23 0.01
-0.22 0.01
-0.23 0.01
-0.23 0.01
-0.23 0.01
-0.22 0.01
-0.23 0.01
-0.22 0.01
-0.23 0.01
-0.22 0.01
-0.23 0.01
-0.22 0.01
-0.22 0.01
-0.23 0.01
-0.23 0.01
-0.22 0.01
-0.23 0.01
-0.22 0.01
-0.23 0.01
-0.22 0.01
-0.23 0.01
-0.22 0.01
-0.22 0.01
-0.23 0.01
-0.22 0.01
-0.23 0.01
-0.23 0.01
-0.23 0.01
-0.22 0.01
-0.23 0.01
-0.22 0.01
-0.23 0.01
-0.22 0.01
-0.23 0.01
-0.23 0.01
-0.23 0.01
-0.23 0.01
-0.22 0.01
-0.23 0.01
-0.22 0.01
-0.23 0.01
-0.23 0.01
-0.23 0.01
-0.23 0.01
-0.23 0.01
-0.22 0.01
-0.23 0.01
-0.22 0.01
-0.23 0.01
-0.23 0.01
-0.22 0.01
-0.23 0.01
-0.23 0.01
-0.22 0.01
-0.23 0.01
-0.23 0.01
-0.23 0.01
-0.22 0.01
-0.22 0.01
-0.23 0.01
-0.23 0.01
-0.23 0.01
-0.22 0.01
-0.23 0.01
-0.22 0.01
-0.23 0.01
-0.22 0.01
-0.23 0.01
-0.22 0.01
-0.23 0.01
-0.22 0.01
-0.23 0.01
-0.23 0.01
-0.22 0.01
-0.23 0.01
-0.22 0.01
-0.23 0.01
-0.23 0.01
-0.23 0.01
-0.22 0.01
-0.23 0.01
-0.22 0.01
-0.23 0.01
-0.22 0.01
-0.23 0.01
-0.22 0.01
-0.23 0.01
-0.22 0.01
-0.22 0.01
-0.22 0.01
-0.23 0.01
-0.22 0.01
-0.22 0.01
-0.23 0.01
-0.23 0.01
-0.22 0.01
-0.23 0.01
-0.23 0.01
-0.23 0.01
-0.23 0.01
-0.22 0.01
-0.23 0.01
-0.23 0.01
-0.22 0.01
-0.22 0.01
-0.23 0.01
-0.22 0.01
-0.23 0.01
-0.22 0.01
-0.23 0.01
-0.22 0.01
-0.23 0.01
-0.22 0.01
-0.23 0.01
-0.22 0.01
-0.22 0.01
-0.22 0.01
-0.23 0.01
-0.22 0.01
-0.22 0.01
-0.22 0.01
-0.23 0.01
-0.22 0.01
-0.22 0.01
-0.22 0.01
-0.22 0.01
-0.22 0.01
-0.22 0.01
-0.22 0.01
-0.22 0.01
-0.22 0.01
-0.22 0.01
-0.22 0.01
-0.22 0.01
-0.22 0.01
-0.22 0.01
-0.22 0.01
-0.22 0.01
-0.22 0.01
-0.22 0.01
-0.23 0.01
-0.22 0.01
-0.22 0.01
-0.22 0.01
-0.22 0.01
-0.22 0.01
-0.23 0.01
-0.22 0.01
-0.22 0.01
-0.22 0.01
-0.23 0.01
-0.23 0.01
-0.22 0.01
-0.22 0.01
-0.23 0.01
-0.23 0.01
-0.22 0.01
-0.23 0.01
-0.22 0.01
-0.23 0.01
-0.23 0.01
-0.23 0.01
-0.23 0.01
-0.23 0.01
-0.23 0.01
-0.23 0.01
-0.23 0.01
-0.25 0.01
-0.25 0.01
-0.26 0.01
-0.26 0.01
-0.28 0.01
-0.29 0.01
-0.29 0.01
-0.31 0.01
-0.34 0.01
-0.34 0.01
-0.36 0.01
-0.37 0.01
-0.37 0.01
-0.37 0.01
-0.37 0.01
-0.37 0.01
-0.37 0.01
-0.37 0.01
-0.37 0.01
-0.37 0.01
-0.37 0.01
-0.37 0.01
-0.37 0.01
-0.37 0.01
-0.37 0.01
-0.37 0.01
-0.37 0.01
-0.37 0.01
-0.37 0.01
-0.37 0.01
-0.37 0.01
-0.37 0.01
-0.37 0.01
-0.39 0.01
-0.37 0.01
-0.37 0.01
-0.37 0.01
-0.37 0.01
-0.37 0.01
-0.37 0.01
-0.37 0.01
-0.37 0.01
-0.37 0.01
-0.37 0.01
-0.37 0.01
-0.37 0.01
-0.37 0.01
-0.37 0.01
-0.37 0.01
-0.37 0.01
-0.37 0.01
-0.37 0.01
-0.37 0.01
-0.37 0.01
-0.37 0.01
-0.37 0.01
-0.37 0.01
-0.37 0.01
-0.37 0.01
-0.37 0.01
-0.37 0.01
-0.37 0.01
-0.37 0.01
-0.37 0.01
-0.37 0.01
-0.37 0.01
-0.37 0.01
-0.37 0.01
-0.37 0.01
-0.37 0.01
-0.37 0.01
-0.37 0.01
-0.37 0.01
-0.37 0.01
-0.37 0.01
-0.37 0.01
-0.37 0.01
-0.37 0.01
-0.37 0.01
-0.37 0.01
-0.37 0.01
-0.37 0.01
-0.37 0.01
-0.37 0.01
-0.37 0.01
-0.37 0.01
-0.37 0.01
-0.37 0.01
-0.37 0.01
-0.37 0.01
-0.37 0.01
-0.37 0.01
-0.37 0.01
-0.37 0.01
-0.37 0.01
-0.37 0.01
-0.37 0.01
-0.37 0.01
-0.37 0.01
-0.37 0.01
-0.37 0.01
-0.37 0.01
-0.37 0.01
-0.37 0.01
-0.37 0.01
-0.37 0.01
-0.37 0.01
-0.37 0.01
-0.37 0.01
-0.37 0.01
-0.37 0.01
-0.37 0.01
-0.37 0.01
-0.37 0.01
-0.37 0.01
-0.37 0.01
-0.37 0.01
-0.37 0.01
-0.37 0.01
-0.37 0.01
-0.37 0.01
-0.37 0.01
-0.37 0.01
-0.37 0.01
-0.37 0.01
-0.37 0.01
-0.37 0.01
-0.37 0.01
-0.37 0.01
-0.37 0.01
-0.37 0.01
-0.37 0.01
-0.37 0.01
-0.37 0.01
-0.37 0.01
-0.37 0.01
-0.37 0.01
-0.37 0.01
-0.37 0.01
-0.37 0.01
-0.37 0.01
-0.37 0.01
-0.37 0.01
-0.37 0.01
-0.37 0.01
-0.37 0.01
-0.37 0.01
-0.37 0.01
-0.37 0.01
-0.37 0.01
-0.37 0.01
-0.37 0.01
-0.37 0.01
-0.37 0.01
-0.37 0.01
-0.37 0.01
-0.37 0.01
-0.37 0.01
-0.37 0.01
-0.37 0.01
-0.37 0.01
-0.37 0.01
-0.37 0.01
-0.37 0.01
-0.37 0.01
-0.37 0.01
-0.37 0.01
-0.37 0.01
-0.37 0.01
-0.37 0.01
-0.37 0.01
-0.37 0.01
-0.37 0.01
-0.37 0.01
-0.37 0.01
-0.37 0.01
-0.37 0.01
-0.37 0.01
-0.37 0.01
-0.37 0.01
-0.37 0.01
-0.37 0.01
-0.37 0.01
-0.37 0.01
-0.37 0.01
-0.37 0.01
-0.37 0.01
-0.37 0.01
-0.37 0.01
-0.37 0.01
-0.37 0.01
-0.37 0.01
-0.37 0.01
-0.37 0.01
-0.37 0.01
-0.37 0.01
-0.37 0.01
-0.37 0.01
-0.37 0.01
-0.37 0.01
-0.37 0.01
-0.37 0.01
-0.37 0.01
-0.37 0.01
-0.37 0.01
-0.37 0.01
-0.37 0.01
-0.37 0.01
-0.37 0.01
-0.37 0.01
-0.37 0.01
-0.37 0.01
-0.37 0.01
-0.37 0.01
-0.37 0.01
-0.37 0.01
-0.37 0.01
-0.37 0.01
-0.37 0.01
-0.37 0.01
-0.37 0.01
-0.37 0.01
-0.37 0.01
-0.37 0.01
-0.37 0.01
-0.37 0.01
-0.37 0.01
-0.37 0.01
-0.37 0.01
-0.37 0.01
-0.37 0.01
-0.37 0.01
-0.37 0.01
-0.37 0.01
-0.37 0.01
-0.37 0.01
-0.37 0.01
-0.37 0.01
-0.37 0.01
-0.37 0.01
-0.37 0.01
-0.37 0.01
-0.37 0.01
-0.37 0.01
-0.37 0.01
-0.37 0.01
-0.37 0.01
-0.37 0.01
-0.37 0.01
-0.37 0.01
-0.37 0.01
-0.37 0.01
-0.37 0.01
-0.37 0.01
-0.37 0.01
-0.37 0.01
-0.37 0.01
-0.37 0.01
-0.37 0.01
-0.37 0.01
-0.37 0.01
-0.37 0.01
-0.37 0.01
-0.37 0.01
-0.37 0.01
-0.37 0.01
-0.37 0.01
-0.37 0.01
-0.37 0.01
-0.37 0.01
-0.39 0.01
-0.39 0.01
-0.42 0.01
-0.43 0.01
-0.46 0.01
-0.49 0.01
-0.52 0.02
-0.57 0.02
-0.62 0.02
-0.68 0.02
-0.72 0.02
-0.79 0.02
-0.85 0.03
-0.92 0.03
-0.98 0.03
-1.06 0.03
-1.12 0.03
-1.20 0.04
-1.28 0.04
-1.37 0.04
-1.44 0.04
-1.54 0.05
-1.63 0.05
-1.71 0.05
-1.81 0.05
-1.90 0.06
-2.01 0.06
-2.12 0.06
-2.21 0.07
-2.32 0.07
-2.40 0.07
-2.49 0.07
-2.58 0.08
-2.66 0.08
-2.75 0.08
-2.82 0.08
-2.90 0.09
-2.98 0.09
-3.05 0.09
-3.12 0.09
-3.19 0.10
-3.27 0.10
-3.32 0.10
-3.38 0.10
-3.42 0.10
-3.48 0.10
-3.51 0.11
-3.56 0.11
-3.59 0.11
-3.61 0.11
-3.64 0.11
-3.65 0.11
-3.67 0.11
-3.68 0.11
-3.70 0.11
-3.71 0.11
-3.71 0.11
-3.71 0.11
-3.73 0.11
-3.73 0.11
-3.73 0.11
-3.73 0.11
-3.73 0.11
-3.73 0.11
-3.73 0.11
-3.74 0.11
-3.74 0.11
-3.74 0.11
-3.74 0.11
-3.74 0.11
-3.76 0.11
-3.76 0.11
-3.76 0.11
-3.76 0.11
-3.76 0.11
-3.78 0.11
-3.78 0.11
-3.79 0.11
-3.79 0.11
-3.81 0.11
-3.82 0.11
-3.84 0.12
-3.85 0.12
-3.87 0.12
-3.88 0.12
-3.90 0.12
-3.91 0.12
-3.94 0.12
-3.97 0.12
-3.99 0.12
-4.02 0.12
-4.05 0.12
-4.07 0.12
-4.10 0.12
-4.13 0.12
-4.16 0.12
-4.19 0.13
-4.22 0.13
-4.25 0.13
-4.30 0.13
-4.33 0.13
-4.36 0.13
-4.40 0.13
-4.43 0.13
-4.48 0.13
-4.53 0.14
-4.57 0.14
-4.60 0.14
-4.66 0.14
-4.71 0.14
-4.76 0.14
-4.82 0.14
-4.86 0.15
-4.93 0.15
-4.99 0.15
-5.05 0.15
-5.09 0.15
-5.16 0.15
-5.22 0.16
-5.28 0.16
-5.34 0.16
-5.42 0.16
-5.48 0.16
-5.55 0.17
-5.62 0.17
-5.68 0.17
-5.74 0.17
-5.81 0.17
-5.88 0.18
-5.95 0.18
-6.01 0.18
-6.08 0.18
-6.15 0.18
-6.21 0.19
-6.27 0.19
-6.34 0.19
-6.40 0.19
-6.46 0.19
-6.52 0.20
-6.58 0.20
-6.63 0.20
-6.69 0.20
-6.73 0.20
-6.80 0.20
-6.84 0.21
-6.90 0.21
-6.95 0.21
-7.00 0.21
-7.04 0.21
-7.09 0.21
-7.15 0.21
-7.18 0.22
-7.23 0.22
-7.27 0.22
-7.32 0.22
-7.36 0.22
-7.41 0.22
-7.44 0.22
-7.47 0.22
-7.50 0.23
-7.55 0.23
-7.58 0.23
-7.61 0.23
-7.64 0.23
-7.67 0.23
-7.70 0.23
-7.72 0.23
-7.75 0.23
-7.76 0.23
-7.78 0.23
-7.79 0.23
-7.82 0.23
-7.84 0.24
-7.85 0.24
-7.87 0.24
-7.87 0.24
-7.88 0.24
-7.90 0.24
-7.90 0.24
-7.92 0.24
-7.93 0.24
-0.00 0.00
-7.93 0.24
-7.95 0.24
-7.95 0.24
-7.96 0.24
-7.98 0.24
-7.99 0.24
-8.01 0.24
-8.02 0.24
-8.02 0.24
-8.04 0.24
-8.05 0.24
-8.05 0.24
-8.07 0.24
-8.08 0.24
-8.10 0.24
-8.11 0.24
-8.13 0.24
-8.15 0.24
-8.16 0.24
-8.16 0.24
-8.18 0.25
-8.19 0.25
-8.21 0.25
-8.22 0.25
-8.24 0.25
-8.27 0.25
-8.28 0.25
-8.28 0.25
-8.30 0.25
-8.33 0.25
-8.34 0.25
-8.36 0.25
-8.38 0.25
-8.41 0.25
-8.44 0.25
-8.45 0.25
-8.48 0.25
-8.51 0.26
-8.54 0.26
-8.59 0.26
-8.62 0.26
-8.65 0.26
-8.70 0.26
-8.74 0.26
-8.77 0.26
-8.82 0.26
-8.87 0.27
-8.91 0.27
-8.96 0.27
-9.02 0.27
-9.07 0.27
-9.11 0.27
-9.16 0.27
-9.20 0.28
-9.23 0.28
-9.28 0.28
-9.33 0.28
-9.37 0.28
-9.40 0.28
-9.45 0.28
-9.48 0.28
-9.53 0.29
-9.56 0.29
-9.59 0.29
-9.62 0.29
-9.65 0.29
-9.68 0.29
-9.71 0.29
-9.74 0.29
-9.77 0.29
-9.79 0.29
-9.82 0.29
-9.83 0.29
-9.85 0.30
-9.86 0.30
-9.89 0.30
-9.89 0.30
-9.91 0.30
-9.92 0.30
-9.94 0.30
-9.95 0.30
-9.95 0.30
-9.97 0.30
-9.97 0.30
-9.99 0.30
-9.99 0.30
-9.99 0.30
-10.00 0.30
-10.00 0.30
-10.00 0.30
-10.00 0.30
-10.00 0.30
-10.00 0.30
-10.00 0.30
-10.00 0.30
-10.00 0.30
-10.00 0.30
-10.00 0.30
-10.00 0.30
-10.00 0.30
-10.00 0.30
-10.00 0.30
-10.00 0.30
-10.02 0.30
-10.02 0.30
-10.02 0.30
-10.02 0.30
-10.02 0.30
-10.02 0.30
-10.02 0.30
-10.02 0.30
-10.03 0.30
-10.03 0.30
-10.03 0.30
-10.05 0.30
-10.05 0.30
-10.06 0.30
-10.06 0.30
-10.06 0.30
-10.08 0.30
-10.08 0.30
-10.09 0.30
-10.09 0.30
-10.11 0.30
-10.11 0.30
-10.11 0.30
-10.12 0.30
-10.12 0.30
-10.12 0.30
-10.14 0.30
-10.14 0.30
-10.14 0.30
-10.14 0.30
-10.15 0.30
-10.15 0.30
-10.15 0.30
-10.15 0.30
-10.14 0.30
-10.14 0.30
-10.14 0.30
-10.14 0.30
-10.14 0.30
-10.14 0.30
-10.14 0.30
-10.14 0.30
-10.14 0.30
-10.14 0.30
-10.14 0.30
-10.14 0.30
-10.14 0.30
-10.14 0.30
-10.14 0.30
-10.14 0.30
-10.14 0.30
-10.14 0.30
-10.14 0.30
-10.14 0.30
-10.14 0.30
-10.14 0.30
-10.14 0.30
-10.14 0.30
-10.14 0.30
-10.14 0.30
-10.14 0.30
-10.14 0.30
-10.14 0.30
-10.14 0.30
-10.14 0.30
-10.14 0.30
-10.14 0.30
-10.14 0.30
-10.14 0.30
-10.15 0.30
-10.14 0.30
-10.15 0.30
-10.14 0.30
-10.15 0.30
-10.15 0.30
-10.15 0.30
-10.15 0.30
-10.15 0.30
-10.15 0.30
-10.15 0.30
-10.15 0.30
-10.15 0.30
-10.15 0.30
-10.15 0.30
-10.15 0.30
-10.15 0.30
-10.15 0.30
-10.17 0.31
-10.17 0.31
-10.17 0.31
-10.18 0.31
-10.18 0.31
-10.20 0.31
-10.20 0.31
-10.22 0.31
-10.22 0.31
-10.23 0.31
-10.25 0.31
-10.26 0.31
-10.28 0.31
-10.29 0.31
-10.31 0.31
-10.32 0.31
-10.34 0.31
-10.35 0.31
-10.37 0.31
-10.38 0.31
-10.41 0.31
-10.43 0.31
-10.45 0.31
-10.48 0.31
-10.49 0.31
-10.51 0.32
-10.54 0.32
-10.55 0.32
-10.57 0.32
-10.58 0.32
-10.61 0.32
-10.63 0.32
-10.66 0.32
-10.68 0.32
-10.71 0.32
-10.74 0.32
-10.75 0.32
-10.78 0.32
-10.81 0.32
-10.84 0.33
-10.87 0.33
-10.92 0.33
-10.95 0.33
-11.00 0.33
-11.04 0.33
-11.09 0.33
-11.15 0.33
-11.21 0.34
-11.27 0.34
-11.35 0.34
-11.41 0.34
-11.49 0.34
-11.56 0.35
-11.66 0.35
-11.76 0.35
-11.84 0.36
-11.95 0.36
-12.06 0.36
-12.16 0.36
-12.27 0.37
-12.38 0.37
-12.50 0.38
-12.62 0.38
-12.75 0.38
-12.87 0.39
-13.01 0.39
-13.14 0.39
-13.27 0.40
-13.39 0.40
-13.53 0.41
-13.67 0.41
-13.79 0.41
-13.91 0.42
-14.03 0.42
-14.17 0.43
-14.28 0.43
-14.40 0.43
-14.54 0.44
-14.66 0.44
-14.78 0.44
-14.91 0.45
-15.06 0.45
-15.20 0.46
-15.35 0.46
-15.49 0.46
-15.67 0.47
-15.86 0.48
-16.04 0.48
-16.23 0.49
-16.44 0.49
-16.67 0.50
-16.89 0.51
-17.08 0.51
-17.31 0.52
-17.56 0.53
-17.76 0.53
-17.96 0.54
-18.17 0.55
-18.37 0.55
-18.57 0.56
-18.74 0.56
-18.92 0.57
-19.09 0.57
-19.26 0.58
-19.40 0.58
-19.55 0.59
-19.69 0.59
-19.81 0.59
-19.94 0.60
-20.06 0.60
-20.17 0.61
-20.24 0.61
-20.34 0.61
-20.44 0.61
-20.52 0.62
-20.60 0.62
-20.69 0.62
-20.76 0.62
-20.84 0.63
-20.92 0.63
-21.01 0.63
-21.10 0.63
-21.18 0.64
-21.26 0.64
-21.35 0.64
-21.42 0.64
-21.50 0.65
-21.59 0.65
-21.67 0.65
-21.75 0.65
-21.82 0.65
-21.88 0.66
-21.96 0.66
-22.02 0.66
-22.08 0.66
-22.04 0.66
-22.10 0.66
-22.16 0.66
-22.21 0.67
-22.25 0.67
-22.30 0.67
-22.36 0.67
-22.39 0.67
-22.44 0.67
-22.48 0.67
-22.51 0.68
-22.54 0.68
-22.59 0.68
-22.62 0.68
-22.64 0.68
-22.67 0.68
-22.70 0.68
-22.71 0.68
-22.73 0.68
-22.74 0.68
-22.77 0.68
-22.79 0.68
-22.80 0.68
-22.80 0.68
-22.82 0.68
-22.83 0.69
-22.85 0.69
-22.85 0.69
-22.87 0.69
-22.88 0.69
-22.90 0.69
-22.90 0.69
-22.91 0.69
-22.93 0.69
-22.94 0.69
-22.96 0.69
-22.96 0.69
-22.97 0.69
-23.00 0.69
-23.02 0.69
-23.03 0.69
-23.06 0.69
-23.08 0.69
-23.11 0.69
-23.14 0.69
-23.17 0.70
-23.20 0.70
-23.25 0.70
-23.28 0.70
-23.33 0.70
-23.36 0.70
-23.40 0.70
-23.45 0.70
-23.48 0.70
-23.52 0.71
-23.59 0.71
-23.63 0.71
-23.68 0.71
-23.72 0.71
-23.77 0.71
-23.83 0.71
-23.88 0.72
-23.92 0.72
-23.97 0.72
-24.02 0.72
-24.06 0.72
-24.11 0.72
-24.15 0.72
-24.20 0.73
-24.25 0.73
-24.29 0.73
-24.34 0.73
-24.38 0.73
-24.43 0.73
-24.48 0.73
-24.52 0.74
-24.55 0.74
-24.60 0.74
-24.64 0.74
-24.67 0.74
-24.71 0.74
-24.75 0.74
-24.78 0.74
-24.83 0.74
-24.86 0.75
-24.89 0.75
-24.92 0.75
-24.95 0.75
-24.98 0.75
-25.01 0.75
-25.03 0.75
-25.06 0.75
-25.07 0.75
-25.10 0.75
-25.12 0.75
-25.13 0.75
-25.15 0.75
-25.17 0.75
-25.18 0.76
-25.18 0.76
-25.20 0.76
-25.20 0.76
-25.21 0.76
-25.23 0.76
-25.23 0.76
-25.23 0.76
-25.24 0.76
-25.24 0.76
-25.26 0.76
-25.26 0.76
-25.26 0.76
-25.27 0.76
-25.27 0.76
-25.27 0.76
-25.29 0.76
-25.29 0.76
-25.30 0.76
-25.30 0.76
-25.32 0.76
-25.32 0.76
-25.33 0.76
-25.35 0.76
-25.36 0.76
-25.38 0.76
-25.40 0.76
-25.41 0.76
-25.43 0.76
-25.44 0.76
-25.46 0.76
-25.49 0.76
-25.50 0.77
-25.53 0.77
-25.55 0.77
-25.58 0.77
-25.59 0.77
-25.63 0.77
-25.64 0.77
-25.67 0.77
-25.72 0.77
-25.73 0.77
-25.76 0.77
-25.79 0.77
-25.84 0.78
-25.87 0.78
-25.90 0.78
-25.95 0.78
-25.99 0.78
-26.04 0.78
-26.09 0.78
-26.15 0.78
-26.21 0.79
-26.27 0.79
-26.33 0.79
-26.42 0.79
-26.51 0.80
-26.59 0.80
-26.71 0.80
-26.85 0.81
-27.04 0.81
-27.20 0.82
-27.42 0.82
-27.71 0.83
-28.03 0.84
-28.35 0.85
-28.69 0.86
-29.04 0.87
-29.34 0.88
-29.64 0.89
-30.01 0.90
-30.55 0.92
-31.19 0.94
-31.70 0.95
-32.08 0.96
-32.40 0.97
-32.69 0.98
-32.95 0.99
-33.23 1.00
-33.49 1.00
-33.75 1.01
-33.97 1.02
-34.15 1.02
-34.35 1.03
-34.50 1.04
-34.64 1.04
-34.75 1.04
-34.87 1.05
-34.96 1.05
-35.04 1.05
-35.12 1.05
-35.19 1.06
-35.27 1.06
-35.32 1.06
-35.38 1.06
-35.44 1.06
-35.48 1.06
-35.53 1.07
-35.58 1.07
-35.62 1.07
-35.65 1.07
-35.70 1.07
-35.73 1.07
-35.76 1.07
-35.79 1.07
-35.84 1.08
-35.87 1.08
-35.91 1.08
-35.94 1.08
-35.98 1.08
-36.01 1.08
-36.04 1.08
-36.08 1.08
-36.11 1.08
-36.14 1.08
-36.17 1.09
-36.21 1.09
-36.25 1.09
-36.28 1.09
-36.31 1.09
-36.36 1.09
-36.40 1.09
-36.44 1.09
-36.48 1.09
-36.53 1.10
-36.57 1.10
-36.62 1.10
-36.67 1.10
-36.71 1.10
-36.77 1.10
-36.82 1.10
-36.90 1.11
-36.96 1.11
-37.02 1.11
-37.08 1.11
-37.16 1.11
-37.22 1.12
-37.29 1.12
-37.36 1.12
-37.42 1.12
-37.48 1.12
-37.55 1.13
-37.62 1.13
-37.66 1.13
-37.72 1.13
-37.78 1.13
-37.83 1.13
-37.89 1.14
-37.94 1.14
-37.98 1.14
-38.01 1.14
-38.06 1.14
-38.09 1.14
-38.14 1.14
-38.17 1.15
-38.21 1.15
-38.24 1.15
-38.28 1.15
-38.31 1.15
-38.32 1.15
-38.35 1.15
-38.37 1.15
-38.40 1.15
-38.41 1.15
-38.43 1.15
-38.44 1.15
-38.46 1.15
-38.47 1.15
-38.49 1.15
-38.51 1.16
-38.52 1.16
-38.54 1.16
-38.54 1.16
-38.55 1.16
-38.55 1.16
-38.57 1.16
-38.57 1.16
-38.58 1.16
-38.58 1.16
-38.60 1.16
-38.60 1.16
-38.61 1.16
-38.61 1.16
-38.63 1.16
-38.64 1.16
-38.66 1.16
-38.66 1.16
-38.67 1.16
-38.69 1.16
-38.70 1.16
-38.72 1.16
-38.74 1.16
-38.75 1.16
-38.77 1.16
-38.80 1.16
-38.81 1.16
-38.83 1.16
-38.86 1.17
-38.89 1.17
-38.90 1.17
-38.93 1.17
-38.97 1.17
-39.00 1.17
-39.03 1.17
-39.06 1.17
-39.12 1.17
-39.15 1.17
-39.20 1.18
-39.26 1.18
-39.30 1.18
-39.36 1.18
-39.43 1.18
-39.50 1.19
-39.58 1.19
-39.66 1.19
-39.75 1.19
-39.82 1.19
-39.92 1.20
-40.01 1.20
-40.12 1.20
-40.19 1.21
-40.30 1.21
-40.41 1.21
-40.50 1.21
-40.59 1.22
-40.70 1.22
-40.79 1.22
-40.88 1.23
-40.99 1.23
-41.08 1.23
-41.17 1.24
-41.25 1.24
-41.34 1.24
-41.43 1.24
-41.50 1.24
-41.57 1.25
-41.63 1.25
-41.71 1.25
-41.76 1.25
-41.82 1.25
-41.86 1.26
-41.92 1.26
-41.97 1.26
-42.02 1.26
-42.05 1.26
-42.08 1.26
-42.12 1.26
-42.15 1.26
-42.19 1.27
-42.22 1.27
-42.23 1.27
-42.26 1.27
-42.29 1.27
-42.32 1.27
-42.34 1.27
-42.35 1.27
-42.38 1.27
-42.42 1.27
-42.43 1.27
-42.48 1.27
-42.49 1.27
-42.52 1.28
-42.57 1.28
-42.60 1.28
-42.63 1.28
-42.68 1.28
-42.72 1.28
-42.77 1.28
-42.81 1.28
-42.88 1.29
-42.94 1.29
-42.98 1.29
-43.06 1.29
-43.14 1.29
-43.20 1.30
-43.27 1.30
-43.38 1.30
-43.47 1.30
-43.58 1.31
-43.69 1.31
-43.83 1.31
-43.96 1.32
-44.10 1.32
-44.27 1.33
-44.44 1.33
-44.59 1.34
-44.76 1.34
-44.96 1.35
-45.14 1.35
-45.31 1.36
-45.50 1.36
-45.67 1.37
-45.82 1.37
-45.96 1.38
-46.13 1.38
-46.26 1.39
-46.39 1.39
-46.52 1.40
-46.63 1.40
-46.74 1.40
-46.86 1.41
-46.97 1.41
-47.06 1.41
-47.15 1.41
-47.26 1.42
-47.34 1.42
-47.41 1.42
-47.48 1.42
-47.55 1.43
-47.61 1.43
-47.66 1.43
-47.72 1.43
-47.77 1.43
-47.80 1.43
-47.83 1.43
-47.87 1.44
-47.90 1.44
-47.94 1.44
-47.95 1.44
-47.97 1.44
-47.98 1.44
-48.00 1.44
-48.01 1.44
-48.03 1.44
-48.04 1.44
-48.04 1.44
-48.06 1.44
-48.07 1.44
-48.07 1.44
-48.09 1.44
-48.09 1.44
-48.10 1.44
-48.12 1.44
-48.12 1.44
-48.12 1.44
-48.13 1.44
-48.13 1.44
-48.15 1.44
-48.15 1.44
-48.17 1.44
-48.17 1.44
-48.18 1.45
-48.20 1.45
-48.20 1.45
-48.21 1.45
-48.23 1.45
-48.23 1.45
-48.24 1.45
-48.26 1.45
-48.26 1.45
-48.27 1.45
-48.27 1.45
-48.29 1.45
-48.30 1.45
-48.32 1.45
-48.32 1.45
-48.33 1.45
-48.35 1.45
-48.35 1.45
-48.36 1.45
-48.38 1.45
-48.40 1.45
-48.41 1.45
-48.43 1.45
-48.43 1.45
-48.46 1.45
-48.47 1.45
-48.49 1.45
-48.52 1.46
-48.53 1.46
-48.56 1.46
-48.58 1.46
-48.61 1.46
-48.64 1.46
-48.67 1.46
-48.70 1.46
-48.73 1.46
-48.76 1.46
-48.81 1.46
-48.86 1.47
-48.89 1.47
-48.93 1.47
-48.99 1.47
-49.04 1.47
-49.10 1.47
-49.16 1.47
-49.22 1.48
-49.30 1.48
-49.36 1.48
-49.44 1.48
-49.51 1.49
-49.59 1.49
-49.65 1.49
-49.73 1.49
-49.81 1.49
-49.87 1.50
-49.94 1.50
-50.02 1.50
-50.08 1.50
-50.13 1.50
-50.19 1.51
-50.25 1.51
-50.30 1.51
-50.30 1.51
-50.36 1.51
-50.40 1.51
-50.45 1.51
-50.50 1.51
-50.53 1.52
-50.57 1.52
-50.62 1.52
-50.65 1.52
-50.70 1.52
-50.73 1.52
-50.76 1.52
-50.79 1.52
-50.82 1.52
-50.85 1.53
-50.86 1.53
-50.89 1.53
-50.93 1.53
-50.96 1.53
-50.99 1.53
-51.00 1.53
-51.03 1.53
-51.06 1.53
-51.09 1.53
-51.12 1.53
-51.16 1.53
-51.19 1.54
-51.23 1.54
-51.26 1.54
-51.31 1.54
-51.35 1.54
-51.42 1.54
-51.46 1.54
-51.52 1.55
-51.58 1.55
-51.65 1.55
-51.71 1.55
-51.78 1.55
-51.85 1.56
-51.92 1.56
-52.00 1.56
-52.08 1.56
-52.15 1.56
-52.23 1.57
-52.32 1.57
-52.40 1.57
-52.47 1.57
-52.55 1.58
-52.64 1.58
-52.73 1.58
-52.81 1.58
-52.89 1.59
-52.98 1.59
-53.06 1.59
-53.13 1.59
-53.21 1.60
-53.29 1.60
-53.36 1.60
-53.42 1.60
-53.50 1.61
-53.56 1.61
-53.61 1.61
-53.67 1.61
-53.72 1.61
-53.76 1.61
-53.79 1.61
-53.84 1.62
-53.87 1.62
-53.90 1.62
-53.92 1.62
-53.93 1.62
-53.96 1.62
-53.98 1.62
-53.98 1.62
-53.99 1.62
-54.01 1.62
-54.02 1.62
-54.02 1.62
-54.04 1.62
-54.04 1.62
-54.05 1.62
-54.05 1.62
-54.07 1.62
-54.07 1.62
-54.08 1.62
-54.08 1.62
-54.08 1.62
-54.10 1.62
-54.10 1.62
-54.10 1.62
-54.11 1.62
-54.11 1.62
-54.11 1.62
-54.13 1.62
-54.13 1.62
-54.15 1.62
-54.15 1.62
-54.16 1.62
-54.16 1.62
-54.16 1.62
-54.18 1.63
-54.19 1.63
-54.21 1.63
-54.22 1.63
-54.22 1.63
-54.25 1.63
-54.27 1.63
-54.28 1.63
-54.31 1.63
-54.34 1.63
-54.38 1.63
-54.41 1.63
-54.45 1.63
-54.51 1.64
-54.56 1.64
-54.62 1.64
-54.70 1.64
-54.77 1.64
-54.85 1.65
-54.96 1.65
-55.10 1.65
-55.23 1.66
-55.40 1.66
-55.62 1.67
-55.86 1.68
-56.15 1.68
-56.46 1.69
-56.86 1.71
-57.17 1.71
-57.44 1.72
-57.72 1.73
-58.01 1.74
-58.30 1.75
-58.67 1.76
-59.10 1.77
-59.47 1.78
-59.76 1.79
-60.00 1.80
-60.19 1.81
-60.31 1.81
-60.42 1.81
-60.48 1.81
-60.52 1.82
-60.54 1.82
-60.54 1.82
-60.55 1.82
-60.55 1.82
-60.57 1.82
-60.55 1.82
-60.55 1.82
-60.54 1.82
-60.54 1.82
-60.54 1.82
-60.54 1.82
-60.54 1.82
-60.54 1.82
-60.54 1.82
-60.54 1.82
-60.54 1.82
-60.54 1.82
-60.52 1.82
-60.52 1.82
-60.52 1.82
-60.52 1.82
-60.52 1.82
-60.54 1.82
-60.52 1.82
-60.54 1.82
-60.54 1.82
-60.54 1.82
-60.55 1.82
-60.55 1.82
-60.57 1.82
-60.59 1.82
-60.60 1.82
-60.62 1.82
-60.63 1.82
-60.65 1.82
-60.65 1.82
-60.66 1.82
-60.68 1.82
-60.69 1.82
-60.71 1.82
-60.72 1.82
-60.72 1.82
-60.74 1.82
-60.74 1.82
-60.75 1.82
-60.75 1.82
-60.75 1.82
-60.77 1.82
-60.77 1.82
-60.77 1.82
-60.77 1.82
-60.77 1.82
-60.77 1.82
-60.77 1.82
-60.77 1.82
-60.77 1.82
-60.77 1.82
-60.77 1.82
-60.77 1.82
-60.77 1.82
-60.77 1.82
-60.78 1.82
-60.78 1.82
-60.78 1.82
-60.78 1.82
-60.78 1.82
-60.78 1.82
-60.78 1.82
-60.80 1.82
-60.80 1.82
-60.80 1.82
-60.80 1.82
-60.80 1.82
-60.80 1.82
-60.80 1.82
-60.82 1.82
-60.82 1.82
-60.82 1.82
-60.83 1.82
-60.83 1.82
-60.83 1.82
-60.85 1.83
-60.86 1.83
-60.86 1.83
-60.88 1.83
-60.89 1.83
-60.91 1.83
-60.92 1.83
-60.94 1.83
-60.95 1.83
-60.97 1.83
-60.98 1.83
-61.00 1.83
-61.03 1.83
-61.06 1.83
-61.09 1.83
-61.12 1.83
-61.17 1.84
-61.20 1.84
-61.26 1.84
-61.31 1.84
-61.37 1.84
-61.41 1.84
-61.47 1.84
-61.54 1.85
-61.58 1.85
-61.63 1.85
-61.69 1.85
-61.74 1.85
-61.78 1.85
-61.81 1.85
-61.86 1.86
-61.89 1.86
-61.92 1.86
-61.95 1.86
-61.98 1.86
-62.00 1.86
-62.01 1.86
-62.03 1.86
-62.03 1.86
-62.03 1.86
-62.03 1.86
-62.03 1.86
-62.03 1.86
-62.03 1.86
-62.03 1.86
-62.03 1.86
-62.03 1.86
-62.03 1.86
-62.01 1.86
-62.01 1.86
-62.01 1.86
-62.01 1.86
-62.01 1.86
-62.01 1.86
-62.01 1.86
-62.01 1.86
-62.00 1.86
-62.00 1.86
-62.00 1.86
-62.00 1.86
-62.00 1.86
-61.98 1.86
-61.98 1.86
-61.98 1.86
-61.98 1.86
-61.98 1.86
-61.98 1.86
-61.98 1.86
-61.98 1.86
-61.98 1.86
-61.97 1.86
-61.97 1.86
-61.97 1.86
-61.97 1.86
-61.97 1.86
-61.97 1.86
-61.97 1.86
-61.97 1.86
-61.97 1.86
-61.97 1.86
-61.97 1.86
-61.97 1.86
-61.97 1.86
-61.97 1.86
-61.98 1.86
-61.97 1.86
-61.98 1.86
-61.98 1.86
-61.98 1.86
-61.98 1.86
-61.98 1.86
-61.98 1.86
-61.98 1.86
-61.98 1.86
-61.98 1.86
-61.98 1.86
-62.00 1.86
-62.00 1.86
-62.00 1.86
-62.00 1.86
-62.00 1.86
-62.00 1.86
-62.00 1.86
-62.00 1.86
-62.00 1.86
-62.00 1.86
-62.00 1.86
-62.00 1.86
-62.00 1.86
-62.00 1.86
-62.00 1.86
-62.01 1.86
-62.01 1.86
-62.01 1.86
-62.01 1.86
-62.01 1.86
-62.01 1.86
-62.01 1.86
-62.01 1.86
-62.01 1.86
-62.01 1.86
-62.01 1.86
-62.01 1.86
-62.01 1.86
-62.01 1.86
-62.01 1.86
-62.01 1.86
-62.01 1.86
-62.01 1.86
-62.01 1.86
-62.03 1.86
-62.03 1.86
-62.01 1.86
-62.03 1.86
-62.03 1.86
-62.01 1.86
-62.01 1.86
-62.03 1.86
-62.03 1.86
-62.03 1.86
-62.03 1.86
-62.03 1.86
-62.03 1.86
-62.03 1.86
-62.03 1.86
-62.03 1.86
-62.03 1.86
-62.03 1.86
-62.03 1.86
-62.03 1.86
-62.01 1.86
-62.01 1.86
-62.01 1.86
-62.01 1.86
-62.01 1.86
-62.01 1.86
-62.01 1.86
-62.01 1.86
-62.01 1.86
-62.01 1.86
-62.01 1.86
-62.01 1.86
-62.01 1.86
-62.01 1.86
-62.01 1.86
-62.01 1.86
-62.01 1.86
-62.01 1.86
-62.01 1.86
-62.01 1.86
-62.00 1.86
-62.00 1.86
-61.98 1.86
-61.98 1.86
-61.97 1.86
-61.95 1.86
-61.95 1.86
-61.93 1.86
-61.92 1.86
-61.92 1.86
-61.90 1.86
-61.89 1.86
-61.89 1.86
-61.87 1.86
-61.86 1.86
-61.86 1.86
-61.84 1.86
-61.84 1.86
-61.83 1.85
-61.83 1.85
-61.83 1.85
-61.83 1.85
-61.81 1.85
-61.81 1.85
-61.81 1.85
-61.81 1.85
-61.81 1.85
-61.81 1.85
-61.81 1.85
-61.80 1.85
-61.80 1.85
-61.80 1.85
-61.80 1.85
-61.78 1.85
-61.78 1.85
-61.78 1.85
-61.78 1.85
-61.77 1.85
-61.77 1.85
-61.77 1.85
-61.75 1.85
-61.75 1.85
-61.74 1.85
-61.74 1.85
-61.72 1.85
-61.70 1.85
-61.70 1.85
-61.69 1.85
-61.67 1.85
-61.67 1.85
-61.66 1.85
-61.64 1.85
-61.63 1.85
-61.61 1.85
-61.60 1.85
-61.58 1.85
-61.57 1.85
-61.55 1.85
-61.52 1.85
-61.51 1.85
-61.49 1.84
-61.46 1.84
-61.43 1.84
-61.40 1.84
-61.37 1.84
-61.34 1.84
-61.31 1.84
-61.28 1.84
-61.23 1.84
-61.18 1.84
-61.15 1.83
-61.11 1.83
-61.08 1.83
-61.03 1.83
-61.00 1.83
-60.97 1.83
-60.94 1.83
-60.91 1.83
-60.88 1.83
-60.86 1.83
-60.83 1.82
-60.82 1.82
-60.80 1.82
-60.78 1.82
-60.78 1.82
-60.78 1.82
-60.78 1.82
-60.77 1.82
-60.77 1.82
-60.77 1.82
-60.77 1.82
-60.77 1.82
-60.77 1.82
-60.77 1.82
-60.77 1.82
-60.77 1.82
-60.77 1.82
-60.77 1.82
-60.77 1.82
-60.77 1.82
-60.77 1.82
-60.77 1.82
-60.77 1.82
-60.77 1.82
-60.77 1.82
-60.77 1.82
-60.77 1.82
-60.78 1.82
-60.78 1.82
-60.78 1.82
-60.78 1.82
-60.77 1.82
-60.78 1.82
-60.77 1.82
-60.77 1.82
-60.77 1.82
-60.77 1.82
-60.77 1.82
-60.75 1.82
-60.75 1.82
-60.74 1.82
-60.72 1.82
-60.71 1.82
-60.69 1.82
-60.66 1.82
-60.63 1.82
-60.59 1.82
-60.54 1.82
-60.49 1.81
-60.43 1.81
-60.36 1.81
-60.26 1.81
-60.17 1.81
-60.05 1.80
-59.90 1.80
-59.74 1.79
-59.54 1.79
-59.31 1.78
-59.08 1.77
-58.87 1.77
-58.62 1.76
-58.41 1.75
-58.24 1.75
-58.09 1.74
-57.93 1.74
-57.81 1.73
-57.72 1.73
-57.60 1.73
-57.50 1.73
-57.43 1.72
-57.33 1.72
-57.26 1.72
-57.18 1.72
-57.12 1.71
-57.04 1.71
-56.98 1.71
-56.92 1.71
-56.86 1.71
-56.80 1.70
-56.75 1.70
-56.72 1.70
-56.68 1.70
-56.63 1.70
-56.60 1.70
-56.57 1.70
-56.54 1.70
-56.51 1.70
-56.48 1.69
-56.45 1.69
-56.41 1.69
-56.38 1.69
-56.37 1.69
-56.34 1.69
-56.29 1.69
-56.26 1.69
-56.23 1.69
-56.18 1.69
-56.15 1.68
-56.11 1.68
-56.06 1.68
-56.02 1.68
-55.95 1.68
-55.89 1.68
-55.83 1.67
-55.79 1.67
-55.71 1.67
-55.65 1.67
-55.57 1.67
-55.51 1.67
-55.42 1.66
-55.34 1.66
-55.26 1.66
-55.19 1.66
-55.11 1.65
-55.03 1.65
-54.96 1.65
-54.87 1.65
-54.77 1.64
-54.68 1.64
-54.59 1.64
-54.50 1.63
-54.42 1.63
-54.33 1.63
-54.21 1.63
-54.11 1.62
-54.01 1.62
-53.88 1.62
-53.78 1.61
-53.67 1.61
-53.55 1.61
-53.42 1.60
-53.30 1.60
-53.19 1.60
-53.07 1.59
-52.95 1.59
-52.84 1.59
-52.73 1.58
-52.63 1.58
-52.52 1.58
-52.44 1.57
-52.32 1.57
-52.23 1.57
-52.15 1.56
-52.06 1.56
-51.98 1.56
-51.91 1.56
-51.83 1.55
-51.75 1.55
-51.69 1.55
-51.62 1.55
-51.55 1.55
-51.49 1.54
-51.45 1.54
-51.39 1.54
-51.32 1.54
-51.28 1.54
-51.23 1.54
-51.17 1.54
-51.12 1.53
-51.08 1.53
-51.03 1.53
-50.97 1.53
-50.91 1.53
-50.86 1.53
-50.80 1.52
-50.74 1.52
-50.68 1.52
-50.62 1.52
-50.54 1.52
-50.48 1.51
-50.42 1.51
-50.34 1.51
-50.27 1.51
-50.14 1.50
-50.07 1.50
-49.99 1.50
-49.91 1.50
-49.84 1.50
-49.73 1.49
-49.64 1.49
-49.56 1.49
-49.47 1.48
-49.38 1.48
-49.28 1.48
-49.19 1.48
-49.09 1.47
-49.01 1.47
-48.92 1.47
-48.82 1.46
-48.72 1.46
-48.63 1.46
-48.53 1.46
-48.41 1.45
-48.30 1.45
-48.18 1.45
-48.04 1.44
-47.90 1.44
-47.75 1.43
-47.60 1.43
-47.43 1.42
-47.26 1.42
-47.08 1.41
-46.91 1.41
-46.69 1.40
-46.51 1.40
-46.31 1.39
-46.10 1.38
-45.88 1.38
-45.67 1.37
-45.47 1.36
-45.22 1.36
-45.02 1.35
-44.82 1.34
-44.62 1.34
-44.42 1.33
-44.26 1.33
-44.10 1.32
-43.93 1.32
-43.80 1.31
-43.67 1.31
-43.55 1.31
-43.44 1.30
-43.35 1.30
-43.27 1.30
-43.18 1.30
-43.11 1.29
-43.04 1.29
-42.97 1.29
-42.89 1.29
-42.84 1.29
-42.80 1.28
-42.74 1.28
-42.69 1.28
-42.63 1.28
-42.57 1.28
-42.51 1.28
-42.46 1.27
-42.40 1.27
-42.34 1.27
-42.28 1.27
-42.22 1.27
-42.14 1.26
-42.09 1.26
-42.03 1.26
-41.96 1.26
-41.89 1.26
-41.82 1.25
-41.74 1.25
-41.68 1.25
-41.60 1.25
-41.54 1.25
-41.46 1.24
-41.40 1.24
-41.34 1.24
-41.27 1.24
-41.20 1.24
-41.14 1.23
-41.10 1.23
-41.02 1.23
-40.97 1.23
-40.93 1.23
-40.87 1.23
-40.82 1.22
-40.77 1.22
-40.73 1.22
-40.68 1.22
-40.64 1.22
-40.61 1.22
-40.56 1.22
-40.53 1.22
-40.50 1.21
-40.45 1.21
-40.44 1.21
-40.41 1.21
-40.39 1.21
-40.36 1.21
-40.35 1.21
-40.31 1.21
-40.30 1.21
-40.28 1.21
-40.27 1.21
-40.25 1.21
-40.24 1.21
-40.22 1.21
-40.22 1.21
-40.21 1.21
-40.21 1.21
-40.19 1.21
-40.19 1.21
-40.18 1.21
-40.18 1.21
-40.18 1.21
-40.16 1.20
-40.16 1.20
-40.15 1.20
-40.15 1.20
-40.15 1.20
-40.13 1.20
-40.13 1.20
-40.13 1.20
-40.12 1.20
-40.12 1.20
-40.12 1.20
-40.10 1.20
-40.10 1.20
-40.08 1.20
-40.08 1.20
-40.07 1.20
-40.05 1.20
-40.04 1.20
-40.02 1.20
-40.02 1.20
-40.01 1.20
-39.99 1.20
-39.98 1.20
-39.96 1.20
-39.95 1.20
-39.93 1.20
-39.90 1.20
-39.89 1.20
-39.87 1.20
-39.85 1.20
-39.82 1.19
-39.81 1.19
-39.78 1.19
-39.76 1.19
-39.75 1.19
-39.72 1.19
-39.70 1.19
-39.69 1.19
-39.66 1.19
-39.64 1.19
-39.62 1.19
-39.59 1.19
-39.58 1.19
-39.56 1.19
-39.55 1.19
-39.53 1.19
-39.52 1.19
-39.50 1.19
-39.47 1.18
-39.47 1.18
-39.46 1.18
-39.44 1.18
-39.44 1.18
-39.43 1.18
-39.41 1.18
-39.41 1.18
-39.39 1.18
-39.39 1.18
-39.39 1.18
-39.38 1.18
-39.38 1.18
-39.38 1.18
-39.38 1.18
-39.36 1.18
-39.38 1.18
-39.36 1.18
-39.36 1.18
-39.36 1.18
-39.36 1.18
-39.36 1.18
-39.36 1.18
-39.36 1.18
-39.36 1.18
-39.36 1.18
-39.36 1.18
-39.36 1.18
-39.36 1.18
-39.36 1.18
-39.36 1.18
-39.35 1.18
-39.35 1.18
-39.35 1.18
-39.33 1.18
-39.33 1.18
-39.33 1.18
-39.32 1.18
-39.32 1.18
-39.30 1.18
-39.29 1.18
-39.29 1.18
-39.27 1.18
-39.26 1.18
-39.24 1.18
-39.23 1.18
-39.20 1.18
-39.18 1.18
-39.16 1.17
-39.13 1.17
-39.10 1.17
-39.09 1.17
-39.06 1.17
-39.03 1.17
-39.00 1.17
-38.95 1.17
-38.92 1.17
-38.87 1.17
-38.83 1.16
-38.78 1.16
-38.72 1.16
-38.67 1.16
-38.61 1.16
-38.54 1.16
-38.47 1.15
-38.41 1.15
-38.34 1.15
-38.26 1.15
-38.18 1.15
-38.11 1.14
-38.00 1.14
-37.94 1.14
-37.85 1.14
-37.75 1.13
-37.66 1.13
-37.59 1.13
-37.49 1.12
-37.40 1.12
-37.31 1.12
-37.22 1.12
-37.11 1.11
-37.02 1.11
-36.94 1.11
-36.83 1.11
-36.76 1.10
-36.67 1.10
-36.57 1.10
-36.50 1.09
-36.42 1.09
-36.33 1.09
-36.24 1.09
-36.14 1.08
-36.05 1.08
-35.96 1.08
-35.85 1.08
-35.73 1.07
-35.62 1.07
-35.48 1.06
-35.35 1.06
-35.21 1.06
-35.07 1.05
-34.87 1.05
-34.67 1.04
-34.46 1.03
-34.23 1.03
-33.89 1.02
-33.57 1.01
-33.23 1.00
-32.83 0.98
-32.49 0.97
-32.19 0.97
-31.87 0.96
-31.38 0.94
-30.81 0.92
-30.24 0.91
-29.78 0.89
-29.40 0.88
-29.14 0.87
-28.89 0.87
-28.65 0.86
-28.34 0.85
-28.09 0.84
-27.86 0.84
-27.63 0.83
-27.40 0.82
-27.24 0.82
-27.08 0.81
-26.93 0.81
-26.81 0.80
-26.70 0.80
-26.62 0.80
-26.51 0.80
-26.42 0.79
-26.33 0.79
-26.25 0.79
-26.18 0.79
-26.10 0.78
-26.01 0.78
-25.93 0.78
-25.84 0.78
-25.75 0.77
-25.66 0.77
-25.56 0.77
-25.47 0.76
-25.36 0.76
-25.27 0.76
-25.18 0.76
-25.07 0.75
-24.98 0.75
-24.89 0.75
-24.80 0.74
-24.69 0.74
-24.60 0.74
-24.52 0.74
-24.44 0.73
-24.35 0.73
-24.28 0.73
-24.20 0.73
-24.12 0.72
-24.05 0.72
-23.98 0.72
-23.92 0.72
-23.86 0.72
-23.80 0.71
-23.75 0.71
-23.71 0.71
-23.65 0.71
-23.60 0.71
-23.56 0.71
-23.51 0.71
-23.48 0.70
-23.43 0.70
-23.40 0.70
-23.37 0.70
-23.34 0.70
-23.31 0.70
-23.28 0.70
-23.25 0.70
-23.23 0.70
-23.20 0.70
-23.19 0.70
-23.17 0.70
-23.14 0.69
-23.13 0.69
-23.11 0.69
-23.10 0.69
-23.08 0.69
-23.06 0.69
-23.05 0.69
-23.03 0.69
-23.02 0.69
-23.00 0.69
-22.99 0.69
-22.97 0.69
-22.96 0.69
-22.94 0.69
-22.93 0.69
-22.91 0.69
-22.90 0.69
-22.88 0.69
-22.87 0.69
-22.83 0.69
-22.82 0.68
-22.80 0.68
-22.77 0.68
-22.76 0.68
-22.73 0.68
-22.70 0.68
-22.67 0.68
-22.64 0.68
-22.60 0.68
-22.56 0.68
-22.53 0.68
-22.48 0.67
-22.44 0.67
-22.41 0.67
-22.36 0.67
-22.30 0.67
-22.25 0.67
-22.21 0.67
-22.16 0.66
-22.10 0.66
-22.05 0.66
-21.99 0.66
-21.95 0.66
-29.26 0.88
-21.95 0.66
-21.88 0.66
-21.82 0.65
-21.76 0.65
-21.72 0.65
-21.65 0.65
-21.59 0.65
-21.53 0.65
-21.49 0.64
-21.42 0.64
-21.36 0.64
-21.32 0.64
-21.26 0.64
-21.21 0.64
-21.15 0.63
-21.10 0.63
-21.07 0.63
-21.03 0.63
-20.98 0.63
-20.95 0.63
-20.90 0.63
-20.87 0.63
-20.84 0.63
-20.81 0.62
-20.78 0.62
-20.75 0.62
-20.72 0.62
-20.69 0.62
-20.66 0.62
-20.63 0.62
-20.60 0.62
-20.57 0.62
-20.52 0.62
-20.49 0.61
-20.46 0.61
-20.41 0.61
-20.37 0.61
-20.32 0.61
-20.26 0.61
-20.20 0.61
-20.14 0.60
-20.06 0.60
-19.98 0.60
-19.89 0.60
-19.80 0.59
-19.69 0.59
-19.57 0.59
-19.45 0.58
-19.32 0.58
-19.19 0.58
-19.03 0.57
-18.89 0.57
-18.74 0.56
-18.59 0.56
-18.42 0.55
-18.25 0.55
-18.08 0.54
-17.91 0.54
-17.71 0.53
-17.53 0.53
-17.36 0.52
-17.16 0.51
-16.96 0.51
-16.79 0.50
-16.61 0.50
-16.43 0.49
-16.26 0.49
-16.10 0.48
-15.97 0.48
-15.81 0.47
-15.69 0.47
-15.57 0.47
-15.46 0.46
-15.35 0.46
-15.24 0.46
-15.15 0.45
-15.08 0.45
-14.97 0.45
-14.89 0.45
-14.83 0.44
-14.74 0.44
-14.66 0.44
-14.59 0.44
-14.51 0.44
-14.45 0.43
-14.36 0.43
-14.28 0.43
-14.20 0.43
-14.13 0.42
-14.02 0.42
-13.93 0.42
-13.85 0.42
-13.74 0.41
-13.65 0.41
-13.54 0.41
-13.45 0.40
-13.36 0.40
-13.25 0.40
-13.14 0.39
-13.05 0.39
-12.96 0.39
-12.85 0.39
-12.76 0.38
-12.68 0.38
-12.59 0.38
-12.50 0.38
-12.41 0.37
-12.33 0.37
-12.25 0.37
-12.18 0.37
-12.10 0.36
-12.04 0.36
-11.98 0.36
-11.90 0.36
-11.84 0.36
-11.79 0.35
-11.73 0.35
-11.69 0.35
-11.64 0.35
-11.60 0.35
-11.55 0.35
-11.52 0.35
-11.47 0.34
-11.44 0.34
-11.41 0.34
-11.38 0.34
-11.37 0.34
-11.33 0.34
-11.32 0.34
-11.30 0.34
-11.29 0.34
-11.27 0.34
-11.27 0.34
-11.26 0.34
-11.26 0.34
-11.26 0.34
-11.26 0.34
-11.24 0.34
-11.26 0.34
-11.24 0.34
-11.26 0.34
-11.26 0.34
-11.26 0.34
-11.24 0.34
-11.26 0.34
-11.26 0.34
-11.26 0.34
-11.24 0.34
-11.26 0.34
-11.26 0.34
-11.24 0.34
-11.26 0.34
-11.26 0.34
-11.24 0.34
-11.26 0.34
-11.24 0.34
-11.24 0.34
-11.24 0.34
-11.24 0.34
-11.24 0.34
-11.24 0.34
-11.26 0.34
-11.24 0.34
-11.24 0.34
-11.26 0.34
-11.24 0.34
-11.24 0.34
-11.24 0.34
-11.24 0.34
-11.24 0.34
-11.24 0.34
-11.24 0.34
-11.24 0.34
-11.24 0.34
-11.24 0.34
-11.24 0.34
-11.24 0.34
-11.24 0.34
-11.24 0.34
-11.24 0.34
-11.24 0.34
-11.24 0.34
-11.24 0.34
-11.23 0.34
-11.24 0.34
-11.23 0.34
-11.23 0.34
-11.23 0.34
-11.23 0.34
-11.23 0.34
-11.23 0.34
-11.23 0.34
-11.23 0.34
-11.23 0.34
-11.23 0.34
-11.23 0.34
-11.23 0.34
-11.23 0.34
-11.21 0.34
-11.21 0.34
-11.21 0.34
-11.21 0.34
-11.21 0.34
-11.21 0.34
-11.21 0.34
-11.21 0.34
-11.21 0.34
-11.21 0.34
-11.20 0.34
-11.20 0.34
-11.20 0.34
-11.20 0.34
-11.20 0.34
-11.20 0.34
-11.20 0.34
-11.20 0.34
-11.18 0.34
-11.18 0.34
-11.18 0.34
-11.18 0.34
-11.18 0.34
-11.18 0.34
-11.18 0.34
-11.18 0.34
-11.18 0.34
-11.17 0.33
-11.17 0.33
-11.17 0.33
-11.17 0.33
-11.17 0.33
-11.17 0.33
-11.17 0.33
-11.17 0.33
-11.17 0.33
-11.17 0.33
-11.17 0.33
-11.17 0.33
-11.17 0.33
-11.15 0.33
-11.15 0.33
-11.15 0.33
-11.15 0.33
-11.15 0.33
-11.15 0.33
-11.15 0.33
-11.14 0.33
-11.14 0.33
-11.14 0.33
-11.14 0.33
-11.14 0.33
-11.12 0.33
-11.12 0.33
-11.12 0.33
-11.10 0.33
-11.10 0.33
-11.09 0.33
-11.09 0.33
-11.09 0.33
-11.07 0.33
-11.07 0.33
-11.06 0.33
-11.04 0.33
-11.04 0.33
-11.03 0.33
-11.01 0.33
-11.00 0.33
-10.98 0.33
-10.97 0.33
-10.95 0.33
-10.92 0.33
-10.91 0.33
-10.87 0.33
-10.84 0.33
-10.81 0.32
-10.78 0.32
-10.75 0.32
-10.71 0.32
-10.68 0.32
-10.63 0.32
-10.57 0.32
-10.51 0.32
-10.46 0.31
-10.40 0.31
-10.32 0.31
-10.25 0.31
-10.18 0.31
-10.11 0.30
-10.03 0.30
-9.97 0.30
-9.91 0.30
-9.85 0.30
-9.79 0.29
-9.72 0.29
-9.68 0.29
-9.62 0.29
-9.56 0.29
-9.49 0.28
-9.42 0.28
-9.36 0.28
-9.28 0.28
-9.22 0.28
-9.14 0.27
-9.07 0.27
-9.00 0.27
-8.93 0.27
-8.87 0.27
-8.79 0.26
-8.71 0.26
-8.65 0.26
-8.59 0.26
-8.53 0.26
-8.47 0.25
-8.39 0.25
-8.34 0.25
-8.27 0.25
-8.21 0.25
-8.13 0.24
-8.05 0.24
-7.96 0.24
-7.88 0.24
-7.88 0.24
-7.81 0.23
-7.72 0.23
-7.59 0.23
-7.49 0.22
-7.36 0.22
-7.23 0.22
-7.09 0.21
-6.95 0.21
-6.78 0.20
-6.63 0.20
-6.44 0.19
-6.21 0.19
-5.95 0.18
-5.66 0.17
-5.34 0.16
-5.00 0.15
-4.68 0.14
-4.39 0.13
-4.13 0.12
-3.84 0.12
-3.50 0.10
-3.05 0.09
-2.56 0.08
-2.09 0.06
-1.72 0.05
-1.48 0.04
-1.25 0.04
-1.06 0.03
-0.91 0.03
-0.77 0.02
-0.65 0.02
-0.54 0.02
-0.45 0.01
-0.37 0.01
-0.31 0.01
-0.28 0.01
-0.26 0.01
-0.28 0.01
-0.28 0.01
-0.29 0.01
-0.29 0.01
-0.29 0.01
-0.29 0.01
-0.29 0.01
-0.29 0.01
-0.29 0.01
-0.29 0.01
-0.29 0.01
-0.29 0.01
-0.29 0.01
-0.29 0.01
-0.29 0.01
-0.29 0.01
-0.29 0.01
-0.29 0.01
-0.29 0.01
-0.29 0.01
-0.29 0.01
-0.29 0.01
-0.29 0.01
-0.29 0.01
-0.29 0.01
-0.31 0.01
-0.29 0.01
-0.29 0.01
-0.31 0.01
-0.29 0.01
-0.31 0.01
-0.29 0.01
-0.29 0.01
-0.31 0.01
-0.31 0.01
-0.31 0.01
-0.31 0.01
-0.31 0.01
-0.31 0.01
-0.31 0.01
-0.31 0.01
-0.31 0.01
-0.31 0.01
-0.31 0.01
-0.31 0.01
-0.31 0.01
-0.29 0.01
-0.29 0.01
-0.29 0.01
-0.28 0.01
-0.28 0.01
-0.26 0.01
-0.25 0.01
-0.23 0.01
-0.22 0.01
-0.19 0.01
-0.17 0.01
-0.16 0.00
-0.13 0.00
-0.13 0.00
-0.11 0.00
-0.10 0.00
-0.08 0.00
-0.06 0.00
-0.05 0.00
-0.03 0.00
-0.00 0.00
0.01 -0.00
0.03 -0.00
0.03 -0.00
-0.00 0.00
-0.05 0.00
-0.11 0.00
-0.19 0.01
-0.23 0.01
-0.23 0.01
-0.23 0.01
-0.20 0.01
-0.17 0.01
-0.14 0.00
-0.11 0.00
-0.08 0.00
-0.05 0.00
-0.02 0.00
0.01 -0.00
0.03 -0.00
0.06 -0.00
0.04 -0.00
-0.00 0.00
-0.06 0.00
-0.14 0.00
-0.22 0.01
-0.26 0.01
-0.26 0.01
-0.23 0.01
-0.20 0.01
-0.16 0.00
-0.11 0.00
-0.06 0.00
-0.03 0.00
0.01 -0.00
0.06 -0.00
0.09 -0.00
0.07 -0.00
0.04 -0.00
-0.02 0.00
-0.11 0.00
-0.20 0.01
-0.26 0.01
-0.29 0.01
-0.26 0.01
-0.23 0.01
-0.19 0.01
-0.16 0.00
-0.11 0.00
-0.08 0.00
-0.03 0.00
-0.00 0.00
0.03 -0.00
0.06 -0.00
0.06 -0.00
0.03 -0.00
-0.03 0.00
-0.10 0.00
-0.19 0.01
-0.25 0.01
-0.25 0.01
-0.22 0.01
-0.19 0.01
-0.13 0.00
-0.08 0.00
-0.02 0.00
0.03 -0.00
0.09 -0.00
0.15 -0.00
0.15 -0.00
0.12 -0.00
0.07 -0.00
0.01 -0.00
-0.06 0.00
-0.14 0.00
-0.20 0.01
-0.23 0.01
-0.20 0.01
-0.16 0.00
-0.10 0.00
-0.03 0.00
0.04 -0.00
0.10 -0.00
0.17 -0.00
0.20 -0.01
0.17 -0.00
0.12 -0.00
0.03 -0.00
-0.06 0.00
-0.16 0.00
-0.26 0.01
-0.31 0.01
-0.29 0.01
-0.26 0.01
-0.23 0.01
-0.19 0.01
-0.16 0.00
-0.13 0.00
-0.08 0.00
-0.05 0.00
-0.03 0.00
-0.02 0.00
-0.02 0.00
-0.02 0.00
-0.02 0.00
-0.02 0.00
-0.02 0.00
-0.02 0.00
-0.02 0.00
-0.02 0.00
-0.02 0.00
-0.02 0.00
-0.02 0.00
-0.02 0.00
-0.02 0.00
-0.02 0.00
-0.02 0.00
-0.02 0.00
-0.02 0.00
-0.02 0.00
-0.02 0.00
-0.02 0.00
-0.02 0.00
-0.02 0.00
-0.02 0.00
-0.02 0.00
-0.02 0.00
-0.02 0.00
-0.02 0.00
-0.02 0.00
-0.02 0.00
-0.02 0.00
-0.02 0.00
-0.02 0.00
-0.02 0.00
-0.02 0.00
-0.02 0.00
-0.02 0.00
-0.02 0.00
-0.00 0.00
-0.00 0.00
-0.00 0.00
-0.02 0.00
-0.02 0.00
-0.03 0.00
-0.03 0.00
-0.02 0.00
-0.00 0.00
0.01 -0.00
0.01 -0.00
-0.00 0.00
-0.03 0.00
-0.08 0.00
-0.14 0.00
-0.16 0.00
-0.16 0.00
-0.14 0.00
-0.13 0.00
-0.11 0.00
-0.10 0.00
-0.10 0.00
-0.10 0.00
-0.10 0.00
-0.10 0.00
-0.10 0.00
-0.10 0.00
-0.10 0.00
-0.10 0.00
-0.10 0.00
-0.10 0.00
-0.10 0.00
-0.10 0.00
-0.10 0.00
-0.10 0.00
-0.10 0.00
-0.10 0.00
-0.10 0.00
-0.10 0.00
-0.10 0.00
-0.10 0.00
-0.10 0.00
-0.10 0.00
-0.10 0.00
-0.10 0.00
-0.10 0.00
-0.10 0.00
-0.10 0.00
-0.10 0.00
-0.10 0.00
-0.08 0.00
-0.08 0.00
-0.10 0.00
-0.10 0.00
-0.10 0.00
-0.10 0.00
-0.08 0.00
-0.10 0.00
-0.08 0.00
-0.08 0.00
-0.08 0.00
-0.10 0.00
-0.10 0.00
-0.10 0.00
-0.10 0.00
-0.10 0.00
-0.10 0.00
-0.10 0.00
-0.10 0.00
-0.10 0.00
-0.10 0.00
-0.10 0.00
-0.10 0.00
-0.10 0.00
-0.10 0.00
-0.10 0.00
-0.10 0.00
-0.10 0.00
-0.10 0.00
-0.10 0.00
-0.10 0.00
-0.10 0.00
-0.10 0.00
-0.10 0.00
-0.10 0.00
-0.10 0.00
-0.10 0.00
-0.10 0.00
-0.10 0.00
-0.10 0.00
-0.10 0.00
-0.10 0.00
-0.10 0.00
-0.10 0.00
-0.10 0.00
-0.10 0.00
-0.10 0.00
-0.10 0.00
-0.08 0.00
-0.08 0.00
-0.08 0.00
-0.08 0.00
-0.10 0.00
-0.08 0.00
-0.08 0.00
-0.08 0.00
-0.08 0.00
-0.08 0.00
-0.08 0.00
-0.08 0.00
-0.08 0.00
-0.08 0.00
-0.08 0.00
-0.08 0.00
-0.08 0.00
-0.08 0.00
-0.08 0.00
-0.08 0.00
-0.08 0.00
-0.08 0.00
-0.08 0.00
-0.08 0.00
-0.08 0.00
-0.08 0.00
-0.08 0.00
-0.08 0.00
-0.08 0.00
-0.08 0.00
-0.08 0.00
-0.08 0.00
-0.08 0.00
-0.08 0.00
-0.08 0.00
-0.08 0.00
-0.08 0.00
-0.08 0.00
-0.08 0.00
-0.08 0.00
-0.08 0.00
-0.08 0.00
-0.08 0.00
-0.08 0.00
-0.08 0.00
-0.08 0.00
-0.08 0.00
-0.08 0.00
-0.10 0.00
-0.08 0.00
-0.08 0.00
-0.08 0.00
-0.10 0.00
-0.08 0.00
-0.08 0.00
-0.08 0.00
-0.10 0.00
-0.08 0.00
-0.08 0.00
-0.10 0.00
-0.10 0.00
-0.10 0.00
-0.10 0.00
-0.10 0.00
-0.08 0.00
-0.08 0.00
-0.08 0.00
-0.08 0.00
-0.08 0.00
-0.08 0.00
-0.08 0.00
-0.08 0.00
-0.08 0.00
-0.08 0.00
-0.08 0.00
-0.08 0.00
-0.08 0.00
-0.08 0.00
-0.08 0.00
-0.08 0.00
-0.08 0.00
-0.08 0.00
-0.08 0.00
-0.08 0.00
-0.08 0.00
-0.08 0.00
-0.08 0.00
-0.08 0.00
-0.08 0.00
-0.08 0.00
-0.08 0.00
-0.08 0.00
-0.08 0.00
-0.08 0.00
-0.08 0.00
-0.08 0.00
-0.08 0.00
-0.08 0.00
-0.08 0.00
-0.08 0.00
-0.08 0.00
-0.08 0.00
-0.08 0.00
-0.08 0.00
-0.08 0.00
-0.08 0.00
-0.08 0.00
-0.08 0.00
-0.08 0.00
-0.08 0.00
-0.08 0.00
-0.08 0.00
-0.08 0.00
-0.08 0.00
-0.08 0.00
-0.08 0.00
-0.08 0.00
-0.08 0.00
-0.08 0.00
-0.08 0.00
-0.08 0.00
-0.08 0.00
-0.08 0.00
-0.08 0.00
-0.08 0.00
-0.08 0.00
-0.08 0.00
-0.08 0.00
-0.08 0.00
-0.08 0.00
-0.08 0.00
-0.08 0.00
-0.10 0.00
-0.08 0.00
-0.08 0.00
-0.08 0.00
-0.08 0.00
-0.08 0.00
-0.08 0.00
-0.10 0.00
-0.08 0.00
-0.08 0.00
-0.10 0.00
-0.10 0.00
-0.08 0.00
-0.08 0.00
-0.08 0.00
-0.08 0.00
-0.08 0.00
-0.08 0.00
-0.08 0.00
-0.08 0.00
-0.08 0.00
-0.08 0.00
-0.08 0.00
-0.10 0.00
-0.08 0.00
-0.08 0.00
-0.08 0.00
-0.08 0.00
-0.10 0.00
-0.08 0.00
-0.08 0.00
-0.08 0.00
-0.08 0.00
-0.08 0.00
-0.08 0.00
-0.08 0.00
-0.08 0.00
-0.08 0.00
-0.08 0.00
-0.08 0.00
-0.08 0.00
-0.08 0.00
-0.08 0.00
-0.08 0.00
-0.08 0.00
-0.08 0.00
-0.08 0.00
-0.08 0.00
-0.08 0.00
-0.08 0.00
-0.08 0.00
-0.08 0.00
-0.08 0.00
-0.10 0.00
-0.08 0.00
-0.10 0.00
-0.08 0.00
-0.08 0.00
-0.08 0.00
-0.08 0.00
-0.08 0.00
-0.08 0.00
-0.08 0.00
-0.08 0.00
-0.08 0.00
-0.08 0.00
-0.08 0.00
-0.06 0.00
-0.06 0.00
-0.06 0.00
-0.05 0.00
-0.05 0.00
-0.05 0.00
-0.05 0.00
-0.03 0.00
-0.03 0.00
-0.03 0.00
-0.03 0.00
-0.03 0.00
-0.03 0.00
-0.02 0.00
-0.02 0.00
-0.02 0.00
-0.02 0.00
-0.02 0.00
-0.02 0.00
-0.02 0.00
-0.02 0.00
-0.02 0.00
-0.02 0.00
-0.02 0.00
-0.02 0.00
-0.02 0.00
-0.02 0.00
-0.02 0.00
-0.02 0.00
-0.02 0.00
-0.02 0.00
-0.02 0.00
-0.02 0.00
-0.02 0.00
-0.02 0.00
-0.02 0.00
-0.02 0.00
-0.02 0.00
-0.02 0.00
-0.02 0.00
-0.02 0.00
-0.02 0.00
-0.02 0.00
-0.02 0.00
-0.02 0.00
-0.02 0.00
-0.02 0.00
-0.02 0.00
-0.02 0.00
-0.02 0.00
-0.02 0.00
-0.02 0.00
-0.02 0.00
-0.02 0.00
-0.02 0.00
-0.02 0.00
-0.02 0.00
-0.02 0.00
-0.02 0.00
-0.02 0.00
-0.02 0.00
-0.02 0.00
-0.02 0.00
-0.02 0.00
-0.02 0.00
-0.02 0.00
-0.02 0.00
-0.02 0.00
-0.02 0.00
-0.02 0.00
-0.02 0.00
-0.02 0.00
-0.02 0.00
-0.02 0.00
-0.02 0.00
-0.02 0.00
-0.02 0.00
-0.02 0.00
-0.02 0.00
-0.02 0.00
-0.02 0.00
-0.02 0.00
-0.02 0.00
-0.02 0.00
-0.02 0.00
-0.02 0.00
-0.02 0.00
-0.02 0.00
-0.02 0.00
-0.02 0.00
-0.02 0.00
-0.02 0.00
-0.02 0.00
-0.02 0.00
-0.02 0.00
-0.02 0.00
-0.02 0.00
-0.02 0.00
-0.02 0.00
-0.02 0.00
-0.02 0.00
-0.02 0.00
-0.02 0.00
-0.02 0.00
-0.02 0.00
-0.02 0.00
-0.02 0.00
-0.02 0.00
-0.02 0.00
-0.02 0.00
-0.02 0.00
-0.02 0.00
-0.02 0.00
-0.02 0.00
-0.02 0.00
-0.02 0.00
-0.02 0.00
-0.02 0.00
-0.02 0.00
-0.02 0.00
-0.02 0.00
-0.00 0.00
-0.00 0.00
-0.02 0.00
-0.02 0.00
-0.03 0.00
-0.03 0.00
-0.02 0.00
-0.00 0.00
-0.00 0.00
-0.00 0.00
-0.02 0.00
-0.03 0.00
-0.05 0.00
-0.05 0.00
-0.03 0.00
-0.03 0.00
-0.03 0.00
-0.03 0.00
-0.03 0.00
-0.03 0.00
-0.03 0.00
-0.02 0.00
-0.03 0.00
-0.02 0.00
-0.02 0.00
-0.02 0.00
-0.02 0.00
-0.02 0.00
-0.02 0.00
-0.02 0.00
-0.02 0.00
-0.02 0.00
-0.02 0.00
-0.02 0.00
-0.02 0.00
-0.02 0.00
-0.02 0.00
-0.02 0.00
-0.02 0.00
-0.02 0.00
-0.02 0.00
-0.02 0.00
-0.02 0.00
-0.02 0.00
-0.02 0.00
-0.02 0.00
-0.02 0.00
-0.02 0.00
-0.02 0.00
-0.02 0.00
-0.02 0.00
-0.03 0.00
-0.03 0.00
-0.03 0.00
-0.03 0.00
-0.03 0.00
-0.03 0.00
-0.03 0.00
-0.05 0.00
-0.05 0.00
-0.05 0.00
-0.05 0.00
-0.05 0.00
-0.05 0.00
-0.05 0.00
-0.05 0.00
-0.05 0.00
-0.05 0.00
-0.05 0.00
-0.05 0.00
-0.05 0.00
-0.05 0.00
-0.05 0.00
-0.05 0.00
-0.05 0.00
-0.05 0.00
-0.05 0.00
-0.05 0.00
-0.05 0.00
-0.05 0.00
-0.05 0.00
-0.05 0.00
-0.05 0.00
-0.05 0.00
-0.05 0.00
-0.05 0.00
-0.05 0.00
-0.05 0.00
-0.05 0.00
-0.05 0.00
-0.05 0.00
-0.05 0.00
-0.05 0.00
-0.05 0.00
-0.05 0.00
-0.05 0.00
-0.05 0.00
-0.05 0.00
-0.05 0.00
-0.05 0.00
-0.05 0.00
-0.05 0.00
-0.05 0.00
-0.05 0.00
-0.05 0.00
-0.05 0.00
-0.05 0.00
-0.05 0.00
-0.05 0.00
-0.05 0.00
-0.05 0.00
-0.05 0.00
-0.05 0.00
-0.05 0.00
-0.05 0.00
-0.05 0.00
-0.05 0.00
-0.05 0.00
-0.05 0.00
-0.05 0.00
-0.05 0.00
-0.05 0.00
-0.05 0.00
-0.05 0.00
-0.05 0.00
-0.05 0.00
-0.05 0.00
-0.05 0.00
-0.05 0.00
-0.05 0.00
-0.05 0.00
-0.05 0.00
-0.05 0.00
-0.05 0.00
-0.05 0.00
-0.05 0.00
-0.05 0.00
-0.05 0.00
-0.05 0.00
-0.05 0.00
-0.05 0.00
-0.05 0.00
-0.05 0.00
-0.05 0.00
-0.05 0.00
-0.05 0.00
-0.05 0.00
-0.05 0.00
-0.05 0.00
-0.05 0.00
-0.05 0.00
-0.05 0.00
-0.05 0.00
-0.05 0.00
-0.05 0.00
-0.05 0.00
-0.05 0.00
-0.05 0.00
-0.05 0.00
-0.05 0.00
-0.05 0.00
-0.05 0.00
-0.05 0.00
-0.05 0.00
-0.05 0.00
-0.05 0.00
-0.05 0.00
-0.05 0.00
-0.05 0.00
-0.05 0.00
-0.05 0.00
-0.05 0.00
-0.05 0.00
-0.05 0.00
-0.05 0.00
-0.05 0.00
-0.05 0.00
-0.05 0.00
-0.05 0.00
-0.05 0.00
-0.05 0.00
-0.05 0.00
-0.05 0.00
-0.05 0.00
-0.05 0.00
-0.05 0.00
-0.05 0.00
-0.05 0.00
-0.05 0.00
-0.05 0.00
-0.05 0.00
-0.05 0.00
-0.05 0.00
-0.05 0.00
-0.05 0.00
-0.05 0.00
-0.05 0.00
-0.05 0.00
-0.05 0.00
-0.05 0.00
-0.05 0.00
-0.05 0.00
-0.05 0.00
-0.05 0.00
-0.05 0.00
-0.05 0.00
-0.05 0.00
-0.05 0.00
-0.05 0.00
-0.05 0.00
-0.05 0.00
-0.05 0.00
-0.05 0.00
-0.05 0.00
-0.05 0.00
-0.05 0.00
-0.05 0.00
-0.05 0.00
-0.05 0.00
-0.05 0.00
-0.05 0.00
-0.05 0.00
-0.05 0.00
-0.05 0.00
-0.05 0.00
-0.05 0.00
-0.05 0.00
-0.05 0.00
-0.05 0.00
-0.05 0.00
-0.05 0.00
-0.05 0.00
-0.05 0.00
-0.05 0.00
-0.05 0.00
-0.05 0.00
-0.05 0.00
-0.05 0.00
-0.05 0.00
-0.05 0.00
-0.05 0.00
-0.05 0.00
-0.05 0.00
-0.05 0.00
-0.05 0.00
-0.05 0.00
-0.05 0.00
-0.05 0.00
-0.05 0.00
-0.05 0.00
-0.05 0.00
-0.05 0.00
-0.05 0.00
-0.05 0.00
-0.05 0.00
-0.05 0.00
-0.05 0.00
-0.05 0.00
-0.05 0.00
-0.05 0.00
-0.05 0.00
-0.05 0.00
-0.05 0.00
-0.05 0.00
-0.05 0.00
-0.05 0.00
-0.05 0.00
-0.05 0.00
-0.05 0.00
-0.05 0.00
-0.05 0.00
-0.05 0.00
-0.05 0.00
-0.05 0.00
-0.05 0.00
-0.05 0.00
-0.05 0.00
-0.05 0.00
-0.05 0.00
-0.05 0.00
-0.05 0.00
-0.05 0.00
-0.05 0.00
-0.05 0.00
-0.05 0.00
-0.05 0.00
-0.05 0.00
-0.05 0.00
-0.05 0.00
-0.05 0.00
-0.05 0.00
-0.05 0.00
-0.05 0.00
-0.05 0.00
-0.05 0.00
-0.05 0.00
-0.05 0.00
-0.05 0.00
-0.05 0.00
-0.05 0.00
-0.05 0.00
-0.05 0.00
-0.05 0.00
-0.05 0.00
-0.05 0.00
-0.05 0.00
-0.05 0.00
-0.05 0.00
-0.05 0.00
-0.05 0.00
-0.05 0.00
-0.05 0.00
-0.05 0.00
-0.05 0.00
-0.05 0.00
-0.05 0.00
-0.05 0.00
-0.05 0.00
-0.05 0.00
-0.05 0.00
-0.05 0.00
-0.05 0.00
-0.05 0.00
-0.05 0.00
-0.05 0.00
-0.05 0.00
-0.05 0.00
-0.05 0.00
-0.05 0.00
-0.05 0.00
-0.05 0.00
-0.05 0.00
-0.05 0.00
-0.05 0.00
-0.05 0.00
-0.05 0.00
-0.05 0.00
-0.05 0.00
-0.05 0.00
-0.05 0.00
-0.05 0.00
-0.05 0.00
-0.05 0.00
-0.05 0.00
-0.05 0.00
-0.05 0.00
-0.05 0.00
-0.05 0.00
-0.05 0.00
-0.05 0.00
-0.05 0.00
-0.05 0.00
-0.05 0.00
-0.05 0.00
-0.05 0.00
-0.05 0.00
-0.05 0.00
-0.05 0.00
-0.05 0.00
-0.05 0.00
-0.05 0.00
-0.05 0.00
-0.05 0.00
-0.05 0.00
-0.06 0.00
-0.05 0.00
-0.05 0.00
-0.06 0.00
-0.06 0.00
-0.05 0.00
-0.05 0.00
-0.05 0.00
-0.05 0.00
-0.05 0.00
-0.05 0.00
-0.03 0.00
-0.02 0.00
-0.00 0.00
0.04 -0.00
0.09 -0.00
0.12 -0.00
0.15 -0.00
0.13 -0.00
0.12 -0.00
0.10 -0.00
0.09 -0.00
0.09 -0.00
0.09 -0.00
0.09 -0.00
0.09 -0.00
0.09 -0.00
0.09 -0.00
0.09 -0.00
0.09 -0.00
0.09 -0.00
0.09 -0.00
0.09 -0.00
0.09 -0.00
0.09 -0.00
0.09 -0.00
0.09 -0.00
0.09 -0.00
0.09 -0.00
0.09 -0.00
0.09 -0.00
0.09 -0.00
0.09 -0.00
0.07 -0.00
0.07 -0.00
0.09 -0.00
0.07 -0.00
0.09 -0.00
0.09 -0.00
0.09 -0.00
0.10 -0.00
0.12 -0.00
0.13 -0.00
0.17 -0.00
0.20 -0.01
0.23 -0.01
0.27 -0.01
0.33 -0.01
0.40 -0.01
0.46 -0.01
0.53 -0.02
0.61 -0.02
0.69 -0.02
0.78 -0.02
0.87 -0.03
0.98 -0.03
1.09 -0.03
1.19 -0.04
1.32 -0.04
1.42 -0.04
1.55 -0.05
1.65 -0.05
1.74 -0.05
1.85 -0.06
1.97 -0.06
2.10 -0.06
2.22 -0.07
2.34 -0.07
2.47 -0.07
2.59 -0.08
2.73 -0.08
2.85 -0.09
2.97 -0.09
3.08 -0.09
3.20 -0.10
3.31 -0.10
3.43 -0.10
3.54 -0.11
3.65 -0.11
3.74 -0.11
3.85 -0.12
3.94 -0.12
4.03 -0.12
4.11 -0.12
4.18 -0.13
4.26 -0.13
4.34 -0.13
4.40 -0.13
4.46 -0.13
4.54 -0.14
4.58 -0.14
4.64 -0.14
4.70 -0.14
4.75 -0.14
4.81 -0.14
4.86 -0.15
4.90 -0.15
4.95 -0.15
4.98 -0.15
5.03 -0.15
5.07 -0.15
5.12 -0.15
5.15 -0.15
5.18 -0.16
5.23 -0.16
5.27 -0.16
5.30 -0.16
5.35 -0.16
5.38 -0.16
5.44 -0.16
5.49 -0.16
5.53 -0.17
5.58 -0.17
5.64 -0.17
5.70 -0.17
5.76 -0.17
5.82 -0.17
5.88 -0.18
5.95 -0.18
6.02 -0.18
6.08 -0.18
6.16 -0.18
5.84 -0.18
5.84 -0.18
5.92 -0.18
5.99 -0.18
6.07 -0.18
6.15 -0.18
6.22 -0.19
6.31 -0.19
6.39 -0.19
6.47 -0.19
6.56 -0.20
6.64 -0.20
6.71 -0.20
6.79 -0.20
6.87 -0.21
6.94 -0.21
7.02 -0.21
7.10 -0.21
7.17 -0.22
7.25 -0.22
7.34 -0.22
7.42 -0.22
7.51 -0.23
7.60 -0.23
7.69 -0.23
7.79 -0.23
7.89 -0.24
8.02 -0.24
8.12 -0.24
8.25 -0.25
8.37 -0.25
8.49 -0.25
8.63 -0.26
8.75 -0.26
8.89 -0.27
9.03 -0.27
9.17 -0.27
9.29 -0.28
9.43 -0.28
9.56 -0.29
9.69 -0.29
9.81 -0.29
9.93 -0.30
10.05 -0.30
10.16 -0.30
10.28 -0.31
10.39 -0.31
10.51 -0.32
10.61 -0.32
10.68 -0.32
10.78 -0.32
10.85 -0.33
10.91 -0.33
10.97 -0.33
11.04 -0.33
11.08 -0.33
11.13 -0.33
11.16 -0.33
11.20 -0.34
11.24 -0.34
11.27 -0.34
11.30 -0.34
11.31 -0.34
11.34 -0.34
11.37 -0.34
11.40 -0.34
11.42 -0.34
11.47 -0.34
11.50 -0.34
11.53 -0.35
11.56 -0.35
11.60 -0.35
11.63 -0.35
11.68 -0.35
11.73 -0.35
11.77 -0.35
11.83 -0.36
11.88 -0.36
11.94 -0.36
12.00 -0.36
12.06 -0.36
12.12 -0.36
12.19 -0.37
12.25 -0.37
12.32 -0.37
12.39 -0.37
12.45 -0.37
12.52 -0.38
12.58 -0.38
12.65 -0.38
12.72 -0.38
12.80 -0.38
12.88 -0.39
12.94 -0.39
13.01 -0.39
13.09 -0.39
13.18 -0.40
13.27 -0.40
13.35 -0.40
13.44 -0.40
13.54 -0.41
13.64 -0.41
13.73 -0.41
13.83 -0.41
13.95 -0.42
14.04 -0.42
14.15 -0.42
14.24 -0.43
14.35 -0.43
14.46 -0.43
14.55 -0.44
14.64 -0.44
14.73 -0.44
14.81 -0.44
14.88 -0.45
14.96 -0.45
15.04 -0.45
15.10 -0.45
15.16 -0.45
15.22 -0.46
15.27 -0.46
15.33 -0.46
15.38 -0.46
15.42 -0.46
15.47 -0.46
15.51 -0.47
15.54 -0.47
15.57 -0.47
15.62 -0.47
15.65 -0.47
15.68 -0.47
15.71 -0.47
15.74 -0.47
15.77 -0.47
15.80 -0.47
15.84 -0.48
15.88 -0.48
15.91 -0.48
15.94 -0.48
15.99 -0.48
16.02 -0.48
16.05 -0.48
16.10 -0.48
16.13 -0.48
16.17 -0.49
16.22 -0.49
16.25 -0.49
16.28 -0.49
16.33 -0.49
16.36 -0.49
16.40 -0.49
16.43 -0.49
16.48 -0.49
16.51 -0.50
16.54 -0.50
16.57 -0.50
16.60 -0.50
16.63 -0.50
16.66 -0.50
16.69 -0.50
16.72 -0.50
16.76 -0.50
16.79 -0.50
16.82 -0.50
16.85 -0.51
16.88 -0.51
16.91 -0.51
16.94 -0.51
16.97 -0.51
17.00 -0.51
17.03 -0.51
17.06 -0.51
17.09 -0.51
17.14 -0.51
17.17 -0.52
17.22 -0.52
17.25 -0.52
17.29 -0.52
17.34 -0.52
17.38 -0.52
17.43 -0.52
17.48 -0.52
17.52 -0.53
17.57 -0.53
17.63 -0.53
17.68 -0.53
17.72 -0.53
17.77 -0.53
17.81 -0.53
17.86 -0.54
17.91 -0.54
17.94 -0.54
17.97 -0.54
18.01 -0.54
18.04 -0.54
18.07 -0.54
18.10 -0.54
18.12 -0.54
18.15 -0.54
18.17 -0.54
18.20 -0.55
18.21 -0.55
18.23 -0.55
18.24 -0.55
18.26 -0.55
18.27 -0.55
18.30 -0.55
18.30 -0.55
18.33 -0.55
18.35 -0.55
18.37 -0.55
18.38 -0.55
18.41 -0.55
18.43 -0.55
18.46 -0.55
18.47 -0.55
18.50 -0.56
18.53 -0.56
18.56 -0.56
18.60 -0.56
18.64 -0.56
18.67 -0.56
18.72 -0.56
18.76 -0.56
18.79 -0.56
18.86 -0.57
18.90 -0.57
18.95 -0.57
18.99 -0.57
19.04 -0.57
19.09 -0.57
19.13 -0.57
19.18 -0.58
19.22 -0.58
19.27 -0.58
19.33 -0.58
19.36 -0.58
19.41 -0.58
19.47 -0.58
19.52 -0.59
19.56 -0.59
19.62 -0.59
19.67 -0.59
19.71 -0.59
19.78 -0.59
19.84 -0.60
19.90 -0.60
20.30 -0.61
20.36 -0.61
20.44 -0.61
20.50 -0.61
20.57 -0.62
20.63 -0.62
20.71 -0.62
20.80 -0.62
20.88 -0.63
20.96 -0.63
21.05 -0.63
21.13 -0.63
21.22 -0.64
21.31 -0.64
21.40 -0.64
21.48 -0.64
21.59 -0.65
21.68 -0.65
21.77 -0.65
21.88 -0.66
22.00 -0.66
22.11 -0.66
22.21 -0.67
22.35 -0.67
22.47 -0.67
22.61 -0.68
22.77 -0.68
22.92 -0.69
23.07 -0.69
23.23 -0.70
23.41 -0.70
23.56 -0.71
23.72 -0.71
23.89 -0.72
24.04 -0.72
24.19 -0.73
24.38 -0.73
24.54 -0.74
24.74 -0.74
25.00 -0.75
25.30 -0.76
25.60 -0.77
25.89 -0.78
26.25 -0.79
26.51 -0.80
26.72 -0.80
26.94 -0.81
27.11 -0.81
27.26 -0.82
27.43 -0.82
27.61 -0.83
27.78 -0.83
27.96 -0.84
28.18 -0.85
28.38 -0.85
28.56 -0.86
28.78 -0.86
28.96 -0.87
29.13 -0.87
29.31 -0.88
29.50 -0.88
29.64 -0.89
29.77 -0.89
29.93 -0.90
30.06 -0.90
30.19 -0.91
30.34 -0.91
30.46 -0.91
30.59 -0.92
30.72 -0.92
30.86 -0.93
30.97 -0.93
31.09 -0.93
31.23 -0.94
31.34 -0.94
31.44 -0.94
31.57 -0.95
31.66 -0.95
31.75 -0.95
31.84 -0.96
31.94 -0.96
32.00 -0.96
32.07 -0.96
32.13 -0.96
32.20 -0.97
32.24 -0.97
32.29 -0.97
32.33 -0.97
32.36 -0.97
32.40 -0.97
32.43 -0.97
32.44 -0.97
32.47 -0.97
32.49 -0.97
32.50 -0.98
32.52 -0.98
32.53 -0.98
32.55 -0.98
32.55 -0.98
32.58 -0.98
32.58 -0.98
32.59 -0.98
32.61 -0.98
32.63 -0.98
32.64 -0.98
32.66 -0.98
32.69 -0.98
32.70 -0.98
32.72 -0.98
32.75 -0.98
32.78 -0.98
32.81 -0.98
32.84 -0.99
32.87 -0.99
32.90 -0.99
32.93 -0.99
32.98 -0.99
33.01 -0.99
33.04 -0.99
33.09 -0.99
33.12 -0.99
33.15 -0.99
33.18 -1.00
33.22 -1.00
33.25 -1.00
33.28 -1.00
33.33 -1.00
33.36 -1.00
33.39 -1.00
33.44 -1.00
33.47 -1.00
33.50 -1.00
33.55 -1.01
33.58 -1.01
33.61 -1.01
33.65 -1.01
33.70 -1.01
33.73 -1.01
33.79 -1.01
33.82 -1.01
33.87 -1.02
33.93 -1.02
33.96 -1.02
34.02 -1.02
34.07 -1.02
34.11 -1.02
34.16 -1.02
34.22 -1.03
34.27 -1.03
34.31 -1.03
34.36 -1.03
34.39 -1.03
34.43 -1.03
34.47 -1.03
34.51 -1.04
34.54 -1.04
34.59 -1.04
34.62 -1.04
34.65 -1.04
34.70 -1.04
34.73 -1.04
34.76 -1.04
34.79 -1.04
34.82 -1.04
34.85 -1.05
34.88 -1.05
34.89 -1.05
34.94 -1.05
34.96 -1.05
34.99 -1.05
35.02 -1.05
35.05 -1.05
35.08 -1.05
35.11 -1.05
35.14 -1.05
35.19 -1.06
35.22 -1.06
35.25 -1.06
35.28 -1.06
35.31 -1.06
35.34 -1.06
35.39 -1.06
35.42 -1.06
35.45 -1.06
35.49 -1.06
35.52 -1.07
35.55 -1.07
35.60 -1.07
35.65 -1.07
35.68 -1.07
35.74 -1.07
35.78 -1.07
35.83 -1.07
35.88 -1.08
35.94 -1.08
36.00 -1.08
36.04 -1.08
36.12 -1.08
36.20 -1.09
36.26 -1.09
36.35 -1.09
36.44 -1.09
36.54 -1.10
36.64 -1.10
36.75 -1.10
36.86 -1.11
36.98 -1.11
37.10 -1.11
37.23 -1.12
37.36 -1.12
37.49 -1.12
37.61 -1.13
37.75 -1.13
37.85 -1.14
37.98 -1.14
38.10 -1.14
38.19 -1.15
38.30 -1.15
38.41 -1.15
38.48 -1.15
38.56 -1.16
38.65 -1.16
38.73 -1.16
38.80 -1.16
38.88 -1.17
38.94 -1.17
39.00 -1.17
39.07 -1.17
39.13 -1.17
39.17 -1.18
39.23 -1.18
39.28 -1.18
39.33 -1.18
39.37 -1.18
39.42 -1.18
39.48 -1.18
39.53 -1.19
39.56 -1.19
39.60 -1.19
39.65 -1.19
39.69 -1.19
39.74 -1.19
39.79 -1.19
39.83 -1.19
39.88 -1.20
39.91 -1.20
39.95 -1.20
40.00 -1.20
40.03 -1.20
40.06 -1.20
40.11 -1.20
40.14 -1.20
40.17 -1.21
40.22 -1.21
40.25 -1.21
40.26 -1.21
40.29 -1.21
40.32 -1.21
40.35 -1.21
40.37 -1.21
40.40 -1.21
40.43 -1.21
40.46 -1.21
40.49 -1.21
40.52 -1.22
40.55 -1.22
40.58 -1.22
40.61 -1.22
40.64 -1.22
40.68 -1.22
40.72 -1.22
40.75 -1.22
40.78 -1.22
40.83 -1.22
40.87 -1.23
40.92 -1.23
40.97 -1.23
41.01 -1.23
41.07 -1.23
41.14 -1.23
41.20 -1.24
41.26 -1.24
41.33 -1.24
41.41 -1.24
41.49 -1.24
41.58 -1.25
41.66 -1.25
41.76 -1.25
41.87 -1.26
41.98 -1.26
42.09 -1.26
42.21 -1.27
42.33 -1.27
42.47 -1.27
42.59 -1.28
42.71 -1.28
42.87 -1.29
42.99 -1.29
43.11 -1.29
43.25 -1.30
43.37 -1.30
43.48 -1.30
43.59 -1.31
43.70 -1.31
43.79 -1.31
43.88 -1.32
43.96 -1.32
44.03 -1.32
44.11 -1.32
44.19 -1.33
44.25 -1.33
44.31 -1.33
44.37 -1.33
44.42 -1.33
44.48 -1.33
44.52 -1.34
44.57 -1.34
44.62 -1.34
44.65 -1.34
44.69 -1.34
44.72 -1.34
44.75 -1.34
44.78 -1.34
44.82 -1.34
44.85 -1.35
44.88 -1.35
44.91 -1.35
44.94 -1.35
44.97 -1.35
45.00 -1.35
45.03 -1.35
45.06 -1.35
45.09 -1.35
45.12 -1.35
45.15 -1.35
45.18 -1.36
45.21 -1.36
45.24 -1.36
45.28 -1.36
45.31 -1.36
45.34 -1.36
45.37 -1.36
45.41 -1.36
45.44 -1.36
45.47 -1.36
45.52 -1.37
45.57 -1.37
45.60 -1.37
45.64 -1.37
45.69 -1.37
45.74 -1.37
45.78 -1.37
45.84 -1.38
45.90 -1.38
45.95 -1.38
46.03 -1.38
46.09 -1.38
46.15 -1.38
46.23 -1.39
46.30 -1.39
46.36 -1.39
46.46 -1.39
46.52 -1.40
46.59 -1.40
46.67 -1.40
46.75 -1.40
46.81 -1.40
46.89 -1.41
46.95 -1.41
47.02 -1.41
47.08 -1.41
47.15 -1.41
47.19 -1.42
47.25 -1.42
47.31 -1.42
47.36 -1.42
47.42 -1.42
47.47 -1.42
47.50 -1.42
47.54 -1.43
47.59 -1.43
47.64 -1.43
47.68 -1.43
47.71 -1.43
47.76 -1.43
47.81 -1.43
47.84 -1.44
47.88 -1.44
47.93 -1.44
47.97 -1.44
48.04 -1.44
48.08 -1.44
48.14 -1.44
48.20 -1.45
48.28 -1.45
48.36 -1.45
48.43 -1.45
48.53 -1.46
48.34 -1.45
48.46 -1.45
48.59 -1.46
48.73 -1.46
48.88 -1.47
49.05 -1.47
49.20 -1.48
49.40 -1.48
49.63 -1.49
49.84 -1.50
50.12 -1.50
50.46 -1.51
50.81 -1.52
51.18 -1.54
51.59 -1.55
51.95 -1.56
52.30 -1.57
52.74 -1.58
53.26 -1.60
53.86 -1.62
54.48 -1.63
54.84 -1.65
55.13 -1.65
55.44 -1.66
55.69 -1.67
55.96 -1.68
56.30 -1.69
56.58 -1.70
56.85 -1.71
57.14 -1.71
57.36 -1.72
57.56 -1.73
57.76 -1.73
57.93 -1.74
58.08 -1.74
58.25 -1.75
58.39 -1.75
58.52 -1.76
58.68 -1.76
58.81 -1.76
58.94 -1.77
59.08 -1.77
59.20 -1.78
59.32 -1.78
59.43 -1.78
59.54 -1.79
59.61 -1.79
59.70 -1.79
59.77 -1.79
59.83 -1.79
59.89 -1.80
59.92 -1.80
59.96 -1.80
60.00 -1.80
60.03 -1.80
60.04 -1.80
60.06 -1.80
60.07 -1.80
60.07 -1.80
60.07 -1.80
60.07 -1.80
60.07 -1.80
60.07 -1.80
60.07 -1.80
60.07 -1.80
60.09 -1.80
60.09 -1.80
60.10 -1.80
60.10 -1.80
60.13 -1.80
60.13 -1.80
60.15 -1.80
60.18 -1.81
60.19 -1.81
60.21 -1.81
60.24 -1.81
60.26 -1.81
60.27 -1.81
60.30 -1.81
60.32 -1.81
60.33 -1.81
60.35 -1.81
60.35 -1.81
60.36 -1.81
60.36 -1.81
60.36 -1.81
60.36 -1.81
60.36 -1.81
60.35 -1.81
60.35 -1.81
60.35 -1.81
60.35 -1.81
60.35 -1.81
60.35 -1.81
60.35 -1.81
60.35 -1.81
60.35 -1.81
60.35 -1.81
60.35 -1.81
60.35 -1.81
60.35 -1.81
60.35 -1.81
60.35 -1.81
60.35 -1.81
60.35 -1.81
60.35 -1.81
60.33 -1.81
60.35 -1.81
60.33 -1.81
60.33 -1.81
60.33 -1.81
60.33 -1.81
60.33 -1.81
60.33 -1.81
60.33 -1.81
60.33 -1.81
60.33 -1.81
60.33 -1.81
60.32 -1.81
60.33 -1.81
60.33 -1.81
60.32 -1.81
60.32 -1.81
60.32 -1.81
60.32 -1.81
60.33 -1.81
60.32 -1.81
60.32 -1.81
60.32 -1.81
60.32 -1.81
60.32 -1.81
60.32 -1.81
60.32 -1.81
60.32 -1.81
60.32 -1.81
60.32 -1.81
60.33 -1.81
60.33 -1.81
60.33 -1.81
60.33 -1.81
60.32 -1.81
60.33 -1.81
60.33 -1.81
60.32 -1.81
60.33 -1.81
60.33 -1.81
60.33 -1.81
60.33 -1.81
60.33 -1.81
60.33 -1.81
60.33 -1.81
60.33 -1.81
60.33 -1.81
60.33 -1.81
60.33 -1.81
60.33 -1.81
60.33 -1.81
60.33 -1.81
60.33 -1.81
60.33 -1.81
60.33 -1.81
60.33 -1.81
60.33 -1.81
60.33 -1.81
60.33 -1.81
60.33 -1.81
60.33 -1.81
60.33 -1.81
60.33 -1.81
60.32 -1.81
60.32 -1.81
60.32 -1.81
60.32 -1.81
60.32 -1.81
60.32 -1.81
60.30 -1.81
60.30 -1.81
60.30 -1.81
60.30 -1.81
60.30 -1.81
60.30 -1.81
60.30 -1.81
60.30 -1.81
60.30 -1.81
60.29 -1.81
60.29 -1.81
60.29 -1.81
60.29 -1.81
60.29 -1.81
60.29 -1.81
60.29 -1.81
60.29 -1.81
60.29 -1.81
60.27 -1.81
60.29 -1.81
60.27 -1.81
60.27 -1.81
60.27 -1.81
60.27 -1.81
60.27 -1.81
60.27 -1.81
60.27 -1.81
60.27 -1.81
60.27 -1.81
60.27 -1.81
60.27 -1.81
60.27 -1.81
60.27 -1.81
60.27 -1.81
60.27 -1.81
60.27 -1.81
60.27 -1.81
60.27 -1.81
60.27 -1.81
60.27 -1.81
60.27 -1.81
60.27 -1.81
60.27 -1.81
60.27 -1.81
60.27 -1.81
60.27 -1.81
60.27 -1.81
60.27 -1.81
60.27 -1.81
60.27 -1.81
60.27 -1.81
60.27 -1.81
60.27 -1.81
60.27 -1.81
60.27 -1.81
60.27 -1.81
60.27 -1.81
60.27 -1.81
60.26 -1.81
60.26 -1.81
60.26 -1.81
60.26 -1.81
60.26 -1.81
60.26 -1.81
60.24 -1.81
60.24 -1.81
60.24 -1.81
60.23 -1.81
60.23 -1.81
60.23 -1.81
60.23 -1.81
60.21 -1.81
60.21 -1.81
60.21 -1.81
60.19 -1.81
60.19 -1.81
60.19 -1.81
60.19 -1.81
60.18 -1.81
60.18 -1.81
60.18 -1.81
60.16 -1.80
60.16 -1.80
60.16 -1.80
60.16 -1.80
60.16 -1.80
60.16 -1.80
60.16 -1.80
60.16 -1.80
60.16 -1.80
60.16 -1.80
60.16 -1.80
60.16 -1.80
60.16 -1.80
60.16 -1.80
60.16 -1.80
60.16 -1.80
60.16 -1.80
60.16 -1.80
60.16 -1.80
60.16 -1.80
60.16 -1.80
60.16 -1.80
60.16 -1.80
60.16 -1.80
60.16 -1.80
60.16 -1.80
60.16 -1.80
60.16 -1.80
60.16 -1.80
60.16 -1.80
60.16 -1.80
60.16 -1.80
60.16 -1.80
60.16 -1.80
60.16 -1.80
60.16 -1.80
60.16 -1.80
60.15 -1.80
60.15 -1.80
60.15 -1.80
60.15 -1.80
60.15 -1.80
60.15 -1.80
60.15 -1.80
60.13 -1.80
60.13 -1.80
60.13 -1.80
60.13 -1.80
60.12 -1.80
60.10 -1.80
60.10 -1.80
60.10 -1.80
60.10 -1.80
60.09 -1.80
60.09 -1.80
60.07 -1.80
60.07 -1.80
60.07 -1.80
60.07 -1.80
60.06 -1.80
60.06 -1.80
60.06 -1.80
60.06 -1.80
60.06 -1.80
60.06 -1.80
60.06 -1.80
60.06 -1.80
60.06 -1.80
60.06 -1.80
60.06 -1.80
60.06 -1.80
60.06 -1.80
60.06 -1.80
60.06 -1.80
60.06 -1.80
60.06 -1.80
60.06 -1.80
60.06 -1.80
60.06 -1.80
60.06 -1.80
60.06 -1.80
60.06 -1.80
60.06 -1.80
60.06 -1.80
60.06 -1.80
60.06 -1.80
60.06 -1.80
60.06 -1.80
60.06 -1.80
60.06 -1.80
60.06 -1.80
60.06 -1.80
60.06 -1.80
60.06 -1.80
60.06 -1.80
60.06 -1.80
60.06 -1.80
60.06 -1.80
60.06 -1.80
60.06 -1.80
60.06 -1.80
60.06 -1.80
60.06 -1.80
60.06 -1.80
60.06 -1.80
60.06 -1.80
60.06 -1.80
60.06 -1.80
60.06 -1.80
60.06 -1.80
60.06 -1.80
60.04 -1.80
60.04 -1.80
60.04 -1.80
60.04 -1.80
60.04 -1.80
60.04 -1.80
60.03 -1.80
60.03 -1.80
60.01 -1.80
60.01 -1.80
60.00 -1.80
60.00 -1.80
60.00 -1.80
59.98 -1.80
59.96 -1.80
59.96 -1.80
59.95 -1.80
59.93 -1.80
59.92 -1.80
59.92 -1.80
59.90 -1.80
59.90 -1.80
59.89 -1.80
59.87 -1.80
59.87 -1.80
59.86 -1.80
59.86 -1.80
59.84 -1.80
59.84 -1.80
59.83 -1.79
59.83 -1.79
59.81 -1.79
59.81 -1.79
59.80 -1.79
59.80 -1.79
59.78 -1.79
59.78 -1.79
59.78 -1.79
59.77 -1.79
59.77 -1.79
59.75 -1.79
59.75 -1.79
59.73 -1.79
59.73 -1.79
59.72 -1.79
59.70 -1.79
59.70 -1.79
59.69 -1.79
59.67 -1.79
59.66 -1.79
59.64 -1.79
59.63 -1.79
59.61 -1.79
59.60 -1.79
59.58 -1.79
59.55 -1.79
59.54 -1.79
59.52 -1.79
59.49 -1.78
59.46 -1.78
59.44 -1.78
59.41 -1.78
59.38 -1.78
59.35 -1.78
59.32 -1.78
59.29 -1.78
59.26 -1.78
59.23 -1.78
59.18 -1.78
59.15 -1.77
59.11 -1.77
59.08 -1.77
59.03 -1.77
58.98 -1.77
58.94 -1.77
58.88 -1.77
58.83 -1.76
58.78 -1.76
58.72 -1.76
58.66 -1.76
58.60 -1.76
58.52 -1.76
58.45 -1.75
58.39 -1.75
58.28 -1.75
58.20 -1.75
58.09 -1.74
57.97 -1.74
57.85 -1.74
57.71 -1.73
57.48 -1.72
57.28 -1.72
57.04 -1.71
56.67 -1.70
56.30 -1.69
55.92 -1.68
55.49 -1.66
55.15 -1.65
54.81 -1.64
54.26 -1.63
53.62 -1.61
52.97 -1.59
52.42 -1.57
52.05 -1.56
51.72 -1.55
51.32 -1.54
50.96 -1.53
50.63 -1.52
50.27 -1.51
50.01 -1.50
49.78 -1.49
49.55 -1.49
49.38 -1.48
49.22 -1.48
49.05 -1.47
48.91 -1.47
48.79 -1.46
48.66 -1.46
48.54 -1.46
48.45 -1.45
48.34 -1.45
48.46 -1.45
48.37 -1.45
48.28 -1.45
48.22 -1.45
48.14 -1.44
48.07 -1.44
48.00 -1.44
47.93 -1.44
47.85 -1.44
47.79 -1.43
47.73 -1.43
47.64 -1.43
47.58 -1.43
47.50 -1.42
47.42 -1.42
47.36 -1.42
47.28 -1.42
47.21 -1.42
47.15 -1.41
47.07 -1.41
46.99 -1.41
46.93 -1.41
46.87 -1.41
46.79 -1.40
46.73 -1.40
46.66 -1.40
46.59 -1.40
46.53 -1.40
46.47 -1.39
46.39 -1.39
46.33 -1.39
46.27 -1.39
46.21 -1.39
46.16 -1.38
46.10 -1.38
46.06 -1.38
46.00 -1.38
45.95 -1.38
45.90 -1.38
45.86 -1.38
45.81 -1.37
45.75 -1.37
45.70 -1.37
45.66 -1.37
45.60 -1.37
45.57 -1.37
45.51 -1.37
45.44 -1.36
45.37 -1.36
45.31 -1.36
45.21 -1.36
45.14 -1.35
45.05 -1.35
44.94 -1.35
44.83 -1.34
44.72 -1.34
44.60 -1.34
44.48 -1.33
44.36 -1.33
44.20 -1.33
44.05 -1.32
43.91 -1.32
43.73 -1.31
43.56 -1.31
43.39 -1.30
43.19 -1.30
43.02 -1.29
42.84 -1.29
42.64 -1.28
42.45 -1.27
42.29 -1.27
42.09 -1.26
41.90 -1.26
41.73 -1.25
41.55 -1.25
41.38 -1.24
41.21 -1.24
41.03 -1.23
40.86 -1.23
40.69 -1.22
40.48 -1.21
40.29 -1.21
40.11 -1.20
39.89 -1.20
39.71 -1.19
39.53 -1.19
39.30 -1.18
39.11 -1.17
38.93 -1.17
38.71 -1.16
38.53 -1.16
38.34 -1.15
38.16 -1.14
38.01 -1.14
37.84 -1.14
37.67 -1.13
37.52 -1.13
37.36 -1.12
37.23 -1.12
37.09 -1.11
36.95 -1.11
36.84 -1.11
36.73 -1.10
36.61 -1.10
36.52 -1.10
36.44 -1.09
36.35 -1.09
36.26 -1.09
36.20 -1.09
36.12 -1.08
36.04 -1.08
35.97 -1.08
35.91 -1.08
35.83 -1.07
35.75 -1.07
35.69 -1.07
35.62 -1.07
35.54 -1.07
35.46 -1.06
35.39 -1.06
35.29 -1.06
35.23 -1.06
35.14 -1.05
35.05 -1.05
34.99 -1.05
34.89 -1.05
34.82 -1.04
34.74 -1.04
34.66 -1.04
34.59 -1.04
34.53 -1.04
34.47 -1.03
34.39 -1.03
33.93 -1.02
34.04 -1.02
33.97 -1.02
33.93 -1.02
33.87 -1.02
33.82 -1.01
33.78 -1.01
33.71 -1.01
33.67 -1.01
33.64 -1.01
33.59 -1.01
33.55 -1.01
33.51 -1.01
33.48 -1.00
33.44 -1.00
33.42 -1.00
33.39 -1.00
33.36 -1.00
33.33 -1.00
33.32 -1.00
33.27 -1.00
33.25 -1.00
33.22 -1.00
33.19 -1.00
33.16 -0.99
33.13 -0.99
33.09 -0.99
33.04 -0.99
33.01 -0.99
32.96 -0.99
32.92 -0.99
32.87 -0.99
32.81 -0.98
32.76 -0.98
32.70 -0.98
32.64 -0.98
32.58 -0.98
32.50 -0.98
32.46 -0.97
32.38 -0.97
32.30 -0.97
32.24 -0.97
32.17 -0.96
32.09 -0.96
32.01 -0.96
31.94 -0.96
31.87 -0.96
31.80 -0.95
31.72 -0.95
31.64 -0.95
31.58 -0.95
31.51 -0.95
31.44 -0.94
31.38 -0.94
31.32 -0.94
31.25 -0.94
31.20 -0.94
31.14 -0.93
31.09 -0.93
31.03 -0.93
30.98 -0.93
30.94 -0.93
30.91 -0.93
30.86 -0.93
30.83 -0.92
30.79 -0.92
30.75 -0.92
30.72 -0.92
30.69 -0.92
30.66 -0.92
30.63 -0.92
30.60 -0.92
30.57 -0.92
30.54 -0.92
30.49 -0.91
30.45 -0.91
30.42 -0.91
30.36 -0.91
30.31 -0.91
30.25 -0.91
30.17 -0.91
30.10 -0.90
30.00 -0.90
29.91 -0.90
29.79 -0.89
29.67 -0.89
29.54 -0.89
29.34 -0.88
29.14 -0.87
28.90 -0.87
28.56 -0.86
28.16 -0.84
27.75 -0.83
27.32 -0.82
26.88 -0.81
26.49 -0.79
26.03 -0.78
25.31 -0.76
24.64 -0.74
24.15 -0.72
23.73 -0.71
23.39 -0.70
23.07 -0.69
22.74 -0.68
22.38 -0.67
22.12 -0.66
21.88 -0.66
21.65 -0.65
21.48 -0.64
21.32 -0.64
21.19 -0.64
21.08 -0.63
20.97 -0.63
20.90 -0.63
20.80 -0.62
20.74 -0.62
20.68 -0.62
20.60 -0.62
20.56 -0.62
20.51 -0.62
20.47 -0.61
20.44 -0.61
20.39 -0.61
20.36 -0.61
20.33 -0.61
20.28 -0.61
20.25 -0.61
20.22 -0.61
20.19 -0.61
20.16 -0.60
20.13 -0.60
20.10 -0.60
20.07 -0.60
20.02 -0.60
19.98 -0.60
19.94 -0.60
20.31 -0.61
20.27 -0.61
20.22 -0.61
20.16 -0.60
20.10 -0.60
20.04 -0.60
19.96 -0.60
19.88 -0.60
19.81 -0.59
19.73 -0.59
19.62 -0.59
19.55 -0.59
19.45 -0.58
19.35 -0.58
19.25 -0.58
19.16 -0.57
19.07 -0.57
18.96 -0.57
18.87 -0.57
18.79 -0.56
18.69 -0.56
18.61 -0.56
18.53 -0.56
18.44 -0.55
18.37 -0.55
18.29 -0.55
18.20 -0.55
18.12 -0.54
18.06 -0.54
17.98 -0.54
17.91 -0.54
17.86 -0.54
17.80 -0.53
17.74 -0.53
17.69 -0.53
17.63 -0.53
17.58 -0.53
17.54 -0.53
17.48 -0.52
17.43 -0.52
17.38 -0.52
17.34 -0.52
17.28 -0.52
17.22 -0.52
17.15 -0.51
17.08 -0.51
17.02 -0.51
16.94 -0.51
16.85 -0.51
16.76 -0.50
16.68 -0.50
16.57 -0.50
16.46 -0.49
16.37 -0.49
16.26 -0.49
16.14 -0.48
16.02 -0.48
15.91 -0.48
15.77 -0.47
15.64 -0.47
15.50 -0.46
15.36 -0.46
15.19 -0.46
15.05 -0.45
14.92 -0.45
14.75 -0.44
14.58 -0.44
14.44 -0.43
14.29 -0.43
14.12 -0.42
13.98 -0.42
13.84 -0.42
13.67 -0.41
13.54 -0.41
13.38 -0.40
13.21 -0.40
13.04 -0.39
12.88 -0.39
12.71 -0.38
12.51 -0.38
12.31 -0.37
12.12 -0.36
11.89 -0.36
11.70 -0.35
11.50 -0.34
11.28 -0.34
11.05 -0.33
10.85 -0.33
10.65 -0.32
10.44 -0.31
10.24 -0.31
10.05 -0.30
9.87 -0.30
9.72 -0.29
9.55 -0.29
9.40 -0.28
9.23 -0.28
9.09 -0.27
8.97 -0.27
8.83 -0.26
8.71 -0.26
8.60 -0.26
8.49 -0.25
8.38 -0.25
8.29 -0.25
8.21 -0.25
8.14 -0.24
8.06 -0.24
8.00 -0.24
7.92 -0.24
7.86 -0.24
7.79 -0.23
7.72 -0.23
7.65 -0.23
7.57 -0.23
7.51 -0.23
7.43 -0.22
7.36 -0.22
7.26 -0.22
7.19 -0.22
7.11 -0.21
7.02 -0.21
6.94 -0.21
6.87 -0.21
6.79 -0.20
6.73 -0.20
6.65 -0.20
6.59 -0.20
6.51 -0.20
6.45 -0.19
6.39 -0.19
6.31 -0.19
6.25 -0.19
6.19 -0.19
6.19 -0.19
6.13 -0.18
6.07 -0.18
6.02 -0.18
5.98 -0.18
5.93 -0.18
5.88 -0.18
5.84 -0.18
5.79 -0.17
5.76 -0.17
5.73 -0.17
5.69 -0.17
5.65 -0.17
5.62 -0.17
5.61 -0.17
5.58 -0.17
5.55 -0.17
5.53 -0.17
5.52 -0.17
5.50 -0.17
5.47 -0.16
5.46 -0.16
5.44 -0.16
5.42 -0.16
5.41 -0.16
5.39 -0.16
5.39 -0.16
5.38 -0.16
5.36 -0.16
5.35 -0.16
5.32 -0.16
5.30 -0.16
5.29 -0.16
5.27 -0.16
5.24 -0.16
5.23 -0.16
5.19 -0.16
5.16 -0.15
5.13 -0.15
5.09 -0.15
5.06 -0.15
5.01 -0.15
4.98 -0.15
4.93 -0.15
4.89 -0.15
4.83 -0.14
4.78 -0.14
4.73 -0.14
4.67 -0.14
4.61 -0.14
4.55 -0.14
4.49 -0.13
4.41 -0.13
4.35 -0.13
4.27 -0.13
4.21 -0.13
4.14 -0.12
4.06 -0.12
3.98 -0.12
3.91 -0.12
3.83 -0.11
3.75 -0.11
3.68 -0.11
3.60 -0.11
3.52 -0.11
3.43 -0.10
3.35 -0.10
3.28 -0.10
3.19 -0.10
3.11 -0.09
3.05 -0.09
2.97 -0.09
2.91 -0.09
2.83 -0.08
2.79 -0.08
2.73 -0.08
2.66 -0.08
2.62 -0.08
2.57 -0.08
2.53 -0.08
2.50 -0.07
2.47 -0.07
2.43 -0.07
2.40 -0.07
2.37 -0.07
2.34 -0.07
2.33 -0.07
2.30 -0.07
2.27 -0.07
2.25 -0.07
2.22 -0.07
2.19 -0.07
2.17 -0.07
2.14 -0.06
2.11 -0.06
2.08 -0.06
2.05 -0.06
2.01 -0.06
1.96 -0.06
1.91 -0.06
1.87 -0.06
1.81 -0.05
1.74 -0.05
1.67 -0.05
1.59 -0.05
1.50 -0.04
1.39 -0.04
1.27 -0.04
1.12 -0.03
0.95 -0.03
0.73 -0.02
0.49 -0.01
0.20 -0.01
-0.13 0.00
-0.39 0.01
-0.71 0.02
-0.95 0.03
-1.15 0.03
-1.29 0.04
-1.41 0.04
-1.49 0.04
-1.55 0.05
-1.58 0.05
-1.58 0.05
-1.57 0.05
-1.54 0.05
-1.51 0.05
-1.46 0.04
-1.41 0.04
-1.37 0.04
-1.32 0.04
-1.28 0.04
-1.25 0.04
-1.23 0.04
-1.20 0.04
-1.20 0.04
-1.20 0.04
-1.20 0.04
-1.21 0.04
-1.21 0.04
-1.21 0.04
-1.23 0.04
-1.25 0.04
-1.26 0.04
-1.28 0.04
-1.31 0.04
-1.32 0.04
-1.34 0.04
-1.35 0.04
-1.37 0.04
-1.37 0.04
-1.37 0.04
-1.37 0.04
-1.37 0.04
-1.35 0.04
-1.37 0.04
-1.37 0.04
-1.37 0.04
-1.37 0.04
-1.35 0.04
-1.37 0.04
-1.37 0.04
-1.35 0.04
-1.35 0.04
-1.35 0.04
-1.37 0.04
-1.37 0.04
-1.37 0.04
-1.37 0.04
-1.37 0.04
-1.37 0.04
-1.37 0.04
-1.37 0.04
-1.37 0.04
-1.37 0.04
-1.37 0.04
-1.37 0.04
-1.37 0.04
-1.37 0.04
-1.37 0.04
-1.37 0.04
-1.37 0.04
-1.37 0.04
-1.37 0.04
-1.37 0.04
-1.37 0.04
-1.37 0.04
-1.37 0.04
-1.37 0.04
-1.37 0.04
-1.35 0.04
-1.35 0.04
-1.35 0.04
-1.35 0.04
-1.35 0.04
-1.35 0.04
-1.35 0.04
-1.34 0.04
-1.34 0.04
-1.32 0.04
-1.32 0.04
-1.32 0.04
-1.31 0.04
-1.29 0.04
-1.29 0.04
-1.29 0.04
-1.28 0.04
-1.28 0.04
-1.28 0.04
-1.28 0.04
-1.28 0.04
-1.28 0.04
-1.28 0.04
-1.28 0.04
-1.28 0.04
-1.28 0.04
-1.28 0.04
-1.28 0.04
-1.28 0.04
-1.28 0.04
-1.28 0.04
-1.28 0.04
-1.28 0.04
-1.28 0.04
-1.28 0.04
-1.28 0.04
-1.28 0.04
-1.28 0.04
-1.28 0.04
-1.28 0.04
-1.28 0.04
-1.28 0.04
-1.28 0.04
-1.28 0.04
-1.28 0.04
-1.28 0.04
-1.28 0.04
-1.28 0.04
-1.28 0.04
-1.28 0.04
-1.28 0.04
-1.28 0.04
-1.28 0.04
-1.28 0.04
-1.28 0.04
-1.28 0.04
-1.28 0.04
-1.28 0.04
-1.28 0.04
-1.28 0.04
-1.28 0.04
-1.28 0.04
-1.28 0.04
-1.28 0.04
-1.28 0.04
-1.28 0.04
-1.28 0.04
-1.28 0.04
-1.28 0.04
-1.28 0.04
-1.28 0.04
-1.28 0.04
-1.28 0.04
-1.28 0.04
-1.28 0.04
-1.28 0.04
-1.28 0.04
-1.28 0.04
-1.28 0.04
-1.28 0.04
-1.28 0.04
-1.28 0.04
-1.28 0.04
-1.28 0.04
-1.28 0.04
-1.28 0.04
-1.28 0.04
-1.28 0.04
-1.29 0.04
-1.28 0.04
-1.28 0.04
-1.28 0.04
-1.28 0.04
-1.28 0.04
-1.28 0.04
-1.28 0.04
-1.28 0.04
-1.28 0.04
-1.28 0.04
-1.28 0.04
-1.28 0.04
-1.28 0.04
-1.28 0.04
-1.28 0.04
-1.28 0.04
-1.28 0.04
-1.28 0.04
-1.28 0.04
-1.28 0.04
-1.28 0.04
-1.28 0.04
-1.28 0.04
-1.28 0.04
-1.28 0.04
-1.28 0.04
-1.28 0.04
-1.28 0.04
-1.28 0.04
-1.28 0.04
-1.28 0.04
-1.28 0.04
-1.28 0.04
-1.28 0.04
-1.28 0.04
-1.28 0.04
-1.28 0.04
-1.28 0.04
-1.28 0.04
-1.28 0.04
-1.28 0.04
-1.28 0.04
-1.28 0.04
-1.28 0.04
-1.28 0.04
-1.28 0.04
-1.28 0.04
-1.28 0.04
-1.28 0.04
-1.28 0.04
-1.28 0.04
-1.28 0.04
-1.28 0.04
-1.28 0.04
-1.28 0.04
-1.28 0.04
-1.28 0.04
-1.28 0.04
-1.28 0.04
-1.28 0.04
-1.28 0.04
-1.28 0.04
-1.28 0.04
-1.28 0.04
-1.28 0.04
-1.28 0.04
-1.28 0.04
-1.28 0.04
-1.28 0.04
-1.28 0.04
-1.28 0.04
-1.28 0.04
-1.28 0.04
-1.28 0.04
-1.28 0.04
-1.28 0.04
-1.28 0.04
-1.28 0.04
-1.28 0.04
-1.28 0.04
-1.28 0.04
-1.28 0.04
-1.28 0.04
-1.28 0.04
-1.28 0.04
-1.28 0.04
-1.28 0.04
-1.28 0.04
-1.28 0.04
-1.28 0.04
-1.28 0.04
-1.28 0.04
-1.28 0.04
-1.28 0.04
-1.28 0.04
-1.28 0.04
-1.28 0.04
-1.28 0.04
-1.28 0.04
-1.28 0.04
-1.28 0.04
-1.28 0.04
-1.28 0.04
-1.28 0.04
-1.28 0.04
-1.28 0.04
-1.28 0.04
-1.28 0.04
-1.28 0.04
-1.28 0.04
-1.28 0.04
-1.28 0.04
-1.28 0.04
-1.29 0.04
-1.28 0.04
-1.28 0.04
-1.29 0.04
-1.28 0.04
-1.29 0.04
-1.28 0.04
-1.28 0.04
-1.29 0.04
-1.28 0.04
-1.29 0.04
-1.28 0.04
-1.29 0.04
-1.29 0.04
-1.28 0.04
-1.29 0.04
-1.28 0.04
-1.28 0.04
-1.29 0.04
-1.29 0.04
-1.29 0.04
-1.29 0.04
-1.29 0.04
-1.28 0.04
-1.29 0.04
-1.29 0.04
-1.29 0.04
-1.29 0.04
-1.28 0.04
-1.29 0.04
-1.29 0.04
-1.28 0.04
-1.28 0.04
-1.29 0.04
-1.28 0.04
-1.29 0.04
-1.28 0.04
-1.28 0.04
-1.28 0.04
-1.28 0.04
-1.29 0.04
-1.28 0.04
-1.28 0.04
-1.28 0.04
-1.28 0.04
-1.28 0.04
-1.28 0.04
-1.28 0.04
-1.28 0.04
-1.28 0.04
-1.28 0.04
-1.28 0.04
-1.28 0.04
-1.28 0.04
-1.28 0.04
-1.28 0.04
-1.28 0.04
-1.28 0.04
-1.28 0.04
-1.28 0.04
-1.28 0.04
-1.28 0.04
-1.28 0.04
-1.28 0.04
-1.28 0.04
-1.28 0.04
-1.28 0.04
-1.28 0.04
-1.28 0.04
-1.28 0.04
-1.28 0.04
-1.28 0.04
-1.28 0.04
-1.28 0.04
-1.28 0.04
-1.28 0.04
-1.28 0.04
-1.28 0.04
-1.28 0.04
-1.28 0.04
-1.28 0.04
-1.28 0.04
-1.28 0.04
-1.28 0.04
-1.28 0.04
-1.28 0.04
-1.28 0.04
-1.28 0.04
-1.28 0.04
-1.28 0.04
-1.28 0.04
-1.28 0.04
-1.28 0.04
-1.28 0.04
-1.28 0.04
-1.28 0.04
-1.28 0.04
-1.28 0.04
-1.28 0.04
-1.28 0.04
-1.28 0.04
-1.29 0.04
-1.28 0.04
-1.28 0.04
-1.28 0.04
-1.28 0.04
-1.28 0.04
-1.28 0.04
-1.28 0.04
-1.28 0.04
-1.28 0.04
-1.28 0.04
-1.28 0.04
-1.28 0.04
-1.28 0.04
-1.28 0.04
-1.28 0.04
-1.28 0.04
-1.29 0.04
-1.28 0.04
-1.28 0.04
-1.28 0.04
-1.28 0.04
-1.29 0.04
-1.28 0.04
-1.28 0.04
-1.28 0.04
-1.28 0.04
-1.29 0.04
-1.28 0.04
-1.28 0.04
-1.28 0.04
-1.28 0.04
-1.28 0.04
-1.29 0.04
-1.28 0.04
-1.28 0.04
-1.28 0.04
-1.28 0.04
-1.29 0.04
-1.28 0.04
-1.29 0.04
-1.28 0.04
-1.29 0.04
-1.28 0.04
-1.28 0.04
-1.28 0.04
-1.28 0.04
-1.29 0.04
-1.28 0.04
-1.28 0.04
-1.28 0.04
-1.28 0.04
-1.28 0.04
-1.28 0.04
-1.28 0.04
-1.28 0.04
-1.28 0.04
-1.28 0.04
-1.28 0.04
-1.29 0.04
-1.28 0.04
-1.28 0.04
-1.28 0.04
-1.28 0.04
-1.29 0.04
-1.28 0.04
-1.29 0.04
-1.28 0.04
-1.28 0.04
-1.29 0.04
-1.28 0.04
-1.28 0.04
-1.28 0.04
-1.28 0.04
-1.29 0.04
-1.28 0.04
-1.28 0.04
-1.28 0.04
-1.28 0.04
-1.29 0.04
-1.28 0.04
-1.28 0.04
-1.28 0.04
-1.28 0.04
-1.29 0.04
-1.28 0.04
-1.28 0.04
-1.28 0.04
-1.28 0.04
-1.28 0.04
-1.28 0.04
-1.28 0.04
-1.28 0.04
-1.28 0.04
-1.28 0.04
-1.28 0.04
-1.28 0.04
-1.28 0.04
-1.28 0.04
-1.28 0.04
-1.28 0.04
-1.28 0.04
-1.28 0.04
-1.28 0.04
-1.28 0.04
-1.28 0.04
-1.28 0.04
-1.28 0.04
-1.28 0.04
-1.28 0.04
-1.28 0.04
-1.28 0.04
-1.28 0.04
-1.28 0.04
-1.28 0.04
-1.28 0.04
-1.28 0.04
-1.28 0.04
-1.28 0.04
-1.28 0.04
-1.28 0.04
-1.28 0.04
-1.28 0.04
-1.28 0.04
-1.28 0.04
-1.28 0.04
-1.28 0.04
-1.28 0.04
-1.28 0.04
-1.28 0.04
-1.28 0.04
-1.28 0.04
-1.28 0.04
-1.28 0.04
-1.28 0.04
-1.28 0.04
-1.28 0.04
-1.28 0.04
-1.28 0.04
-1.28 0.04
-1.28 0.04
-1.28 0.04
-1.28 0.04
-1.28 0.04
-1.28 0.04
-1.28 0.04
-1.28 0.04
-1.28 0.04
-1.28 0.04
-1.28 0.04
-1.28 0.04
-1.28 0.04
-1.28 0.04
-1.28 0.04
-1.28 0.04
-1.28 0.04
-1.28 0.04
-1.28 0.04
-1.28 0.04
-1.28 0.04
-1.28 0.04
-1.28 0.04
-1.28 0.04
-1.28 0.04
-1.28 0.04
-1.28 0.04
-1.28 0.04
-1.28 0.04
-1.28 0.04
-1.28 0.04
-1.28 0.04
-1.28 0.04
-1.28 0.04
-1.28 0.04
-1.28 0.04
-1.28 0.04
-1.28 0.04
-1.28 0.04
-1.28 0.04
-1.28 0.04
-1.28 0.04
-1.28 0.04
-1.28 0.04
-1.28 0.04
-1.28 0.04
-1.28 0.04
-1.28 0.04
-1.28 0.04
-1.28 0.04
-1.28 0.04
-1.28 0.04
-1.28 0.04
-1.28 0.04
-1.28 0.04
-1.28 0.04
-1.28 0.04
-1.28 0.04
-1.28 0.04
-1.28 0.04
-1.28 0.04
-1.28 0.04
-1.28 0.04
-1.28 0.04
-1.28 0.04
-1.28 0.04
-1.28 0.04
-1.28 0.04
-1.28 0.04
-1.28 0.04
-1.28 0.04
-1.28 0.04
-1.28 0.04
-1.28 0.04
-1.28 0.04
-1.28 0.04
-1.28 0.04
-1.28 0.04
-1.28 0.04
-1.28 0.04
-1.28 0.04
-1.28 0.04
-1.28 0.04
-1.28 0.04
-1.28 0.04
-1.28 0.04
-1.28 0.04
-1.28 0.04
-1.28 0.04
-1.28 0.04
-1.28 0.04
-1.28 0.04
-1.28 0.04
-1.28 0.04
-1.28 0.04
-1.28 0.04
-1.28 0.04
-1.28 0.04
-1.28 0.04
-1.28 0.04
-1.28 0.04
-1.28 0.04
-1.28 0.04
-1.28 0.04
-1.28 0.04
-1.26 0.04
-1.28 0.04
-1.28 0.04
-1.28 0.04
-1.28 0.04
-1.28 0.04
-1.28 0.04
-1.28 0.04
-1.28 0.04
-1.28 0.04
-1.28 0.04
-1.28 0.04
-1.28 0.04
-1.26 0.04
-1.28 0.04
-1.26 0.04
-1.26 0.04
-1.28 0.04
-1.28 0.04
-1.28 0.04
-1.28 0.04
-1.28 0.04
-1.28 0.04
-1.28 0.04
-1.26 0.04
-1.26 0.04
-1.28 0.04
-1.28 0.04
-1.28 0.04
-1.28 0.04
-1.28 0.04
-1.28 0.04
-1.28 0.04
-1.26 0.04
-1.26 0.04
-1.26 0.04
-1.26 0.04
-1.28 0.04
-1.26 0.04
-1.28 0.04
-1.28 0.04
-1.28 0.04
-1.26 0.04
-1.26 0.04
-1.26 0.04
-1.26 0.04
-1.26 0.04
-1.26 0.04
-1.26 0.04
-1.26 0.04
-1.26 0.04
-1.28 0.04
-1.26 0.04
-1.28 0.04
-1.28 0.04
-1.28 0.04
-1.28 0.04
-1.28 0.04
-1.28 0.04
-1.28 0.04
-1.28 0.04
-1.28 0.04
-1.28 0.04
-1.26 0.04
-1.26 0.04
-1.26 0.04
-1.28 0.04
-1.28 0.04
-1.26 0.04
-1.28 0.04
-1.28 0.04
-1.26 0.04
-1.28 0.04
-1.26 0.04
-1.26 0.04
-1.28 0.04
-1.26 0.04
-1.28 0.04
-1.28 0.04
-1.26 0.04
-1.28 0.04
-1.28 0.04
-1.28 0.04
-1.28 0.04
-1.26 0.04
-1.28 0.04
-1.26 0.04
-1.26 0.04
-1.26 0.04
-1.26 0.04
-1.28 0.04
-1.28 0.04
-1.26 0.04
-1.28 0.04
-1.28 0.04
-1.26 0.04
-1.28 0.04
-1.28 0.04
-1.26 0.04
-1.26 0.04
-1.26 0.04
-1.28 0.04
-1.26 0.04
-1.28 0.04
-1.26 0.04
-1.28 0.04
-1.26 0.04
-1.26 0.04
-1.28 0.04
-1.26 0.04
-1.26 0.04
-1.26 0.04
-1.26 0.04
-1.28 0.04
-1.26 0.04
-1.26 0.04
-1.26 0.04
-1.28 0.04
-1.28 0.04
-1.26 0.04
-1.26 0.04
-1.26 0.04
-1.28 0.04
-1.28 0.04
-1.28 0.04
-1.26 0.04
-1.28 0.04
-1.26 0.04
-1.26 0.04
-1.26 0.04
-1.26 0.04
-1.26 0.04
-1.26 0.04
-1.26 0.04
-1.26 0.04
-1.26 0.04
-1.26 0.04
-1.26 0.04
-1.26 0.04
-1.26 0.04
-1.28 0.04
-1.26 0.04
-1.26 0.04
-1.28 0.04
-1.28 0.04
-1.26 0.04
-1.28 0.04
-1.28 0.04
-1.26 0.04
-1.26 0.04
-1.26 0.04
-1.28 0.04
-1.28 0.04
-1.28 0.04
-1.26 0.04
-1.26 0.04
-1.26 0.04
-1.26 0.04
-1.28 0.04
-1.28 0.04
-1.28 0.04
-1.28 0.04
-1.28 0.04
-1.26 0.04
-1.26 0.04
-1.26 0.04
-1.26 0.04
-1.26 0.04
-1.26 0.04
-1.28 0.04
-1.26 0.04
-1.26 0.04
-1.26 0.04
-1.26 0.04
-1.26 0.04
-1.26 0.04
-1.26 0.04
-1.26 0.04
-1.26 0.04
-1.26 0.04
-1.26 0.04
-1.26 0.04
-1.26 0.04
-1.26 0.04
-1.26 0.04
-1.26 0.04
-1.26 0.04
-1.26 0.04
-1.26 0.04
-1.26 0.04
-1.26 0.04
-1.26 0.04
-1.26 0.04
-1.26 0.04
-1.26 0.04
-1.26 0.04
-1.26 0.04
-1.26 0.04
-1.26 0.04
-1.26 0.04
-1.26 0.04
-1.26 0.04
-1.26 0.04
-1.26 0.04
-1.26 0.04
-1.26 0.04
-1.26 0.04
-1.26 0.04
-1.26 0.04
-1.26 0.04
-1.26 0.04
-1.26 0.04
-1.26 0.04
-1.26 0.04
-1.26 0.04
-1.26 0.04
-1.26 0.04
-1.26 0.04
-1.26 0.04
-1.26 0.04
-1.26 0.04
-1.26 0.04
-1.26 0.04
-1.26 0.04
-1.26 0.04
-1.26 0.04
-1.26 0.04
-1.26 0.04
-1.26 0.04
-1.26 0.04
-1.26 0.04
-1.26 0.04
-1.26 0.04
-1.26 0.04
-1.26 0.04
-1.26 0.04
-1.26 0.04
-1.26 0.04
-1.26 0.04
-1.26 0.04
-1.26 0.04
-1.26 0.04
-1.26 0.04
-1.26 0.04
-1.26 0.04
-1.26 0.04
-1.26 0.04
-1.26 0.04
-1.26 0.04
-1.26 0.04
-1.26 0.04
-1.26 0.04
-1.26 0.04
-1.26 0.04
-1.26 0.04
-1.26 0.04
-1.26 0.04
-1.26 0.04
-1.26 0.04
-1.26 0.04
-1.26 0.04
-1.26 0.04
-1.26 0.04
-1.26 0.04
-1.26 0.04
-1.26 0.04
-1.26 0.04
-1.26 0.04
-1.26 0.04
-1.26 0.04
-1.26 0.04
-1.26 0.04
-1.26 0.04
-1.26 0.04
-1.26 0.04
-1.26 0.04
-1.26 0.04
-1.26 0.04
-1.26 0.04
-1.26 0.04
-1.26 0.04
-1.26 0.04
-1.26 0.04
-1.26 0.04
-1.26 0.04
-1.26 0.04
-1.26 0.04
-1.26 0.04
-1.26 0.04
-1.26 0.04
-1.26 0.04
-1.26 0.04
-1.26 0.04
-1.26 0.04
-1.26 0.04
-1.26 0.04
-1.26 0.04
-1.26 0.04
-1.26 0.04
-1.26 0.04
-1.26 0.04
-1.26 0.04
-1.26 0.04
-1.26 0.04
-1.26 0.04
-1.26 0.04
-1.26 0.04
-1.26 0.04
-1.26 0.04
-1.26 0.04
-1.26 0.04
-1.26 0.04
-1.26 0.04
-1.26 0.04
-1.26 0.04
-1.26 0.04
-1.26 0.04
-1.26 0.04
-1.26 0.04
-1.26 0.04
-1.26 0.04
-1.26 0.04
-1.26 0.04
-1.26 0.04
-1.26 0.04
-1.26 0.04
-1.26 0.04
-1.26 0.04
-1.26 0.04
-1.26 0.04
-1.26 0.04
-1.26 0.04
-1.26 0.04
-1.26 0.04
-1.26 0.04
-1.26 0.04
-1.26 0.04
-1.26 0.04
-1.26 0.04
-1.26 0.04
-1.26 0.04
-1.26 0.04
-1.26 0.04
-1.26 0.04
-1.26 0.04
-1.26 0.04
-1.26 0.04
-1.26 0.04
-1.26 0.04
-1.26 0.04
-1.26 0.04
-1.26 0.04
-1.26 0.04
-1.26 0.04
-1.26 0.04
-1.26 0.04
-1.26 0.04
-1.26 0.04
-1.26 0.04
-1.26 0.04
-1.26 0.04
-1.26 0.04
-1.26 0.04
-1.26 0.04
-1.26 0.04
-1.26 0.04
-1.26 0.04
-1.26 0.04
-1.26 0.04
-1.26 0.04
-1.26 0.04
-1.26 0.04
-1.26 0.04
-1.26 0.04
-1.26 0.04
-1.26 0.04
-1.26 0.04
-1.26 0.04
-1.26 0.04
-1.26 0.04
-1.26 0.04
-1.26 0.04
-1.26 0.04
-1.26 0.04
-1.26 0.04
-1.26 0.04
-1.26 0.04
-1.26 0.04
-1.26 0.04
-1.26 0.04
-1.26 0.04
-1.26 0.04
-1.26 0.04
-1.26 0.04
-1.26 0.04
-1.26 0.04
-1.26 0.04
-1.26 0.04
-1.26 0.04
-1.26 0.04
-1.26 0.04
-1.26 0.04
-1.26 0.04
-1.26 0.04
-1.26 0.04
-1.26 0.04
-1.26 0.04
-1.26 0.04
-1.26 0.04
-1.26 0.04
-1.26 0.04
-1.26 0.04
-1.26 0.04
-1.26 0.04
-1.26 0.04
-1.26 0.04
-1.26 0.04
-1.26 0.04
-1.26 0.04
-1.26 0.04
-1.26 0.04
-1.26 0.04
-1.26 0.04
-1.26 0.04
-1.26 0.04
-1.26 0.04
-1.26 0.04
-1.26 0.04
-1.26 0.04
-1.26 0.04
-1.26 0.04
-1.26 0.04
-1.26 0.04
-1.26 0.04
-1.26 0.04
-1.26 0.04
-1.26 0.04
-1.26 0.04
-1.26 0.04
-1.26 0.04
-1.26 0.04
-1.26 0.04
-1.26 0.04
-1.26 0.04
-1.26 0.04
-1.26 0.04
-1.26 0.04
-1.26 0.04
-1.26 0.04
-1.26 0.04
-1.26 0.04
-1.26 0.04
-1.26 0.04
-1.26 0.04
-1.26 0.04
-1.26 0.04
-1.26 0.04
-1.26 0.04
-1.26 0.04
-1.26 0.04
-1.26 0.04
-1.26 0.04
-1.26 0.04
-1.26 0.04
-1.26 0.04
-1.26 0.04
-1.26 0.04
-1.26 0.04
-1.26 0.04
-1.26 0.04
-1.26 0.04
-1.26 0.04
-1.26 0.04
-1.26 0.04
-1.26 0.04
-1.26 0.04
-1.26 0.04
-1.26 0.04
-1.26 0.04
-1.26 0.04
-1.26 0.04
-1.26 0.04
-1.26 0.04
-1.26 0.04
-1.26 0.04
-1.26 0.04
-1.26 0.04
-1.26 0.04
-1.26 0.04
-1.26 0.04
-1.26 0.04
-1.26 0.04
-1.26 0.04
-1.26 0.04
-1.26 0.04
-1.26 0.04
-1.26 0.04
-1.26 0.04
-1.26 0.04
-1.26 0.04
-1.26 0.04
-1.26 0.04
-1.26 0.04
-1.26 0.04
-1.26 0.04
-1.26 0.04
-1.26 0.04
-1.26 0.04
-1.26 0.04
-1.26 0.04
-1.26 0.04
-1.26 0.04
-1.26 0.04
-1.26 0.04
-1.26 0.04
-1.26 0.04
-1.26 0.04
-1.26 0.04
-1.26 0.04
-1.26 0.04
-1.26 0.04
-1.26 0.04
-1.26 0.04
-1.26 0.04
-1.26 0.04
-1.26 0.04
-1.26 0.04
-1.26 0.04
-1.26 0.04
-1.26 0.04
-1.26 0.04
-1.26 0.04
-1.26 0.04
-1.26 0.04
-1.26 0.04
-1.26 0.04
-1.26 0.04
-1.26 0.04
-1.26 0.04
-1.26 0.04
-1.26 0.04
-1.26 0.04
-1.26 0.04
-1.26 0.04
-1.26 0.04
-1.26 0.04
-1.26 0.04
-1.26 0.04
-1.26 0.04
-1.26 0.04
-1.26 0.04
-1.26 0.04
-1.26 0.04
-1.26 0.04
-1.26 0.04
-1.26 0.04
-1.26 0.04
-1.26 0.04
-1.26 0.04
-1.26 0.04
-1.26 0.04
-1.26 0.04
-1.26 0.04
-1.26 0.04
-1.26 0.04
-1.26 0.04
-1.26 0.04
-1.26 0.04
-1.26 0.04
-1.26 0.04
-1.26 0.04
-1.26 0.04
-1.26 0.04
-1.26 0.04
-1.26 0.04
-1.26 0.04
-1.26 0.04
-1.26 0.04
-1.26 0.04
-1.26 0.04
-1.26 0.04
-1.26 0.04
-1.26 0.04
-1.26 0.04
-1.26 0.04
-1.26 0.04
-1.26 0.04
-1.26 0.04
-1.26 0.04
-1.26 0.04
-1.26 0.04
-1.26 0.04
-1.26 0.04
-1.26 0.04
-1.26 0.04
-1.26 0.04
-1.26 0.04
-1.26 0.04
-1.26 0.04
-1.26 0.04
-1.26 0.04
-1.26 0.04
-1.26 0.04
-1.26 0.04
-1.26 0.04
-1.26 0.04
-1.26 0.04
-1.26 0.04
-1.26 0.04
-1.26 0.04
-1.26 0.04
-1.26 0.04
-1.26 0.04
-1.26 0.04
-1.26 0.04
-1.26 0.04
-1.26 0.04
-1.26 0.04
-1.26 0.04
-1.26 0.04
-1.26 0.04
-1.26 0.04
-1.26 0.04
-1.26 0.04
-1.26 0.04
-1.26 0.04
-1.26 0.04
-1.26 0.04
-1.26 0.04
-1.26 0.04
-1.26 0.04
-1.26 0.04
-1.26 0.04
-1.26 0.04
-1.26 0.04
-1.26 0.04
-1.26 0.04
-1.26 0.04
-1.26 0.04
-1.26 0.04
-1.26 0.04
-1.26 0.04
-1.26 0.04
-1.26 0.04
-1.26 0.04
-1.26 0.04
-1.26 0.04
-1.26 0.04
-1.26 0.04
-1.26 0.04
-1.26 0.04
-1.26 0.04
-1.26 0.04
-1.26 0.04
-1.26 0.04
-1.26 0.04
-1.26 0.04
-1.26 0.04
-1.26 0.04
-1.26 0.04
-1.26 0.04
-1.26 0.04
-1.26 0.04
-1.26 0.04
-1.26 0.04
-1.26 0.04
-1.26 0.04
-1.26 0.04
-1.26 0.04
-1.26 0.04
-1.26 0.04
-1.26 0.04
-1.26 0.04
-1.26 0.04
-1.26 0.04
-1.26 0.04
-1.26 0.04
-1.26 0.04
-1.26 0.04
-1.26 0.04
-1.26 0.04
-1.26 0.04
-1.26 0.04
-1.26 0.04
-1.26 0.04
-1.26 0.04
-1.26 0.04
-1.26 0.04
-1.26 0.04
-1.26 0.04
-1.26 0.04
-1.26 0.04
-1.26 0.04
-1.26 0.04
-1.26 0.04
-1.26 0.04
-1.26 0.04
-1.26 0.04
-1.26 0.04
-1.26 0.04
-1.26 0.04
-1.26 0.04
-1.26 0.04
-1.26 0.04
-1.26 0.04
-1.26 0.04
-1.26 0.04
-1.26 0.04
-1.26 0.04
-1.26 0.04
-1.26 0.04
-1.26 0.04
-1.26 0.04
-1.26 0.04
-1.26 0.04
-1.26 0.04
-1.26 0.04
-1.26 0.04
-1.26 0.04
-1.26 0.04
-1.26 0.04
-1.26 0.04
-1.26 0.04
-1.26 0.04
-1.26 0.04
-1.26 0.04
-1.26 0.04
-1.26 0.04
-1.26 0.04
-1.26 0.04
-1.26 0.04
-1.26 0.04
-1.26 0.04
-1.26 0.04
-1.26 0.04
-1.26 0.04
-1.26 0.04
-1.26 0.04
-1.26 0.04
-1.26 0.04
-1.26 0.04
-1.26 0.04
-1.26 0.04
-1.26 0.04
-1.26 0.04
-1.26 0.04
-1.26 0.04
-1.26 0.04
-1.26 0.04
-1.26 0.04
-1.26 0.04
-1.26 0.04
-1.26 0.04
-1.26 0.04
-1.26 0.04
-1.26 0.04
-1.26 0.04
-1.26 0.04
-1.26 0.04
-1.26 0.04
-1.26 0.04
-1.26 0.04
-1.26 0.04
-1.26 0.04
-1.26 0.04
-1.26 0.04
-1.26 0.04
-1.26 0.04
-1.26 0.04
-1.26 0.04
-1.26 0.04
-1.26 0.04
-1.26 0.04
-1.26 0.04
-1.26 0.04
-1.26 0.04
-1.26 0.04
-1.26 0.04
-1.26 0.04
-1.26 0.04
-1.26 0.04
-1.26 0.04
-1.26 0.04
-1.26 0.04
-1.26 0.04
-1.26 0.04
-1.26 0.04
-1.26 0.04
-1.26 0.04
-1.26 0.04
-1.26 0.04
-1.26 0.04
-1.26 0.04
-1.26 0.04
-1.26 0.04
-1.26 0.04
-1.26 0.04
-1.26 0.04
-1.26 0.04
-1.26 0.04
-1.26 0.04
-1.26 0.04
-1.26 0.04
-1.26 0.04
-1.26 0.04
-1.26 0.04
-1.26 0.04
-1.26 0.04
-1.26 0.04
-1.26 0.04
-1.26 0.04
-1.26 0.04
-1.26 0.04
-1.26 0.04
-1.26 0.04
-1.26 0.04
-1.26 0.04
-1.26 0.04
-1.26 0.04
-1.26 0.04
-1.26 0.04
-1.26 0.04
-1.26 0.04
-1.26 0.04
-1.26 0.04
-1.26 0.04
-1.26 0.04
-1.26 0.04
-1.26 0.04
-1.26 0.04
-1.26 0.04
-1.26 0.04
-1.26 0.04
-1.26 0.04
-1.26 0.04
-1.26 0.04
-1.26 0.04
-1.26 0.04
-1.26 0.04
-1.26 0.04
-1.26 0.04
-1.26 0.04
-1.26 0.04
-1.26 0.04
-1.26 0.04
-1.26 0.04
-1.26 0.04
-1.26 0.04
-1.26 0.04
-1.26 0.04
-1.26 0.04
-1.26 0.04
-1.26 0.04
-1.26 0.04
-1.26 0.04
-1.26 0.04
-1.26 0.04
-1.26 0.04
-1.26 0.04
-1.26 0.04
-1.26 0.04
-1.26 0.04
-1.26 0.04
-1.26 0.04
-1.26 0.04
-1.26 0.04
-1.26 0.04
-1.26 0.04
-1.26 0.04
-1.26 0.04
-1.26 0.04
-1.26 0.04
-1.26 0.04
-1.26 0.04
-1.26 0.04
-1.26 0.04
-1.26 0.04
-1.26 0.04
-1.26 0.04
-1.26 0.04
-1.26 0.04
-1.26 0.04
-1.26 0.04
-1.26 0.04
-1.26 0.04
-1.26 0.04
-1.26 0.04
-1.26 0.04
-1.26 0.04
-1.26 0.04
-1.26 0.04
-1.26 0.04
-1.26 0.04
-1.26 0.04
-1.26 0.04
-1.26 0.04
-1.26 0.04
-1.26 0.04
-1.26 0.04
-1.26 0.04
-1.26 0.04
-1.26 0.04
-1.26 0.04
-1.26 0.04
-1.26 0.04
-1.26 0.04
-1.26 0.04
-1.26 0.04
-1.26 0.04
-1.26 0.04
-1.26 0.04
-1.26 0.04
-1.26 0.04
-1.26 0.04
-1.26 0.04
-1.26 0.04
-1.26 0.04
-1.26 0.04
-1.26 0.04
-1.26 0.04
-1.26 0.04
-1.26 0.04
-1.26 0.04
-1.26 0.04
-1.26 0.04
-1.26 0.04
-1.26 0.04
-1.26 0.04
-1.26 0.04
-1.26 0.04
-1.26 0.04
-1.26 0.04
-1.26 0.04
-1.26 0.04
-1.26 0.04
-1.26 0.04
-1.26 0.04
-1.26 0.04
-1.26 0.04
-1.26 0.04
-1.26 0.04
-1.26 0.04
-1.26 0.04
-1.26 0.04
-1.26 0.04
-1.26 0.04
-1.26 0.04
-1.26 0.04
-1.26 0.04
-1.26 0.04
-1.26 0.04
-1.26 0.04
-1.26 0.04
-1.26 0.04
-1.26 0.04
-1.26 0.04
-1.26 0.04
-1.26 0.04
-1.26 0.04
-1.26 0.04
-1.26 0.04
-1.26 0.04
-1.26 0.04
-1.26 0.04
-1.26 0.04
-1.26 0.04
-1.26 0.04
-1.26 0.04
-1.26 0.04
-1.26 0.04
-1.26 0.04
-1.26 0.04
-1.26 0.04
-1.26 0.04
-1.26 0.04
-1.26 0.04
-1.26 0.04
-1.26 0.04
-1.26 0.04
-1.26 0.04
-1.26 0.04
-1.26 0.04
-1.26 0.04
-1.26 0.04
-1.26 0.04
-1.26 0.04
-1.26 0.04
-1.26 0.04
-1.26 0.04
-1.26 0.04
-1.26 0.04
-1.26 0.04
-1.26 0.04
-1.26 0.04
-1.26 0.04
-1.26 0.04
-1.26 0.04
-1.26 0.04
-1.26 0.04
-1.26 0.04
-1.26 0.04
-1.26 0.04
-1.26 0.04
-1.26 0.04
-1.26 0.04
-1.26 0.04
-1.26 0.04
-1.26 0.04
-1.26 0.04
-1.26 0.04
-1.26 0.04
-1.26 0.04
-1.26 0.04
-1.26 0.04
-1.26 0.04
-1.26 0.04
-1.26 0.04
-1.26 0.04
-1.26 0.04
-1.26 0.04
-1.26 0.04
-1.26 0.04
-1.26 0.04
-1.26 0.04
-1.26 0.04
-1.26 0.04
-1.26 0.04
-1.26 0.04
-1.26 0.04
-1.26 0.04
-1.26 0.04
-1.26 0.04
-1.26 0.04
-1.26 0.04
-1.26 0.04
-1.26 0.04
-1.26 0.04
-1.26 0.04
-1.26 0.04
-1.26 0.04
-1.26 0.04
-1.26 0.04
-1.26 0.04
-1.26 0.04
-1.26 0.04
-1.26 0.04
-1.26 0.04
-1.26 0.04
-1.26 0.04
-1.26 0.04
-1.26 0.04
-1.26 0.04
-1.26 0.04
-1.26 0.04
-1.26 0.04
-1.26 0.04
-1.26 0.04
-1.26 0.04
-1.26 0.04
-1.26 0.04
-1.26 0.04
-1.26 0.04
-1.26 0.04
-1.26 0.04
-1.26 0.04
-1.26 0.04
-1.26 0.04
-1.26 0.04
-1.26 0.04
-1.26 0.04
-1.26 0.04
-1.26 0.04
-1.26 0.04
-1.26 0.04
-1.26 0.04
-1.26 0.04
-1.26 0.04
-1.26 0.04
-1.26 0.04
-1.26 0.04
-1.26 0.04
-1.26 0.04
-1.26 0.04
-1.26 0.04
-1.26 0.04
-1.26 0.04
-1.26 0.04
-1.26 0.04
-1.26 0.04
-1.26 0.04
-1.26 0.04
-1.26 0.04
-1.26 0.04
-1.26 0.04
-1.26 0.04
-1.26 0.04
-1.26 0.04
-1.26 0.04
-1.26 0.04
-1.26 0.04
-1.26 0.04
-1.26 0.04
-1.26 0.04
-1.26 0.04
-1.26 0.04
-1.26 0.04
-1.26 0.04
-1.26 0.04
-1.26 0.04
-1.26 0.04
-1.26 0.04
-1.26 0.04
-1.26 0.04
-1.26 0.04
-1.26 0.04
-1.26 0.04
-1.26 0.04
-1.26 0.04
-1.26 0.04
-1.26 0.04
-1.26 0.04
-1.26 0.04
-1.26 0.04
-1.26 0.04
-1.26 0.04
-1.26 0.04
-1.26 0.04
-1.26 0.04
-1.26 0.04
-1.26 0.04
-1.26 0.04
-1.26 0.04
-1.26 0.04
-1.26 0.04
-1.26 0.04
-1.26 0.04
-1.26 0.04
-1.26 0.04
-1.26 0.04
-1.26 0.04
-1.26 0.04
-1.26 0.04
-1.26 0.04
-1.26 0.04
-1.26 0.04
-1.26 0.04
-1.26 0.04
-1.26 0.04
-1.26 0.04
-1.26 0.04
-1.26 0.04
-1.26 0.04
-1.26 0.04
-1.26 0.04
-1.26 0.04
-1.26 0.04
-1.26 0.04
-1.26 0.04
-1.26 0.04
-1.26 0.04
-1.26 0.04
-1.26 0.04
-1.26 0.04
-1.26 0.04
-1.26 0.04
-1.26 0.04
-1.26 0.04
-1.26 0.04
-1.26 0.04
-1.26 0.04
-1.26 0.04
-1.26 0.04
-1.26 0.04
-1.26 0.04
-1.26 0.04
-1.26 0.04
-1.26 0.04
-1.26 0.04
-1.26 0.04
-1.26 0.04
-1.26 0.04
-1.26 0.04
-1.26 0.04
-1.26 0.04
-1.26 0.04
-1.26 0.04
-1.26 0.04
-1.26 0.04
-1.26 0.04
-1.26 0.04
-1.26 0.04
-1.26 0.04
-1.26 0.04
-1.26 0.04
-1.26 0.04
-1.26 0.04
-1.26 0.04
-1.26 0.04
-1.26 0.04
-1.26 0.04
-1.26 0.04
-1.26 0.04
-1.26 0.04
-1.26 0.04
-1.26 0.04
-1.26 0.04
-1.26 0.04
-1.26 0.04
-1.26 0.04
-1.26 0.04
-1.26 0.04
-1.26 0.04
-1.26 0.04
-1.26 0.04
-1.26 0.04
-1.26 0.04
-1.26 0.04
-1.26 0.04
-1.26 0.04
-1.26 0.04
-1.26 0.04
-1.26 0.04
-1.26 0.04
-1.26 0.04
-1.26 0.04
-1.26 0.04
-1.26 0.04
-1.26 0.04
-1.26 0.04
-1.26 0.04
-1.26 0.04
-1.26 0.04
-1.26 0.04
-1.26 0.04
-1.26 0.04
-1.26 0.04
-1.26 0.04
-1.26 0.04
-1.26 0.04
-1.26 0.04
-1.26 0.04
-1.26 0.04
-1.26 0.04
-1.26 0.04
-1.26 0.04
-1.26 0.04
-1.26 0.04
-1.26 0.04
-1.26 0.04
-1.26 0.04
-1.26 0.04
-1.26 0.04
-1.26 0.04
-1.26 0.04
-1.26 0.04
-1.26 0.04
-1.26 0.04
-1.26 0.04
-1.26 0.04
-1.26 0.04
-1.26 0.04
-1.26 0.04
-1.26 0.04
-1.26 0.04
-1.26 0.04
-1.26 0.04
-1.26 0.04
-1.26 0.04
-1.26 0.04
-1.26 0.04
-1.26 0.04
-1.26 0.04
-1.26 0.04
-1.26 0.04
-1.26 0.04
-1.26 0.04
-1.26 0.04
-1.26 0.04
-1.26 0.04
-1.26 0.04
-1.26 0.04
-1.26 0.04
-1.26 0.04
-1.26 0.04
-1.26 0.04
-1.26 0.04
-1.26 0.04
-1.26 0.04
-1.26 0.04
-1.26 0.04
-1.26 0.04
-1.26 0.04
-1.26 0.04
-1.26 0.04
-1.26 0.04
-1.26 0.04
-1.26 0.04
-1.26 0.04
-1.26 0.04
-1.26 0.04
-1.26 0.04
-1.26 0.04
-1.26 0.04
-1.26 0.04
-1.26 0.04
-1.26 0.04
-1.26 0.04
-1.26 0.04
-1.26 0.04
-1.26 0.04
-1.26 0.04
-1.26 0.04
-1.26 0.04
-1.26 0.04
-1.26 0.04
-1.26 0.04
-1.26 0.04
-1.26 0.04
-1.26 0.04
-1.26 0.04
-1.26 0.04
-1.26 0.04
-1.26 0.04
-1.26 0.04
-1.26 0.04
-1.26 0.04
-1.26 0.04
-1.26 0.04
-1.26 0.04
-1.26 0.04
-1.26 0.04
-1.26 0.04
-1.26 0.04
-1.26 0.04
-1.26 0.04
-1.26 0.04
-1.26 0.04
-1.26 0.04
-1.26 0.04
-1.26 0.04
-1.26 0.04
-1.26 0.04
-1.26 0.04
-1.26 0.04
-1.26 0.04
-1.26 0.04
-1.26 0.04
-1.26 0.04
-1.26 0.04
-1.26 0.04
-1.26 0.04
-1.26 0.04
-1.26 0.04
-1.26 0.04
-1.26 0.04
-1.26 0.04
-1.26 0.04
-1.26 0.04
-1.26 0.04
-1.26 0.04
-1.26 0.04
-1.26 0.04
-1.26 0.04
-1.26 0.04
-1.26 0.04
-1.26 0.04
-1.26 0.04
-1.26 0.04
-1.26 0.04
-1.26 0.04
-1.26 0.04
-1.26 0.04
-1.26 0.04
-1.26 0.04
-1.26 0.04
-1.26 0.04
-1.26 0.04
-1.26 0.04
-1.26 0.04
-1.26 0.04
-1.26 0.04
-1.26 0.04
-1.26 0.04
-1.26 0.04
-1.26 0.04
-1.26 0.04
-1.26 0.04
-1.26 0.04
-1.26 0.04
-1.26 0.04
-1.26 0.04
-1.26 0.04
-1.26 0.04
-1.26 0.04
-1.26 0.04
-1.26 0.04
-1.26 0.04
-1.26 0.04
-1.26 0.04
-1.26 0.04
-1.26 0.04
-1.26 0.04
-1.26 0.04
-1.26 0.04
-1.26 0.04
-1.26 0.04
-1.26 0.04
-1.26 0.04
-1.26 0.04
-1.26 0.04
-1.26 0.04
-1.26 0.04
-1.26 0.04
-1.26 0.04
-1.26 0.04
-1.26 0.04
-1.26 0.04
-1.26 0.04
-1.26 0.04
-1.26 0.04
-1.26 0.04
-1.26 0.04
-1.26 0.04
-1.26 0.04
-1.26 0.04
-1.26 0.04
-1.26 0.04
-1.26 0.04
-1.26 0.04
-1.26 0.04
-1.26 0.04
-1.26 0.04
-1.26 0.04
-1.26 0.04
-1.26 0.04
-1.26 0.04
-1.26 0.04
-1.26 0.04
-1.26 0.04
-1.26 0.04
-1.26 0.04
-1.26 0.04
-1.26 0.04
-1.26 0.04
-1.26 0.04
-1.26 0.04
-1.26 0.04
-1.26 0.04
-1.26 0.04
-1.26 0.04
-1.26 0.04
-1.26 0.04
-1.26 0.04
-1.26 0.04
-1.26 0.04
-1.26 0.04
-1.26 0.04
-1.26 0.04
-1.26 0.04
-1.26 0.04
-1.26 0.04
-1.26 0.04
-1.26 0.04
-1.26 0.04
-1.26 0.04
-1.26 0.04
-1.26 0.04
-1.26 0.04
-1.26 0.04
-1.26 0.04
-1.26 0.04
-1.26 0.04
-1.26 0.04
-1.26 0.04
-1.26 0.04
-1.26 0.04
-1.26 0.04
-1.26 0.04
-1.26 0.04
-1.26 0.04
-1.26 0.04
-1.26 0.04
-1.26 0.04
-1.26 0.04
-1.26 0.04
-1.26 0.04
-1.26 0.04
-1.26 0.04
-1.26 0.04
-1.26 0.04
-1.26 0.04
-1.26 0.04
-1.26 0.04
-1.26 0.04
-1.26 0.04
-1.26 0.04
-1.26 0.04
-1.26 0.04
-1.26 0.04
-1.26 0.04
-1.26 0.04
-1.26 0.04
-1.26 0.04
-1.26 0.04
-1.26 0.04
-1.26 0.04
-1.26 0.04
-1.26 0.04
-1.26 0.04
-1.26 0.04
-1.26 0.04
-1.26 0.04
-1.26 0.04
-1.26 0.04
-1.26 0.04
-1.26 0.04
-1.26 0.04
-1.26 0.04
-1.26 0.04
-1.26 0.04
-1.26 0.04
-1.26 0.04
-1.26 0.04
-1.26 0.04
-1.26 0.04
-1.26 0.04
-1.26 0.04
-1.26 0.04
-1.26 0.04
-1.26 0.04
-1.26 0.04
-1.26 0.04
-1.26 0.04
-1.26 0.04
-1.26 0.04
-1.26 0.04
-1.26 0.04
-1.26 0.04
-1.26 0.04
-1.26 0.04
-1.26 0.04
-1.26 0.04
-1.26 0.04
-1.26 0.04
-1.26 0.04
-1.26 0.04
-1.26 0.04
-1.26 0.04
-1.26 0.04
-1.26 0.04
-1.26 0.04
-1.26 0.04
-1.26 0.04
-1.26 0.04
-1.26 0.04
-1.26 0.04
-1.26 0.04
-1.26 0.04
-1.26 0.04
-1.26 0.04
-1.26 0.04
-1.26 0.04
-1.26 0.04
-1.26 0.04
-1.26 0.04
-1.26 0.04
-1.26 0.04
-1.26 0.04
-1.26 0.04
-1.26 0.04
-1.26 0.04
-1.26 0.04
-1.26 0.04
-1.26 0.04
-1.26 0.04
-1.26 0.04
-1.26 0.04
-1.26 0.04
-1.26 0.04
-1.26 0.04
-1.26 0.04
-1.26 0.04
-1.26 0.04
-1.26 0.04
-1.26 0.04
-1.26 0.04
-1.26 0.04
-1.26 0.04
-1.26 0.04
-1.26 0.04
-1.26 0.04
-1.26 0.04
-1.26 0.04
-1.26 0.04
-1.26 0.04
-1.26 0.04
-1.26 0.04
-1.26 0.04
-1.26 0.04
-1.26 0.04
-1.26 0.04
-1.26 0.04
-1.26 0.04
-1.26 0.04
-1.26 0.04
-1.26 0.04
-1.26 0.04
-1.26 0.04
-1.26 0.04
-1.26 0.04
-1.26 0.04
-1.26 0.04
-1.26 0.04
-1.26 0.04
-1.26 0.04
-1.26 0.04
-1.26 0.04
-1.26 0.04
-1.26 0.04
-1.26 0.04
-1.26 0.04
-1.26 0.04
-1.26 0.04
-1.26 0.04
-1.26 0.04
-1.26 0.04
-1.26 0.04
-1.26 0.04
-1.26 0.04
-1.26 0.04
-1.26 0.04
-1.26 0.04
-1.26 0.04
-1.26 0.04
-1.26 0.04
-1.26 0.04
-1.26 0.04
-1.26 0.04
-1.26 0.04
-1.26 0.04
-1.26 0.04
-1.26 0.04
-1.26 0.04
-1.26 0.04
-1.26 0.04
-1.26 0.04
-1.26 0.04
-1.26 0.04
-1.26 0.04
-1.26 0.04
-1.26 0.04
-1.26 0.04
-1.26 0.04
-1.26 0.04
-1.26 0.04
-1.26 0.04
-1.26 0.04
-1.26 0.04
-1.26 0.04
-1.26 0.04
-1.26 0.04
-1.26 0.04
-1.26 0.04
-1.26 0.04
-1.26 0.04
-1.26 0.04
-1.26 0.04
-1.26 0.04
-1.26 0.04
-1.26 0.04
-1.26 0.04
-1.26 0.04
-1.26 0.04
-1.26 0.04
-1.26 0.04
-1.26 0.04
-1.26 0.04
-1.26 0.04
-1.26 0.04
-1.26 0.04
-1.26 0.04
-1.26 0.04