02
-7.16 -0.02
-7.17 -0.03
-7.17 -0.03
-7.17 -0.03
-7.17 -0.03
-7.17 -0.03
-7.17 -0.03
-7.16 -0.04
-7.16 -0.04
-7.17 -0.04
-7.16 -0.04
-7.16 -0.04
-7.16 -0.04
-7.16 -0.04
-7.16 -0.04
-7.16 -0.04
-7.16 -0.04
-7.16 -0.04
-7.16 -0.04
-7.16 -0.04
-7.16 -0.04
-7.16 -0.04
-7.16 -0.04
-7.16 -0.04
-7.16 -0.04
-7.17 -0.04
-7.16 -0.04
-7.17 -0.04
-7.17 -0.03
-7.17 -0.03
-7.17 -0.03
-7.17 -0.03
-7.18 -0.03
-7.17 -0.03
-7.18 -0.03
-7.18 -0.03
-7.18 -0.03
-7.18 -0.02
-7.17 -0.03
-7.18 -0.02
-7.17 -0.03
-7.17 -0.03
-7.17 -0.03
-7.18 -0.03
-7.17 -0.03
-7.17 -0.03
-7.17 -0.03
-7.17 -0.03
-7.17 -0.03
-7.17 -0.03
-7.17 -0.03
-7.17 -0.03
-7.16 -0.04
-7.16 -0.03
-7.16 -0.03
-7.16 -0.04
-7.16 -0.04
-7.16 -0.04
-7.16 -0.04
-7.16 -0.04
-7.16 -0.04
-7.17 -0.04
-7.16 -0.04
-7.16 -0.04
-7.16 -0.04
-7.17 -0.04
-7.17 -0.04
-7.17 -0.04
-7.17 -0.04
-7.17 -0.04
-7.17 -0.04
-7.17 -0.04
-7.17 -0.04
-7.17 -0.04
-7.17 -0.04
-7.18 -0.04
-7.18 -0.03
-7.18 -0.03
-7.17 -0.03
-7.18 -0.03
-7.18 -0.03
-7.18 -0.02
-7.18 -0.02
-7.18 -0.02
-7.18 -0.02
-7.18 -0.02
-7.18 -0.02
-7.18 -0.02
-7.17 -0.03
-7.17 -0.02
-7.17 -0.02
-7.17 -0.02
-7.17 -0.02
-7.17 -0.02
-7.17 -0.02
-7.17 -0.02
-7.17 -0.02
-7.17 -0.02
-7.17 -0.02
-7.17 -0.02
-7.17 -0.02
-7.16 -0.03
-7.16 -0.03
-7.17 -0.03
-7.17 -0.03
-7.16 -0.03
-7.16 -0.03
-7.16 -0.03
-7.17 -0.03
-7.16 -0.03
-7.16 -0.03
-7.16 -0.03
-7.16 -0.03
-7.16 -0.03
-7.16 -0.04
-7.16 -0.04
-7.16 -0.04
-7.15 -0.04
-7.15 -0.04
-7.15 -0.04
-7.15 -0.04
-7.15 -0.04
-7.15 -0.04
-7.15 -0.04
-7.15 -0.04
-7.15 -0.04
-7.15 -0.04
-7.15 -0.04
-7.15 -0.04
-7.15 -0.04
-7.15 -0.04
-7.15 -0.04
-7.16 -0.04
-7.15 -0.03
-7.15 -0.03
-7.16 -0.03
-7.16 -0.02
-7.16 -0.02
-7.16 -0.02
-7.16 -0.02
-7.16 -0.02
-7.16 -0.02
-7.16 -0.02
-7.16 -0.02
-7.16 -0.02
-7.16 -0.02
-7.16 -0.02
-7.16 -0.02
-7.16 -0.02
-7.16 -0.02
-7.16 -0.02
-7.16 -0.02
-7.16 -0.02
-7.16 -0.02
-7.16 -0.02
-7.16 -0.02
-7.16 -0.02
-7.16 -0.02
-7.15 -0.02
-7.15 -0.03
-7.15 -0.03
-7.16 -0.02
-7.15 -0.03
-7.15 -0.02
-7.15 -0.03
-7.16 -0.02
-7.15 -0.03
-7.15 -0.03
-7.16 -0.02
-7.16 -0.02
-7.16 -0.03
-7.16 -0.03
-7.16 -0.03
-7.16 -0.03
-7.16 -0.03
-7.16 -0.03
-7.16 -0.03
-7.16 -0.03
-7.16 -0.03
-7.16 -0.03
-7.16 -0.03
-7.16 -0.03
-7.16 -0.03
-7.17 -0.03
-7.16 -0.03
-7.16 -0.03
-7.17 -0.03
-7.17 -0.02
-7.17 -0.02
-7.17 -0.02
-7.17 -0.02
-7.17 -0.02
-7.17 -0.01
-7.17 -0.01
-7.17 -0.01
-7.17 -0.01
-7.18 -0.01
-7.18 -0.01
-7.18 -0.00
-7.18 -0.00
-7.18 -0.00
-7.19 -0.00
-7.18 -0.00
-7.18 -0.01
-7.18 -0.01
-7.19 -0.00
-7.18 -0.01
-7.18 -0.01
-7.18 -0.01
-7.18 -0.01
-7.18 -0.01
-7.18 -0.02
-7.18 -0.02
-7.18 -0.02
-7.17 -0.02
-7.17 -0.02
-7.17 -0.02
-7.17 -0.02
-7.16 -0.02
-7.16 -0.03
-7.16 -0.03
-7.16 -0.03
-7.16 -0.03
-7.16 -0.03
-7.16 -0.03
-7.16 -0.03
-7.16 -0.03
-7.16 -0.04
-7.16 -0.04
-7.16 -0.04
-7.16 -0.04
-7.16 -0.04
-7.16 -0.04
-7.16 -0.05
-7.16 -0.05
-7.16 -0.05
-7.16 -0.05
-7.16 -0.05
-7.16 -0.05
-7.16 -0.05
-7.16 -0.04
-7.16 -0.04
-7.16 -0.04
-7.16 -0.04
-7.16 -0.03
-7.16 -0.03
-7.16 -0.03
-7.16 -0.03
-7.16 -0.02
-7.16 -0.02
-7.16 -0.02
-7.16 -0.02
-7.16 -0.02
-7.16 -0.02
-7.16 -0.02
-7.16 -0.02
-7.16 -0.02
-7.16 -0.02
-7.16 -0.02
-7.16 -0.02
-7.16 -0.02
-7.16 -0.02
-7.16 -0.02
-7.16 -0.02
-7.16 -0.02
-7.16 -0.02
-7.16 -0.02
-7.16 -0.02
-7.16 -0.02
-7.16 -0.02
-7.16 -0.02
-7.16 -0.02
-7.16 -0.02
-7.16 -0.02
-7.16 -0.02
-7.16 -0.02
-7.16 -0.02
-7.16 -0.02
-7.16 -0.02
-7.16 -0.02
-7.16 -0.02
-7.16 -0.02
-7.15 -0.02
-7.15 -0.02
-7.15 -0.02
-7.13 -0.03
-7.13 -0.03
-7.13 -0.03
-7.13 -0.03
-7.13 -0.02
-7.12 -0.03
-7.12 -0.02
-7.12 -0.02
-7.12 -0.02
-7.12 -0.02
-7.12 -0.02
-7.12 -0.01
-7.13 -0.01
-7.13 -0.01
-7.13 -0.01
-7.13 -0.00
-7.15 0.00
-7.16 0.01
-7.13 0.01
-7.12 0.01
-7.11 0.00
-7.09 -0.01
-7.08 -0.01
-7.09 -0.02
-7.11 -0.01
-7.12 -0.00
-7.13 0.00
-7.15 0.02
-7.11 0.02
-7.08 0.01
-7.04 0.00
-7.02 -0.01
-7.00 -0.03
-7.02 -0.03
-7.04 -0.04
-7.08 -0.03
-7.09 -0.02
-7.10 -0.01
-7.09 -0.01
-7.08 -0.00
-7.06 0.00
-7.06 0.00
-7.03 -0.00
-7.01 -0.01
-7.01 -0.03
-7.02 -0.03
-7.04 -0.03
-7.06 -0.03
-7.08 -0.03
-7.08 -0.02
-7.08 -0.02
-7.08 -0.01
-7.06 -0.01
-7.06 -0.01
-7.08 -0.01
-7.08 -0.01
-7.08 -0.02
-7.08 -0.02
-7.08 -0.02
-7.08 -0.02
-7.08 -0.02
-7.08 -0.02
-7.08 -0.02
-7.09 -0.01
-7.09 -0.01
-7.09 -0.01
-7.09 -0.01
-7.09 -0.01
-7.09 -0.01
-7.09 -0.01
-7.09 -0.01
-7.10 -0.00
-7.10 -0.00
-7.11 -0.00
-7.11 -0.00
-7.12 0.00
-7.13 0.00
-7.12 -0.00
-7.11 -0.01
-7.11 -0.01
-7.12 -0.01
-7.13 -0.01
-7.13 -0.01
-7.13 -0.01
-7.13 -0.01
-7.13 -0.01
-7.13 -0.01
-7.13 -0.01
-7.13 -0.01
-7.13 -0.01
-7.13 -0.01
-7.13 -0.01
-7.12 -0.02
-7.13 -0.02
-7.12 -0.02
-7.12 -0.02
-7.12 -0.03
-7.11 -0.03
-7.11 -0.03
-7.11 -0.03
-7.10 -0.03
-7.10 -0.03
-7.10 -0.03
-7.10 -0.03
-7.09 -0.04
-7.09 -0.04
-7.09 -0.04
-7.09 -0.04
-7.09 -0.04
-7.09 -0.04
-7.09 -0.04
-7.09 -0.04
-7.09 -0.04
-7.09 -0.04
-7.09 -0.04
-7.09 -0.04
-7.09 -0.04
-7.09 -0.04
-7.09 -0.04
-7.10 -0.04
-7.10 -0.04
-7.10 -0.04
-7.10 -0.04
-7.11 -0.04
-7.11 -0.04
-7.12 -0.04
-7.12 -0.03
-7.12 -0.03
-7.13 -0.03
-7.13 -0.03
-7.15 -0.03
-7.15 -0.03
-7.16 -0.02
-7.16 -0.02
-7.16 -0.02
-7.16 -0.02
-7.16 -0.02
-7.16 -0.02
-7.16 -0.02
-7.16 -0.02
-7.16 -0.02
-7.15 -0.03
-7.15 -0.03
-7.13 -0.03
-7.13 -0.03
-7.13 -0.03
-7.12 -0.03
-7.12 -0.03
-7.12 -0.03
-7.11 -0.03
-7.11 -0.03
-7.11 -0.03
-7.10 -0.04
-7.10 -0.04
-7.10 -0.04
-7.10 -0.04
-7.09 -0.04
-7.09 -0.04
-7.09 -0.04
-7.09 -0.04
-7.09 -0.04
-7.09 -0.04
-7.09 -0.04
-7.09 -0.04
-7.09 -0.04
-7.09 -0.04
-7.09 -0.04
-7.09 -0.04
-7.09 -0.04
-7.09 -0.04
-7.09 -0.04
-7.09 -0.04
-7.09 -0.04
-7.09 -0.04
-7.09 -0.04
-7.09 -0.04
-7.09 -0.04
-7.09 -0.04
-7.09 -0.04
-7.08 -0.05
-7.08 -0.04
-7.08 -0.04
-7.09 -0.04
-7.08 -0.04
-7.08 -0.04
-7.08 -0.04
-7.09 -0.04
-7.08 -0.04
-7.09 -0.04
-7.09 -0.04
-7.09 -0.04
-7.09 -0.04
-7.09 -0.04
-7.09 -0.04
-7.09 -0.04
-7.09 -0.04
-7.09 -0.04
-7.09 -0.04
-7.09 -0.04
-7.09 -0.04
-7.09 -0.04
-7.09 -0.04
-7.09 -0.04
-7.09 -0.04
-7.09 -0.04
-7.09 -0.04
-7.09 -0.04
-7.09 -0.04
-7.08 -0.05
-7.08 -0.05
-7.08 -0.05
-7.08 -0.05
-7.08 -0.05
-7.08 -0.05
-7.08 -0.05
-7.08 -0.05
-7.08 -0.05
-7.08 -0.05
-7.08 -0.05
-7.08 -0.05
-7.08 -0.05
-7.08 -0.05
-7.08 -0.05
-7.08 -0.05
-7.09 -0.04
-7.09 -0.04
-7.09 -0.04
-7.09 -0.04
-7.09 -0.04
-7.09 -0.04
-7.09 -0.04
-7.09 -0.04
-7.09 -0.04
-7.09 -0.04
-7.09 -0.04
-7.09 -0.04
-7.09 -0.04
-7.09 -0.04
-7.09 -0.04
-7.09 -0.04
-7.09 -0.04
-7.09 -0.04
-7.09 -0.04
-7.09 -0.04
-7.10 -0.04
-7.10 -0.04
-7.10 -0.04
-7.10 -0.04
-7.10 -0.04
-7.10 -0.04
-7.10 -0.04
-7.10 -0.04
-7.10 -0.04
-7.10 -0.04
-7.10 -0.04
-7.10 -0.04
-7.10 -0.04
-7.10 -0.04
-7.10 -0.04
-7.10 -0.04
-7.10 -0.04
-7.10 -0.04
-7.10 -0.04
-7.10 -0.04
-7.10 -0.04
-7.10 -0.04
-7.10 -0.04
-7.10 -0.04
-7.10 -0.04
-7.09 -0.04
-7.10 -0.04
-7.09 -0.04
-7.10 -0.04
-7.09 -0.05
-7.09 -0.04
-7.10 -0.04
-7.10 -0.04
-7.10 -0.04
-7.10 -0.04
-7.10 -0.04
-7.10 -0.05
-7.10 -0.05
-7.10 -0.05
-7.10 -0.05
-7.10 -0.05
-7.09 -0.05
-7.10 -0.05
-7.10 -0.05
-7.09 -0.05
-7.10 -0.05
-7.10 -0.05
-7.10 -0.05
-7.10 -0.05
-7.10 -0.05
-7.10 -0.05
-7.10 -0.05
-7.10 -0.05
-7.11 -0.04
-7.11 -0.04
-7.11 -0.04
-7.11 -0.04
-7.11 -0.04
-7.11 -0.04
-7.11 -0.04
-7.11 -0.04
-7.11 -0.04
-7.12 -0.04
-7.12 -0.04
-7.12 -0.04
-7.12 -0.04
-7.11 -0.04
-7.11 -0.04
-7.11 -0.04
-7.11 -0.04
-7.11 -0.04
-7.11 -0.04
-7.11 -0.04
-7.11 -0.04
-7.11 -0.04
-7.11 -0.04
-7.11 -0.04
-7.11 -0.04
-7.11 -0.04
-7.11 -0.04
-7.11 -0.04
-7.11 -0.04
-7.11 -0.04
-7.11 -0.04
-7.11 -0.04
-7.11 -0.04
-7.11 -0.04
-7.10 -0.04
-7.10 -0.04
-7.10 -0.04
-7.10 -0.05
-7.10 -0.05
-7.09 -0.05
-7.09 -0.05
-7.09 -0.05
-7.09 -0.05
-7.09 -0.05
-7.09 -0.05
-7.09 -0.05
-7.09 -0.05
-7.09 -0.05
-7.09 -0.05
-7.09 -0.05
-7.09 -0.05
-7.10 -0.05
-7.10 -0.05
-7.10 -0.05
-7.11 -0.05
-7.11 -0.05
-7.11 -0.05
-7.12 -0.05
-7.12 -0.05
-7.12 -0.05
-7.12 -0.05
-7.12 -0.05
-7.13 -0.04
-7.13 -0.04
-7.13 -0.04
-7.13 -0.04
-7.13 -0.04
-7.13 -0.04
-7.13 -0.04
-7.13 -0.04
-7.13 -0.04
-7.13 -0.03
-7.13 -0.03
-7.13 -0.03
-7.13 -0.03
-7.13 -0.03
-7.13 -0.03
-7.13 -0.03
-7.15 -0.03
-7.15 -0.03
-7.15 -0.03
-7.15 -0.03
-7.15 -0.03
-7.15 -0.03
-7.15 -0.03
-7.15 -0.03
-7.15 -0.03
-7.15 -0.03
-7.15 -0.03
-7.15 -0.03
-7.16 -0.03
-7.15 -0.03
-7.15 -0.03
-7.15 -0.04
-7.15 -0.04
-7.15 -0.04
-7.15 -0.04
-7.15 -0.04
-7.16 -0.03
-7.15 -0.04
-7.16 -0.04
-7.16 -0.04
-7.16 -0.04
-7.16 -0.04
-7.16 -0.04
-7.16 -0.04
-7.15 -0.04
-7.15 -0.04
-7.16 -0.04
-7.16 -0.04
-7.15 -0.04
-7.15 -0.04
-7.15 -0.05
-7.15 -0.04
-7.15 -0.05
-7.15 -0.04
-7.16 -0.04
-7.16 -0.04
-7.15 -0.05
-7.16 -0.04
-7.16 -0.04
-7.16 -0.04
-7.16 -0.04
-7.16 -0.04
-7.17 -0.04
-7.17 -0.04
-7.17 -0.04
-7.17 -0.04
-7.17 -0.03
-7.17 -0.03
-7.17 -0.03
-7.17 -0.03
-7.17 -0.03
-7.17 -0.03
-7.17 -0.03
-7.17 -0.03
-7.17 -0.03
-7.17 -0.03
-7.17 -0.03
-7.17 -0.03
-7.17 -0.03
-7.17 -0.03
-7.17 -0.03
-7.17 -0.03
-7.17 -0.03
-7.17 -0.03
-7.17 -0.03
-7.17 -0.03
-7.17 -0.03
-7.17 -0.03
-7.17 -0.03
-7.17 -0.03
-7.17 -0.03
-7.17 -0.03
-7.17 -0.03
-7.17 -0.03
-7.17 -0.03
-7.17 -0.03
-7.17 -0.04
-7.17 -0.04
-7.17 -0.04
-7.17 -0.04
-7.17 -0.04
-7.17 -0.04
-7.18 -0.04
-7.17 -0.04
-7.17 -0.04
-7.18 -0.04
-7.17 -0.04
-7.18 -0.04
-7.18 -0.04
-7.17 -0.04
-7.17 -0.04
-7.17 -0.04
-7.17 -0.04
-7.17 -0.04
-7.17 -0.04
-7.17 -0.04
-7.17 -0.04
-7.17 -0.04
-7.17 -0.04
-7.17 -0.04
-7.17 -0.04
-7.17 -0.04
-7.18 -0.04
-7.18 -0.04
-7.18 -0.04
-7.19 -0.04
-7.20 -0.03
-7.20 -0.03
-7.21 -0.03
-7.21 -0.03
-7.21 -0.03
-7.21 -0.03
-7.21 -0.03
-7.21 -0.03
-7.21 -0.03
-7.21 -0.03
-7.20 -0.03
-7.19 -0.04
-7.19 -0.04
-7.18 -0.04
-7.16 -0.04
-7.13 -0.04
-7.11 -0.04
-7.09 -0.05
-7.06 -0.05
-7.05 -0.05
-7.04 -0.05
-7.04 -0.05
-7.04 -0.05
-7.04 -0.06
-7.05 -0.05
-7.06 -0.05
-7.09 -0.05
-7.11 -0.05
-7.13 -0.04
-7.16 -0.04
-7.18 -0.04
-7.21 -0.03
-7.24 -0.03
-7.26 -0.03
-7.28 -0.02
-7.29 -0.02
-7.33 -0.02
-7.34 -0.02
-7.35 -0.01
-7.38 -0.01
-7.40 -0.00
-7.42 -0.00
-7.43 0.00
-7.46 0.00
-7.47 0.01
-7.46 -0.00
-7.44 -0.01
-7.46 -0.02
-7.46 -0.02
-7.48 -0.02
-7.50 -0.01
-7.53 0.00
-7.56 0.01
-7.57 0.01
-7.57 0.01
-7.57 0.00
-7.57 -0.00
-7.56 -0.02
-7.57 -0.03
-7.59 -0.03
-7.63 -0.02
-7.67 -0.01
-7.72 0.00
-7.78 0.02
-7.82 0.03
-7.84 0.03
-7.84 0.02
-7.82 0.01
-7.81 -0.00
-7.79 -0.02
-7.80 -0.03
-7.81 -0.03
-7.84 -0.02
-7.87 -0.01
-7.91 0.00
-7.93 0.01
-7.94 0.02
-7.92 0.02
-7.89 0.01
-7.86 -0.00
-7.82 -0.02
-7.80 -0.03
-7.80 -0.04
-7.80 -0.04
-7.81 -0.03
-7.84 -0.02
-7.85 -0.01
-7.85 -0.00
-7.84 0.00
-7.84 0.01
-7.81 0.00
-7.77 -0.01
-7.72 -0.02
-7.70 -0.03
-7.69 -0.04
-7.70 -0.04
-7.71 -0.03
-7.73 -0.02
-7.76 -0.01
-7.77 -0.00
-7.77 0.00
-7.78 0.01
-7.76 0.00
-7.73 -0.01
-7.71 -0.02
-7.70 -0.03
-7.71 -0.04
-7.72 -0.04
-7.74 -0.03
-7.77 -0.03
-7.78 -0.02
-7.79 -0.01
-7.79 -0.01
-7.78 -0.01
-7.78 -0.01
-7.77 -0.01
-7.77 -0.01
-7.76 -0.02
-7.76 -0.02
-7.76 -0.02
-7.74 -0.02
-7.74 -0.02
-7.74 -0.02
-7.74 -0.02
-7.73 -0.02
-7.73 -0.02
-7.73 -0.02
-7.72 -0.02
-7.72 -0.02
-7.71 -0.02
-7.71 -0.02
-7.70 -0.03
-7.70 -0.03
-7.69 -0.03
-7.69 -0.03
-7.69 -0.03
-7.69 -0.03
-7.69 -0.03
-7.69 -0.03
-7.69 -0.03
-7.67 -0.03
-7.67 -0.03
-7.66 -0.03
-7.65 -0.03
-7.64 -0.04
-7.63 -0.04
-7.61 -0.04
-7.59 -0.04
-7.57 -0.05
-7.55 -0.05
-7.53 -0.05
-7.51 -0.05
-7.50 -0.06
-7.50 -0.05
-7.50 -0.05
-7.51 -0.05
-7.53 -0.05
-7.55 -0.04
-7.57 -0.04
-7.61 -0.03
-7.64 -0.03
-7.69 -0.02
-7.74 -0.01
-7.80 0.00
-7.86 0.01
-7.89 0.01
-7.93 0.01
-7.93 0.01
-7.93 0.00
-7.93 -0.01
-7.91 -0.02
-7.91 -0.03
-7.91 -0.03
-7.91 -0.02
-7.91 -0.02
-7.89 -0.01
-7.89 -0.01
-7.89 -0.00
-7.89 0.00
-7.89 0.00
-7.86 -0.01
-7.82 -0.02
-7.81 -0.03
-7.79 -0.03
-7.79 -0.03
-7.80 -0.03
-7.79 -0.02
-7.79 -0.02
-7.78 -0.02
-7.77 -0.01
-7.76 -0.01
-7.74 -0.02
-7.72 -0.02
-7.71 -0.02
-7.70 -0.02
-7.70 -0.02
-7.69 -0.03
-7.70 -0.02
-7.70 -0.02
-7.70 -0.02
-7.70 -0.02
-7.70 -0.02
-7.70 -0.02
-7.70 -0.02
-7.70 -0.02
-7.70 -0.02
-7.70 -0.02
-7.70 -0.02
-7.70 -0.02
-7.70 -0.02
-7.70 -0.02
-7.70 -0.02
-7.70 -0.02
-7.70 -0.02
-7.70 -0.02
-7.70 -0.02
-7.70 -0.02
-7.70 -0.02
-7.70 -0.02
-7.70 -0.02
-7.70 -0.03
-7.70 -0.03
-7.70 -0.03
-7.70 -0.03
-7.70 -0.03
-7.70 -0.03
-7.70 -0.04
-7.71 -0.04
-7.70 -0.04
-7.71 -0.04
-7.71 -0.04
-7.71 -0.04
-7.71 -0.04
-7.71 -0.04
-7.71 -0.04
-7.71 -0.04
-7.71 -0.04
-7.71 -0.05
-7.71 -0.05
-7.71 -0.05
-7.71 -0.05
-7.71 -0.06
-7.71 -0.06
-7.71 -0.07
-7.71 -0.08
-7.72 -0.08
-7.73 -0.09
-7.74 -0.10
-7.77 -0.11
-7.81 -0.12
-7.87 -0.13
-7.94 -0.14
-8.03 -0.15
-8.03 -0.17
-8.15 -0.18
-8.29 -0.18
-8.44 -0.18
-8.61 -0.18
-8.83 -0.16
-9.06 -0.15
-9.33 -0.13
-9.68 -0.10
-10.07 -0.07
-10.59 -0.02
-11.20 0.04
-11.98 0.12
-12.81 0.20
-13.46 0.24
-13.96 0.23
-14.38 0.21
-14.61 0.15
-14.74 0.06
-14.75 -0.05
-14.70 -0.18
-14.66 -0.29
-14.61 -0.37
-14.61 -0.43
-14.62 -0.47
-14.67 -0.51
-14.72 -0.54
-14.81 -0.57
-14.91 -0.59
-15.02 -0.62
-15.15 -0.65
-15.30 -0.68
-15.45 -0.71
-15.61 -0.73
-15.81 -0.86
-16.01 -0.88
-16.26 -0.90
-16.53 -0.92
-16.81 -0.93
-17.10 -0.93
-17.39 -0.93
-17.65 -0.93
-17.93 -0.93
-18.24 -0.91
-18.57 -0.89
-18.27 -0.96
-18.81 -0.91
-19.53 -0.83
-20.54 -0.72
-22.12 -0.53
-23.84 -0.33
-25.26 -0.17
-26.24 -0.09
-26.91 -0.05
-27.42 -0.04
-27.84 -0.05
-28.21 -0.06
-28.21 -0.13
-28.69 -0.13
-29.27 -0.11
-30.17 -0.04
-31.43 0.08
-33.13 0.28
-34.66 0.45
-35.69 0.55
-36.30 0.57
-36.76 0.57
-37.11 0.55
-37.36 0.51
-37.53 0.47
-37.67 0.42
-37.75 0.37
-37.79 0.39
-37.76 0.32
-37.73 0.26
-37.65 0.18
-37.52 0.10
-37.38 0.02
-37.20 -0.06
-36.98 -0.16
-36.78 -0.24
-36.59 -0.31
-36.40 -0.37
-36.28 -0.42
-36.18 -0.46
-36.13 -0.51
-36.13 -0.54
-36.15 -0.58
-36.22 -0.61
-36.31 -0.65
-36.44 -0.67
-36.60 -0.69
-36.76 -0.72
-36.95 -0.74
-37.14 -0.76
-37.34 -0.80
-37.52 -0.85
-37.72 -0.92
-37.91 -1.00
-38.10 -1.06
-38.30 -1.11
-38.53 -1.14
-38.91 -1.14
-39.24 -1.13
-39.65 -1.09
-40.17 -1.02
-40.86 -0.91
-41.79 -0.79
-43.00 -0.63
-44.35 -0.46
-45.53 -0.31
-46.43 -0.19
-47.14 -0.10
-47.70 -0.03
-48.21 0.03
-48.59 0.08
-48.79 0.10
-48.69 0.07
-48.50 0.02
-48.25 -0.03
-47.96 -0.09
-47.68 -0.14
-47.42 -0.18
-47.20 -0.21
-47.02 -0.24
-46.87 -0.26
-46.78 -0.27
-46.72 -0.28
-46.72 -0.28
-46.75 -0.29
-46.81 -0.30
-46.89 -0.30
-47.01 -0.28
-47.14 -0.27
-47.29 -0.27
-47.47 -0.26
-47.67 -0.38
-47.87 -0.36
-48.06 -0.33
-48.26 -0.31
-48.41 -0.30
-48.50 -0.29
-48.50 -0.30
-48.42 -0.32
-48.33 -0.33
-48.23 -0.35
-48.15 -0.37
-48.07 -0.38
-48.03 -0.39
-48.00 -0.39
-48.00 -0.39
-48.04 -0.39
-48.08 -0.38
-48.12 -0.38
-48.16 -0.37
-48.20 -0.37
-48.22 -0.36
-48.22 -0.36
-48.21 -0.37
-48.20 -0.37
-48.19 -0.37
-48.18 -0.38
-48.18 -0.38
-48.18 -0.39
-48.18 -0.39
-48.18 -0.39
-48.18 -0.39
-48.18 -0.39
-48.18 -0.38
-48.18 -0.38
-48.18 -0.38
-48.18 -0.38
-48.18 -0.37
-48.18 -0.37
-48.18 -0.37
-48.18 -0.36
-48.18 -0.36
-48.18 -0.35
-48.18 -0.33
-48.18 -0.31
-48.18 -0.28
-48.18 -0.26
-48.18 -0.24
-48.18 -0.23
-48.18 -0.21
-48.18 -0.20
-48.18 -0.18
-48.18 -0.16
-48.18 -0.13
-48.18 -0.11
-48.18 -0.07
-48.18 -0.04
-48.16 0.00
-48.16 0.05
-48.11 0.08
-48.05 0.10
-47.97 0.12
-47.88 0.13
-47.77 0.15
-47.65 0.16
-47.52 0.18
-47.39 0.21
-47.25 0.25
-47.13 0.29
-46.99 0.34
-46.83 0.39
-46.64 0.43
-46.43 0.47
-46.13 0.50
-45.73 0.53
-45.24 0.55
-44.58 0.54
-43.81 0.51
-42.91 0.44
-42.04 0.38
-41.31 0.31
-40.63 0.26
-40.03 0.21
-39.53 0.17
-39.09 0.14
-38.58 0.11
-38.19 0.08
-37.82 0.06
-37.36 0.03
-36.78 -0.02
-36.05 -0.10
-35.09 -0.21
-33.56 -0.40
-31.92 -0.61
-30.72 -0.73
-29.86 -0.82
-29.28 -0.87
-28.89 -0.89
-28.59 -0.89
-28.37 -0.89
-28.23 -0.87
-29.12 -0.69
-29.04 -0.65
-29.02 -0.60
-29.03 -0.54
-29.07 -0.49
-29.11 -0.43
-29.16 -0.37
-29.24 -0.31
-29.34 -0.24
-29.46 -0.17
-29.58 -0.10
-29.72 -0.03
-29.86 0.04
-30.01 0.11
-30.13 0.17
-30.18 0.21
-30.19 0.25
-30.15 0.27
-30.07 0.29
-29.95 0.29
-29.80 0.30
-29.64 0.30
-29.48 0.30
-29.30 0.29
-31.68 0.67
-28.43 0.20
-28.23 0.19
-28.03 0.17
-27.81 0.15
-27.55 0.13
-27.21 0.09
-26.82 0.05
-26.32 -0.01
-25.69 -0.09
-24.91 -0.19
-23.82 -0.33
-22.73 -0.47
-21.73 -0.59
-20.93 -0.68
-20.40 -0.74
-20.05 -0.76
-19.78 -0.77
-19.62 -0.76
-19.52 -0.74
-19.47 -0.71
-19.47 -0.68
-19.51 -0.64
-19.56 -0.59
-19.64 -0.53
-19.77 -0.46
-19.92 -0.38
-20.10 -0.30
-20.36 -0.20
-20.65 -0.10
-21.04 0.05
-21.46 0.21
-21.88 0.38
-22.28 0.53
-22.56 0.66
-22.68 0.77
-22.68 0.88
-22.55 0.96
-22.28 1.03
-21.88 1.08
-21.39 1.11
-20.91 1.14
-20.40 1.15
-19.89 1.15
-19.39 1.14
-18.93 1.13
-18.48 1.12
-18.08 1.11
-18.08 1.16
-17.70 1.15
-17.33 1.14
-16.83 1.11
-16.23 1.07
-15.42 0.99
-13.94 0.81
-11.97 0.56
-10.17 0.33
-8.97 0.19
-8.22 0.04
-13.57 0.89
-7.56 0.02
-7.06 -0.01
-6.43 -0.07
-5.60 -0.15
-4.36 -0.29
-2.57 -0.50
-0.66 -0.71
0.60 -0.83
1.41 -0.88
1.96 -0.87
2.34 -0.84
2.34 -0.76
2.54 -0.69
2.69 -0.62
2.80 -0.54
2.87 -0.46
2.90 -0.37
2.91 -0.29
2.90 -0.22
2.87 -0.14
2.82 -0.06
2.75 0.01
2.67 0.09
2.59 0.17
2.51 0.24
2.44 0.31
2.38 0.37
2.32 0.44
2.58 0.46
2.55 0.52
2.55 0.52
2.58 0.59
2.58 0.67
2.61 0.75
2.67 0.84
2.74 0.92
2.81 1.01
2.89 1.11
2.97 1.21
3.08 1.31
3.21 1.41
3.37 1.50
3.56 1.59
3.80 1.66
4.10 1.71
4.48 1.73
5.01 1.72
5.68 1.68
6.82 1.57
8.31 1.39
10.12 1.17
11.33 1.04
12.16 0.97
12.77 0.93
12.24 1.06
12.60 1.06
13.06 1.03
13.60 0.98
14.41 0.90
15.61 0.76
17.59 0.50
19.80 0.21
21.18 0.05
22.14 -0.05
21.88 0.05
22.37 0.05
22.87 0.05
23.40 0.04
24.12 0.00
25.04 -0.07
26.53 -0.22
28.24 -0.40
29.67 -0.53
30.57 -0.57
31.10 -0.55
31.48 -0.52
31.69 -0.47
31.81 -0.42
31.86 -0.36
31.84 -0.31
31.74 -0.25
31.62 -0.19
31.41 -0.12
31.13 -0.04
30.79 0.05
30.32 0.17
29.79 0.29
29.14 0.42
28.37 0.55
27.61 0.68
26.96 0.79
26.44 0.89
26.05 0.96
25.80 1.01
25.67 1.03
25.66 1.04
25.75 1.02
25.93 0.99
26.23 0.95
26.58 0.90
27.03 0.83
27.53 0.75
28.08 0.67
28.71 0.57
29.20 0.50
29.65 0.43
29.99 0.38
30.30 0.33
30.57 0.29
30.80 0.26
30.98 0.23
31.17 0.20
31.31 0.18
31.44 0.16
31.56 0.14
31.66 0.13
31.74 0.12
31.81 0.11
31.87 0.10
31.92 0.09
31.95 0.09
31.97 0.08
32.00 0.08
32.00 0.08
32.00 0.08
32.00 0.08
32.00 0.08
32.00 0.08
32.00 0.08
32.00 0.08
32.00 0.08
32.00 0.08
32.00 0.08
32.00 0.08
32.00 0.08
32.00 0.08
32.00 0.08
32.00 0.08
32.00 0.08
32.00 0.08
32.00 0.08
32.00 0.08
32.00 0.08
32.00 0.08
32.00 0.07
32.00 0.07
32.00 0.07
32.00 0.07
32.00 0.06
32.00 0.05
32.00 0.05
32.00 0.04
32.00 0.03
32.00 0.02
32.00 0.01
32.00 0.00
32.00 -0.01
32.00 -0.03
31.97 -0.04
31.92 -0.04
31.85 -0.04
31.74 -0.04
31.62 -0.03
31.46 -0.03
31.25 -0.02
31.02 0.00
30.72 0.03
30.41 0.05
30.05 0.07
29.65 0.09
29.24 0.11
28.75 0.13
28.22 0.16
27.74 0.18
27.31 0.20
26.97 0.19
26.70 0.18
26.48 0.16
26.34 0.13
26.25 0.09
26.21 0.03
26.23 -0.03
26.24 -0.11
26.23 -0.18
26.15 -0.23
26.00 -0.26
25.80 -0.28
25.58 -0.30
25.33 -0.31
25.09 -0.32
24.80 -0.33
24.51 -0.33
24.20 -0.33
23.86 -0.33
23.54 -0.32
23.21 -0.32
22.91 -0.32
22.60 -0.32
22.27 -0.31
21.93 -0.29
22.62 -0.39
22.06 -0.35
21.25 -0.26
20.01 -0.11
18.25 0.11
16.39 0.36
15.08 0.52
14.29 0.58
13.70 0.61
13.28 0.61
12.94 0.59
12.63 0.57
12.35 0.54
12.67 0.41
12.35 0.37
12.01 0.32
11.65 0.28
11.26 0.23
10.84 0.17
10.36 0.11
9.85 0.06
9.32 0.02
8.71 0.00
8.12 -0.01
7.60 -0.02
7.09 -0.02
6.60 -0.01
6.09 0.00
5.71 0.04
5.41 0.02
5.18 -0.01
4.98 -0.04
4.78 -0.07
4.57 -0.09
4.34 -0.11
4.11 -0.13
3.87 -0.14
3.64 -0.15
3.42 -0.18
3.20 -0.21
2.98 -0.24
2.75 -0.27
2.51 -0.31
2.50 -0.39
2.15 -0.42
1.71 -0.44
1.15 -0.45
0.39 -0.42
-0.65 -0.37
-2.09 -0.25
-3.59 -0.12
-4.82 -0.02
-5.67 0.03
-6.32 0.05
-6.80 0.05
-7.16 0.03
-7.48 0.00
-7.74 0.04
-8.03 0.21
-8.03 0.15
-8.33 0.12
-8.68 0.09
-9.05 0.05
-9.45 0.01
-9.88 -0.03
-10.36 -0.09
-11.00 -0.13
-11.83 -0.14
-12.78 -0.15
-13.65 -0.18
-14.49 -0.23
-15.12 -0.30
-15.65 -0.37
-16.06 -0.44
-16.49 -0.50
-16.86 -0.63
-17.18 -0.67
-17.50 -0.70
-17.80 -0.74
-18.13 -0.76
-18.05 -0.83
-18.50 -0.81
-19.14 -0.77
-20.02 -0.69
-21.24 -0.57
-23.04 -0.36
-24.68 -0.19
-25.83 -0.09
-26.64 -0.04
-27.20 -0.02
-27.67 -0.03
-28.06 -0.04
-28.43 -0.05
-28.34 -0.14
-28.88 -0.14
-29.56 -0.10
-30.63 -0.00
-32.13 0.16
-33.81 0.35
-35.15 0.50
-35.95 0.56
-36.48 0.58
-36.90 0.59
-37.21 0.58
-37.42 0.56
-37.58 0.53
-37.69 0.50
-37.75 0.47
-37.76 0.42
-37.73 0.31
-37.66 0.26
-37.56 0.20
-37.43 0.15
-37.26 0.08
-37.05 0.01
-36.80 -0.08
-36.52 -0.17
-36.23 -0.27
-35.95 -0.36
-35.69 -0.44
-35.41 -0.52
-35.14 -0.59
-34.89 -0.67
-34.64 -0.74
-34.45 -0.81
-34.32 -0.88
-34.28 -0.93
-34.31 -0.98
-34.42 -1.02
-34.57 -1.05
-34.79 -1.07
-35.02 -1.09
-35.26 -1.10
-35.53 -1.11
-35.78 -1.12
-36.06 -1.13
-36.36 -1.14
-36.67 -1.16
-36.97 -1.17
-37.27 -1.16
-37.57 -1.16
-37.86 -1.14
-38.14 -1.12
-38.47 -1.09
-38.64 -1.08
-39.08 -1.03
-39.70 -0.96
-40.53 -0.85
-41.63 -0.70
-43.17 -0.49
-44.74 -0.27
-45.85 -0.12
-46.68 -0.02
-47.38 0.07
-47.93 0.13
-48.36 0.16
-48.50 0.15
-48.29 0.07
-48.05 0.00
-47.74 -0.07
-47.39 -0.14
-47.07 -0.18
-46.76 -0.23
-46.47 -0.27
-46.19 -0.31
-45.94 -0.35
-45.71 -0.39
-45.52 -0.43
-45.38 -0.46
-45.30 -0.47
-45.27 -0.48
-45.31 -0.47
-45.37 -0.46
-45.47 -0.45
-45.58 -0.43
-45.71 -0.41
-45.85 -0.39
-45.99 -0.37
-46.13 -0.35
-46.26 -0.32
-46.43 -0.30
-46.59 -0.27
-46.76 -0.24
-46.94 -0.20
-47.15 -0.16
-47.37 -0.12
-47.57 -0.09
-47.76 -0.05
-47.93 -0.01
-48.04 0.01
-48.07 0.03
-47.99 0.02
-47.87 0.01
-47.72 -0.02
-47.54 -0.04
-47.39 -0.04
-47.25 -0.04
-47.16 -0.03
-47.12 -0.01
-47.09 0.01
-47.12 0.04
-47.13 0.06
-47.13 0.07
-47.14 0.07
-47.13 0.08
-47.13 0.09
-47.12 0.10
-47.12 0.12
-47.13 0.14
-47.12 0.17
-47.12 0.19
-47.12 0.23
-47.12 0.26
-47.12 0.30
-47.11 0.33
-47.09 0.36
-47.09 0.41
-47.08 0.45
-47.07 0.49
-47.06 0.55
-47.05 0.60
-47.02 0.65
-46.99 0.71
-46.97 0.77
-46.93 0.83
-46.89 0.89
-46.83 0.94
-46.76 0.98
-46.68 1.01
-46.58 1.04
-46.45 1.06
-46.26 1.07
-46.05 1.07
-45.71 1.05
-45.23 1.01
-44.61 0.96
-43.80 0.87
-42.81 0.75
-41.77 0.63
-40.88 0.53
-40.14 0.45
-39.48 0.39
-38.91 0.34
-41.67 0.79
-36.93 0.12
-36.50 0.09
-35.99 0.05
-35.39 -0.06
-34.57 -0.15
-33.35 -0.30
-31.73 -0.50
-29.93 -0.73
-28.77 -0.85
-28.02 -0.91
-27.50 -0.94
-27.12 -0.93
-26.87 -0.89
-28.87 -0.52
-28.72 -0.48
-28.62 -0.41
-28.54 -0.36
-28.49 -0.30
-28.46 -0.23
-28.44 -0.17
-28.44 -0.09
-28.47 -0.01
-28.49 0.08
-28.51 0.16
-28.51 0.23
-28.50 0.29
-28.48 0.34
-28.43 0.38
-28.37 0.41
-28.29 0.44
-28.18 0.46
-28.04 0.49
-27.87 0.51
-27.64 0.53
-27.37 0.55
-27.03 0.55
-26.61 0.53
-26.05 0.50
-25.22 0.42
-24.09 0.30
-22.72 0.15
-21.31 0.00
-20.32 -0.07
-19.52 -0.10
-18.93 -0.06
-18.50 0.02
-18.20 0.14
-17.86 0.24
-17.55 0.33
-17.18 0.38
-16.73 0.42
-16.18 0.45
-15.48 0.44
-14.37 0.36
-12.75 0.20
-11.00 0.00
-9.70 -0.13
-8.84 -0.20
-8.26 -0.22
-7.86 -0.22
-7.87 -0.15
-7.58 -0.13
-7.32 -0.11
-7.05 -0.09
-6.79 -0.15
-6.51 -0.14
-6.22 -0.13
-5.94 -0.13
-5.65 -0.12
-5.39 -0.11
-5.15 -0.09
-4.93 -0.06
-4.74 -0.01
-4.55 0.03
-4.36 0.08
-4.12 0.11
-3.87 0.14
-3.55 0.15
-3.22 0.16
-2.80 0.15
-2.36 0.15
-1.88 0.14
-1.39 0.13
-0.91 0.12
-0.50 0.13
-0.12 0.13
0.20 0.14
0.50 0.15
0.79 0.16
1.07 0.17
1.33 0.17
1.60 0.17
1.85 0.18
2.09 0.19
2.31 0.20
2.53 0.21
2.53 0.26
2.73 0.27
2.90 0.29
3.10 0.30
3.29 0.31
3.50 0.32
3.75 0.33
4.04 -0.27
4.36 0.23
4.67 0.25
5.04 0.27
5.43 0.28
5.96 0.27
6.67 0.25
7.56 0.19
8.56 0.11
9.57 0.04
10.32 0.02
10.96 0.01
11.46 0.03
11.88 0.07
12.22 0.12
12.52 0.17
12.77 0.24
10.79 0.63
8.56 1.04
8.76 1.07
8.97 1.08
9.24 1.07
9.51 1.06
9.87 1.04
10.31 1.01
10.89 0.95
11.71 0.86
12.84 0.73
14.34 0.53
15.84 0.35
16.86 0.23
17.69 0.15
18.31 0.09
18.77 0.06
22.83 -0.51
23.18 -0.54
23.47 -0.52
23.75 -0.52
23.98 -0.51
24.19 -0.50
24.36 -0.48
24.46 -0.45
24.52 -0.41
24.50 -0.37
24.43 -0.31
24.31 -0.24
24.16 -0.17
23.99 -0.10
23.81 -0.02
23.60 0.06
23.39 0.13
23.22 0.20
23.04 0.26
22.85 0.32
22.69 0.38
23.38 0.31
23.20 0.38
23.04 0.44
22.89 0.51
22.74 0.58
22.62 0.65
22.54 0.72
22.49 0.78
22.51 0.82
22.54 0.86
22.62 0.88
22.74 0.89
22.86 0.90
23.00 0.90
23.14 0.91
23.31 0.91
23.47 0.91
23.54 0.93
23.70 0.93
23.85 0.93
24.01 0.92
24.18 0.91
24.36 0.91
24.57 0.90
24.79 0.89
25.06 0.88
25.36 0.86
25.71 0.84
26.13 0.80
26.63 0.74
27.26 0.67
28.16 0.55
29.15 0.42
30.23 0.28
31.12 0.16
31.78 0.08
32.29 0.03
32.71 -0.02
33.02 -0.05
33.23 -0.07
33.39 -0.07
33.49 -0.06
33.55 -0.05
33.56 -0.03
33.54 -0.01
33.48 0.01
33.40 0.03
33.33 0.06
33.25 0.08
33.20 0.09
33.15 0.10
33.11 0.11
33.10 0.12
33.10 0.12
33.13 0.13
33.14 0.13
33.15 0.14
33.18 0.14
33.21 0.19
33.23 0.19
33.26 0.19
33.29 0.19
33.31 0.19
33.33 0.19
33.36 0.18
33.37 0.18
33.39 0.17
33.40 0.17
33.41 0.17
33.41 0.16
33.41 0.16
33.41 0.15
33.41 0.15
33.41 0.14
33.41 0.13
33.41 0.12
33.41 0.12
33.41 0.11
33.41 0.10
33.41 0.10
33.41 0.09
33.41 0.08
33.41 0.08
33.41 0.07
33.41 0.06
33.41 0.06
33.41 0.05
33.41 0.04
33.41 0.04
33.41 0.04
33.41 0.03
33.41 0.03
33.41 0.02
33.41 0.02
33.41 0.01
33.41 0.01
33.41 0.00
33.41 -0.00
33.41 -0.01
33.39 -0.01
33.34 -0.00
33.28 0.01
33.18 0.01
33.10 0.02
33.03 0.03
32.98 0.03
32.95 0.02
32.94 0.01
32.94 -0.00
32.95 -0.02
32.94 -0.03
32.92 -0.03
32.86 -0.03
32.79 -0.03
32.71 -0.03
32.58 -0.02
32.45 -0.02
32.26 -0.01
32.01 0.01
31.71 0.04
31.38 0.07
30.99 0.10
30.59 0.13
30.15 0.17
29.68 0.22
29.28 0.25
28.97 0.27
28.71 0.27
28.53 0.26
28.40 0.24
28.35 0.20
28.33 0.16
28.37 0.11
28.43 0.06
28.51 0.00
28.60 -0.06
28.63 -0.12
28.62 -0.16
28.52 -0.18
28.35 -0.20
28.07 -0.21
27.76 -0.22
27.38 -0.22
27.01 -0.23
26.68 -0.24
26.33 -0.25
25.98 -0.26
25.65 -0.27
25.28 -0.27
24.95 -0.27
24.64 -0.28
24.30 -0.27
23.99 -0.27
23.66 -0.26
22.83 -0.18
22.31 -0.15
21.63 -0.09
20.58 0.01
19.13 0.19
17.34 0.39
15.81 0.57
14.90 0.65
14.26 0.70
13.77 0.73
13.44 0.73
13.14 0.72
12.90 0.70
12.70 0.67
12.51 0.64
12.99 0.51
12.82 0.47
12.66 0.44
12.51 0.39
12.37 0.33
12.26 0.26
12.17 0.20
12.10 0.11
12.07 -0.00
12.07 -0.13
12.05 -0.25
12.01 -0.33
11.95 -0.40
11.88 -0.47
11.77 -0.52
11.63 -0.57
11.45 -0.62
11.22 -0.65
10.86 -0.65
10.41 -0.64
9.80 -0.57
8.92 -0.50
7.88 -0.40
6.84 -0.30
5.94 -0.22
5.25 -0.17
4.69 -0.13
4.20 -0.10
3.79 -0.09
3.42 -0.08
3.07 -0.07
2.72 -0.06
2.51 -0.09
2.04 -0.07
1.43 -0.04
0.58 0.02
-0.58 0.14
-2.10 0.29
-3.61 0.43
-4.78 0.52
-5.52 0.53
-6.04 0.52
-6.44 0.48
-6.74 0.43
-6.98 0.38
-7.19 0.33
-7.35 0.29
-7.47 0.24
-7.56 0.19
-7.63 0.14
-7.69 0.08
-7.72 0.03
-7.73 -0.02
-7.74 -0.02
-7.77 -0.08
-7.80 -0.12
-7.85 -0.16
-7.93 -0.19
-8.01 -0.23
-8.01 -0.29
-8.14 -0.33
-8.27 -0.38
-8.45 -0.43
-8.65 -0.48
-8.91 -0.53
-9.22 -0.58
-9.60 -0.62
-10.09 -0.65
-10.75 -0.68
-11.67 -0.67
-12.89 -0.63
-14.08 -0.58
-15.12 -0.54
-15.83 -0.53
-16.44 -0.53
-16.94 -0.54
-17.36 -0.55
-17.78 -0.55
-18.13 -0.50
-18.57 -0.48
-18.16 -0.61
-18.79 -0.56
-19.75 -0.47
-21.20 -0.29
-23.01 -0.06
-24.72 0.16
-25.78 0.28
-26.51 0.35
-27.03 0.38
-27.40 0.39
-27.71 0.38
-27.97 0.36
-28.19 0.32
-28.79 0.35
-29.00 0.31
-29.18 0.27
-29.33 0.23
-29.46 0.18
-29.54 0.13
-29.57 0.07
-29.56 -0.01
-29.53 -0.09
-29.49 -0.17
-29.46 -0.24
-29.43 -0.30
-29.43 -0.35
-29.43 -0.40
-29.46 -0.44
-29.47 -0.48
-29.50 -0.52
-29.54 -0.56
-29.58 -0.59
-29.64 -0.63
-29.70 -0.66
-29.78 -0.69
-29.87 -0.72
-29.98 -0.75
-30.09 -0.76
-30.24 -0.77
-30.41 -0.80
-30.62 -0.79
-30.90 -0.77
-31.24 -0.74
-31.68 -0.70
-32.26 -0.64
-33.01 -0.55
-33.83 -0.45
-34.62 -0.36
-35.31 -0.28
-35.90 -0.23
-36.37 -0.19
-36.73 -0.17
-37.07 -0.16
-37.38 -0.15
-37.65 -0.14
-37.91 -0.13
-38.14 -0.12
-38.35 -0.11
-38.53 -0.11
-38.73 -0.11
-38.90 -0.13
-39.08 -0.13
-39.28 -0.14
-39.32 -0.18
-39.55 -0.18
-39.78 -0.18
-40.07 -0.18
-40.35 -0.18
-40.65 -0.17
-40.99 -0.16
-41.35 -0.15
-41.71 -0.13
-42.15 -0.10
-42.65 -0.07
-43.20 -0.02
-43.80 0.03
-44.28 0.07
-44.64 0.06
-44.89 0.04
-45.01 -0.01
-45.05 -0.05
-45.05 -0.07
-45.05 -0.07
-45.05 -0.07
-45.05 -0.07
-45.05 -0.07
-45.05 -0.07
-45.05 -0.09
-45.05 -0.10
-45.05 -0.12
-45.05 -0.13
-45.05 -0.14
-45.05 -0.14
-45.05 -0.14
-45.05 -0.14
-45.05 -0.14
-45.05 -0.14
-45.05 -0.14
-45.05 -0.14
-45.05 -0.14
-45.05 -0.14
-45.05 -0.14
-45.05 -0.14
-45.05 -0.14
-45.05 -0.14
-45.05 -0.14
-45.05 -0.14
-45.05 -0.14
-45.05 -0.14
-45.05 -0.14
-45.05 -0.14
-45.05 -0.14
-45.05 -0.14
-45.05 -0.14
-45.05 -0.14
-45.05 -0.13
-45.05 -0.12
-45.05 -0.12
-45.05 -0.11
-45.05 -0.10
-45.05 -0.09
-45.05 -0.09
-45.05 -0.08
-45.05 -0.07
-45.05 -0.07
-45.05 -0.06
-45.05 -0.05
-45.05 -0.04
-45.05 -0.03
-45.05 -0.02
-45.05 -0.01
-45.05 0.00
-45.03 0.01
-44.97 0.00
-44.86 -0.01
-44.76 -0.03
-44.64 -0.04
-44.57 -0.03
-44.54 -0.01
-44.52 0.03
-44.49 0.06
-44.43 0.07
-44.31 0.07
-44.12 0.05
-43.87 0.01
-43.58 -0.03
-43.29 -0.06
-43.03 -0.07
-42.84 -0.06
-42.74 -0.01
-42.70 0.04
-42.68 0.10
-42.66 0.14
-42.60 0.16
-42.51 0.18
-42.38 0.18
-42.24 0.19
-42.08 0.21
-41.90 0.22
-41.71 0.23
-41.50 0.24
-41.24 0.25
-40.95 0.25
-40.65 0.25
-40.33 0.24
-39.99 0.23
-39.65 0.22
-39.35 0.21
-38.98 0.19
-38.68 0.19
-38.38 0.18
-38.06 0.18
-37.69 0.16
-37.23 0.15
-36.62 0.10
-35.79 0.02
-34.51 -0.12
-32.84 -0.32
-31.29 -0.51
-30.31 -0.59
-29.61 -0.64
-29.12 -0.63
-28.78 -0.60
-28.49 -0.55
-28.77 -0.42
-28.58 -0.36
-28.44 -0.28
-28.32 -0.21
-28.20 -0.14
-28.10 -0.06
-27.98 0.01
-27.89 0.07
-27.78 0.12
-27.61 0.16
-27.43 0.18
-27.20 0.20
-26.96 0.20
-26.64 0.20
-26.26 0.19
-25.77 0.17
-25.07 0.12
-24.12 0.04
-23.10 -0.05
-21.96 -0.17
-21.13 -0.23
-20.45 -0.26
-19.94 -0.27
-19.57 -0.25
-19.25 -0.20
-19.00 -0.13
-18.80 -0.04
-18.64 0.06
-18.53 0.17
-18.40 0.26
-18.51 0.37
-18.36 0.43
-18.21 0.48
-18.07 0.52
-17.89 0.59
-17.71 0.65
-17.49 0.72
-17.22 0.77
-16.90 0.79
-16.52 0.80
-16.01 0.79
-15.34 0.74
-14.39 0.66
-12.99 0.50
-11.44 0.31
-10.22 0.17
-9.38 0.09
-8.76 0.04
-8.29 0.02
-7.99 0.01
-7.65 0.01
-7.31 -0.09
-6.89 -0.11
-6.44 -0.13
-5.92 -0.17
-5.31 -0.21
-4.52 -0.28
-3.52 -0.38
-2.45 -0.49
-1.44 -0.58
-0.67 -0.63
-0.16 -0.64
0.17 -0.62
0.37 -0.58
0.46 -0.52
0.46 -0.44
0.40 -0.36
0.27 -0.27
0.07 -0.16
-0.23 -0.03
-0.63 0.10
-1.10 0.25
-1.59 0.39
-2.07 0.52
-2.42 0.62
-2.69 0.71
-2.85 0.78
-2.92 0.83
-2.87 0.87
-2.72 0.89
-2.48 0.90
-2.13 0.90
-1.71 0.89
-1.21 0.86
-0.71 0.83
-0.25 0.81
0.23 0.79
0.65 0.78
1.05 0.72
1.44 0.71
1.79 0.73
2.12 0.75
2.43 0.78
2.43 0.86
2.72 0.89
3.00 0.92
3.30 0.95
3.65 0.99
4.06 1.02
4.64 1.03
5.34 1.02
6.52 0.94
8.05 0.82
9.86 0.64
10.99 0.57
11.85 0.53
12.44 0.50
12.90 0.50
12.76 0.58
13.14 0.57
13.62 0.54
14.23 0.50
15.03 0.42
16.37 0.25
18.28 0.01
20.09 -0.22
21.36 -0.37
22.16 -0.45
22.71 -0.47
22.74 -0.46
23.04 -0.45
23.29 -0.44
23.51 -0.43
23.69 -0.42
23.84 -0.39
23.96 -0.36
24.04 -0.29
24.06 -0.22
24.05 -0.14
23.99 -0.07
23.91 0.01
23.81 0.10
23.71 0.19
23.63 0.26
23.57 0.32
23.51 0.39
23.47 0.45
23.45 0.52
23.45 0.58
23.46 0.64
23.50 0.68
23.55 0.73
23.61 0.76
23.69 0.79
23.78 0.81
23.89 0.83
24.01 0.84
24.15 0.85
24.31 0.85
24.48 0.84
24.68 0.83
24.89 0.81
25.12 0.79
25.36 0.76
25.66 0.72
25.98 0.69
26.43 0.63
27.02 0.56
27.68 0.47
28.41 0.38
29.23 0.27
29.91 0.19
30.48 0.13
30.91 0.09
31.27 0.06
31.57 0.04
31.82 0.02
32.02 0.02
32.22 0.00
32.38 -0.00
32.50 -0.00
32.58 0.00
32.63 0.02
32.67 0.03
32.69 0.04
32.70 0.05
32.71 0.05
32.71 0.06
32.70 0.07
32.70 0.08
32.71 0.08
32.71 0.08
32.71 0.09
32.71 0.09
32.71 0.10
32.70 0.11
32.70 0.12
32.70 0.12
32.70 0.13
32.71 0.13
32.70 0.15
32.70 0.15
32.71 0.16
32.71 0.26
32.70 0.27
32.71 0.28
32.71 0.29
32.71 0.30
32.71 0.30
32.71 0.31
32.71 0.32
32.71 0.33
32.71 0.34
32.71 0.35
32.71 0.36
32.71 0.36
32.71 0.37
32.71 0.37
32.71 0.38
32.71 0.39
32.71 0.39
32.71 0.40
32.71 0.41
32.71 0.41
32.72 0.41
32.72 0.42
32.72 0.42
32.72 0.42
32.72 0.43
32.72 0.43
32.73 0.43
32.73 0.43
32.73 0.44
32.73 0.44
32.73 0.45
32.75 0.45
32.75 0.46
32.75 0.47
32.75 0.47
32.76 0.48
32.76 0.48
32.76 0.49
32.77 0.49
32.77 0.50
32.77 0.50
32.78 0.51
32.78 0.51
32.79 0.52
32.79 0.52
32.79 0.53
32.80 0.53
32.80 0.53
32.81 0.53
32.81 0.54
32.81 0.54
32.83 0.55
32.83 0.55
32.84 0.56
32.84 0.56
32.85 0.57
32.86 0.58
32.86 0.59
32.88 0.59
32.90 0.60
32.91 0.61
32.92 0.62
32.93 0.62
32.95 0.63
32.96 0.63
32.98 0.64
32.99 0.64
33.00 0.64
33.01 0.65
33.01 0.65
33.02 0.65
33.02 0.65
33.03 0.66
33.03 0.66
33.03 0.66
33.03 0.66
33.03 0.66
33.03 0.66
33.03 0.66
33.03 0.66
33.03 0.66
33.03 0.66
33.03 0.66
33.03 0.66
33.03 0.66
33.03 0.66
33.03 0.66
33.03 0.66
33.03 0.66
33.03 0.65
33.03 0.65
33.03 0.65
33.03 0.65
33.03 0.64
33.03 0.64
33.03 0.63
33.03 0.63
33.03 0.62
33.03 0.61
33.03 0.61
33.05 0.59
33.03 0.58
33.03 0.57
33.03 0.55
33.03 0.53
33.03 0.52
33.03 0.50
33.03 0.48
33.03 0.46
33.03 0.43
33.03 0.41
33.03 0.39
33.03 0.36
33.03 0.34
33.03 0.31
33.03 0.29
33.03 0.26
33.03 0.23
33.03 0.17
33.03 0.14
33.03 0.10
33.03 0.07
33.03 0.03
33.03 0.00
33.03 -0.02
33.03 -0.05
33.00 -0.07
32.95 -0.09
32.87 -0.10
32.77 -0.11
32.63 -0.11
32.45 -0.10
32.24 -0.10
31.97 -0.08
31.65 -0.06
31.20 -0.02
30.64 0.03
29.92 0.11
28.92 0.23
27.98 0.33
27.19 0.40
26.50 0.45
26.02 0.47
25.68 0.46
25.42 0.44
25.22 0.41
25.05 0.38
24.89 0.35
24.75 0.32
24.62 0.28
24.52 0.23
24.43 0.18
24.35 0.12
24.28 0.06
24.23 0.01
24.19 -0.04
24.15 -0.10
24.09 -0.14
24.01 -0.17
23.91 -0.20
23.78 -0.22
23.65 -0.24
23.48 -0.26
23.31 -0.27
23.13 -0.29
22.91 -0.31
22.66 -0.32
22.93 -0.41
22.52 -0.38
22.01 -0.35
21.26 -0.27
20.22 -0.16
18.76 0.02
17.14 0.23
15.84 0.37
15.03 0.43
14.42 0.43
13.96 0.41
13.62 0.35
13.34 0.29
13.09 0.23
12.88 0.16
12.67 0.07
12.85 -0.09
12.63 -0.22
12.36 -0.31
12.00 -0.36
11.56 -0.37
10.97 -0.37
10.17 -0.33
8.98 -0.24
7.50 -0.10
6.21 0.02
5.31 0.13
4.66 0.15
4.16 0.15
3.75 0.13
3.43 0.11
3.13 0.09
2.88 0.06
2.65 0.03
2.39 0.01
2.37 -0.06
2.10 -0.10
1.79 -0.13
1.40 -0.14
0.94 -0.14
0.35 -0.13
-0.41 -0.09
-1.42 -0.02
-2.62 0.06
-3.71 0.12
-4.63 0.16
-5.28 0.15
-5.72 0.11
-6.09 0.07
-6.37 0.04
-6.60 -0.01
-6.80 -0.06
-6.98 -0.10
-7.17 -0.07
-7.33 -0.10
-7.51 -0.13
-7.67 -0.16
-7.85 -0.19
-8.04 -0.22
-8.04 -0.28
-8.30 -0.32
-8.62 -0.35
-9.01 -0.39
-9.55 -0.40
-10.22 -0.41
-11.19 -0.38
-12.51 -0.32
-13.88 -0.27
-15.01 -0.27
-15.77 -0.32
-16.41 -0.36
-16.90 -0.42
-17.34 -0.46
-17.74 -0.49
-18.12 -0.52
-17.89 -0.53
-18.45 -0.52
-19.14 -0.49
-20.22 -0.40
-21.88 -0.21
-23.65 0.00
-25.21 0.18
-26.16 0.26
-26.77 0.28
-27.25 0.26
-27.59 0.21
-27.89 0.15
-28.11 0.06
-28.33 -0.02
-28.79 -0.07
-29.01 -0.15
-29.28 -0.22
-29.57 -0.27
-29.92 -0.30
-30.37 -0.31
-30.89 -0.30
-31.54 -0.26
-32.41 -0.19
-33.49 -0.09
-34.47 0.00
-35.33 0.07
-35.91 0.67
-36.32 0.29
-36.60 0.27
-36.78 0.23
-36.90 0.18
-36.98 0.12
-37.01 0.05
-37.01 -0.03
-37.00 -0.12
-37.01 -0.20
-37.03 -0.28
-37.06 -0.36
-37.13 -0.43
-37.20 -0.50
-37.30 -0.56
-37.42 -0.63
-37.53 -0.72
-37.67 -0.80
-37.82 -0.88
-37.96 -0.94
-38.12 -0.98
-38.29 -1.01
-38.45 -1.04
-38.63 -1.06
-38.82 -1.07
-39.02 -1.07
-39.27 -1.06
-39.03 -1.12
-39.39 -1.08
-39.81 -1.04
-40.40 -0.97
-41.17 -0.87
-42.15 -0.73
-43.46 -0.54
-44.76 -0.36
-45.81 -0.21
-46.64 -0.09
-47.30 0.00
-47.80 0.07
-48.25 0.12
-48.56 0.15
-48.67 0.14
-48.54 0.10
-48.34 0.06
-48.10 0.01
-47.81 -0.04
-47.51 -0.10
-47.24 -0.47
-47.00 -0.51
-46.81 -0.55
-46.64 1.55
-46.48 -0.60
-46.25 -0.63
-46.16 -0.67
-46.00 -0.70
-45.98 -0.70
-45.98 -0.70
-46.03 -0.69
-46.10 -0.68
-46.22 -0.66
-46.34 -0.64
-46.48 -0.62
-46.66 -0.59
-46.82 -0.57
-47.02 -0.54
-47.25 -0.50
-47.47 -0.47
-47.72 -0.43
-47.95 -0.40
-48.18 -0.36
-48.36 -0.34
-48.49 -0.32
-48.50 -0.31
-48.41 -0.33
-48.30 -0.34
-48.19 -0.36
-48.08 -0.37
-47.99 -0.39
-47.91 -0.40
-47.88 -0.40
-47.88 -0.41
-47.91 -0.40
-47.97 -0.39
-48.03 -0.38
-48.08 -0.37
-48.14 -0.37
-48.18 -0.36
-48.19 -0.36
-48.18 -0.36
-48.16 -0.36
-48.14 -0.37
-48.12 -0.37
-48.12 -0.37
-48.12 -0.37
-48.12 -0.37
-48.12 -0.37
-48.12 -0.37
-48.12 -0.37
-48.12 -0.37
-48.12 -0.37
-48.12 -0.37
-48.12 -0.37
-48.12 -0.37
-48.12 -0.37
-48.12 -0.37
-48.12 -0.37
-48.12 -0.37
-48.12 -0.37
-48.12 -0.37
-48.12 -0.37
-48.12 -0.37
-48.12 -0.37
-48.12 -0.37
-48.12 -0.37
-48.12 -0.36
-48.12 -0.36
-48.12 -0.35
-48.12 -0.33
-48.12 -0.32
-48.12 -0.31
-48.12 -0.29
-48.12 -0.28
-48.12 -0.27
-48.12 -0.25
-48.12 -0.24
-48.12 -0.22
-48.12 -0.21
-48.12 -0.19
-48.12 -0.17
-48.12 -0.15
-48.12 -0.12
-48.12 -0.10
-48.12 -0.07
-48.12 -0.04
-48.12 -0.01
-48.11 0.02
-48.11 0.05
-48.05 0.07
-48.00 0.09
-47.92 0.10
-47.82 0.11
-47.72 0.13
-47.60 0.15
-47.47 0.18
-47.36 0.22
-47.24 0.26
-47.12 0.29
-46.98 0.34
-46.85 0.38
-46.70 0.43
-46.53 0.48
-46.30 0.52
-46.01 0.55
-45.62 0.58
-45.08 0.57
-44.41 0.53
-43.64 0.47
-42.77 0.40
-41.89 0.31
-41.13 0.25
-40.47 0.21
-39.91 0.17
-39.40 0.15
-38.95 0.13
-38.58 0.13
-38.21 0.12
-37.82 0.12
-37.35 0.09
-36.76 0.05
-36.02 0.07
-34.80 -0.07
-33.03 -0.29
-31.31 -0.51
-30.09 -0.64
-29.30 -0.70
-28.77 -0.71
-28.40 -0.69
-28.64 -0.57
-28.40 -0.51
-28.21 -0.45
-28.03 -0.39
-27.86 -0.33
-27.71 -0.26
-27.55 -0.19
-27.41 -0.11
-27.29 -0.03
-27.18 0.05
-27.07 0.12
-26.95 0.18
-26.80 0.23
-26.62 0.26
-26.42 0.29
-26.19 0.31
-25.89 0.33
-25.47 0.34
-24.91 0.32
-24.19 0.29
-23.28 0.23
-22.24 0.14
-21.23 0.09
-20.47 0.10
-19.77 0.14
-19.19 0.21
-18.72 0.31
-18.31 0.42
-18.17 0.58
-17.80 0.69
-17.47 0.79
-17.05 0.86
-16.53 0.88
-15.84 0.87
-14.93 0.81
-13.27 0.63
-11.37 0.42
-9.90 0.26
-8.84 0.17
-8.17 0.05
-16.60 1.38
-7.59 0.10
-7.10 0.09
-6.50 0.07
-5.69 0.03
-4.44 -0.08
-2.50 -0.27
-0.50 -0.46
0.85 -0.54
1.72 -0.55
2.31 -0.52
2.31 -0.39
2.66 -0.33
2.95 -0.27
3.22 -0.20
3.49 -0.16
3.74 -0.11
3.99 -0.07
4.22 -0.01
4.43 0.03
4.62 0.10
4.79 0.16
4.96 0.14
5.17 0.21
5.40 0.30
5.69 0.40
6.06 0.48
6.55 0.55
7.14 0.61
7.83 0.65
8.58 0.69
9.40 0.72
10.01 0.76
10.58 0.77
11.08 0.79
11.48 0.81
11.85 0.82
12.18 0.84
12.47 0.86
12.75 0.88
12.91 0.92
13.14 0.94
13.41 0.95
13.72 0.95
14.05 0.95
14.51 0.93
15.09 0.89
15.82 0.83
17.02 0.71
18.51 0.55
20.04 0.39
21.20 0.28
22.02 0.24
22.68 0.21
23.17 0.22
22.90 0.33
23.28 0.36
23.65 0.38
24.03 0.40
24.51 0.41
25.11 0.39
25.83 0.35
26.96 0.23
28.32 0.07
29.91 -0.13
30.94 -0.25
31.63 -0.31
32.12 -0.33
32.43 -0.31
32.67 -0.28
32.81 -0.24
32.90 -0.19
32.94 -0.14
32.93 -0.08
32.88 -0.01
32.81 0.06
32.72 0.14
32.63 0.12
32.54 0.20
32.46 0.28
32.40 0.35
32.38 0.43
32.37 0.51
32.38 0.58
32.40 0.63
32.45 0.69
32.49 0.72
32.56 0.75
32.63 0.78
32.72 0.79
32.80 0.81
32.90 0.81
32.99 0.82
33.07 0.82
33.16 0.83
33.24 0.85
34.21 0.73
34.29 0.72
34.36 0.69
34.42 0.69
34.46 0.69
34.51 0.72
34.54 0.74
34.57 0.77
34.59 0.78
34.61 0.79
34.62 0.79
34.65 0.79
34.67 0.79
34.70 0.80
34.73 0.80
34.76 0.80
34.82 0.79
34.88 0.78
34.96 0.77
35.04 0.76
35.15 0.74
35.27 0.73
35.40 0.71
35.53 0.69
35.67 0.67
35.80 0.64
35.91 0.63
35.97 0.62
36.01 0.61
36.01 0.61
35.97 0.62
35.93 0.62
35.87 0.63
35.82 0.64
35.80 0.64
35.80 0.64
35.81 0.64
35.82 0.64
35.84 0.64
35.86 0.64
35.88 0.63
35.89 0.63
35.89 0.63
35.88 0.63
35.88 0.63
35.88 0.63
35.87 0.63
35.88 0.63
35.87 0.63
35.87 0.63
35.87 0.62
35.87 0.62
35.88 0.62
35.88 0.61
35.87 0.61
35.87 0.61
35.87 0.61
35.87 0.61
35.88 0.60
35.88 0.60
35.88 0.60
35.87 0.59
35.87 0.59
35.87 0.58
35.88 0.57
35.88 0.57
35.87 0.56
35.87 0.56
35.88 0.55
35.88 0.54
35.88 0.53
35.87 0.52
35.87 0.51
35.87 0.50
35.87 0.48
35.88 0.46
35.88 0.45
35.88 0.43
35.87 0.42
35.88 0.40
35.87 0.37
35.88 0.35
35.88 0.33
35.87 0.31
35.87 0.29
35.87 0.27
35.88 0.25
35.87 0.23
35.87 0.21
35.87 0.18
35.87 0.16
35.87 0.13
35.87 0.11
35.87 0.08
35.87 0.05
35.87 0.01
35.87 -0.03
35.88 -0.06
35.86 -0.10
35.81 -0.11
35.75 -0.12
35.68 -0.14
35.61 -0.16
35.52 -0.19
35.43 -0.21
35.33 -0.23
35.22 -0.25
35.12 -0.27
35.00 -0.16
34.88 -0.18
34.77 -0.20
34.65 -0.22
34.52 -0.24
34.38 -0.26
34.20 -0.27
33.64 -0.22
33.39 -0.21
33.06 -0.20
32.62 -0.16
32.07 -0.12
31.24 -0.03
30.14 0.10
28.59 0.30
27.25 0.45
26.35 0.53
25.70 0.57
25.21 0.56
24.82 0.53
24.50 0.48
24.26 0.43
24.01 0.38
23.82 0.32
23.65 0.25
23.47 0.19
23.29 0.13
23.43 0.02
23.24 -0.03
23.06 -0.07
22.84 -0.09
22.55 -0.10
22.21 -0.09
21.77 -0.08
21.24 -0.06
20.49 -0.01
19.53 0.07
18.38 0.21
17.31 0.32
16.48 0.38
15.85 0.41
15.39 0.40
15.05 0.36
14.75 0.30
14.52 0.21
14.33 0.12
14.15 0.02
14.02 -0.09
13.90 -0.21
13.77 -0.37
13.64 -0.52
13.49 -0.63
13.34 -0.73
13.17 -0.82
12.98 -0.89
12.79 -0.94
12.48 -0.97
12.07 -0.93
11.52 -0.92
10.68 -0.87
9.37 -0.74
7.54 -0.52
5.93 -0.34
4.89 -0.24
4.13 -0.19
3.54 -0.16
3.03 -0.16
2.52 -0.17
2.19 -0.20
1.37 -0.17
0.11 -0.08
-1.92 0.13
-4.06 0.34
-5.46 0.42
-6.33 0.42
-6.95 0.40
-7.40 0.36
-7.78 0.31
-7.78 0.22
-8.19 0.20
-8.65 0.19
-9.22 0.20
-9.92 0.31
-10.80 0.37
-11.90 0.47
-12.97 0.56
-13.80 0.60
-14.51 0.62
-14.92 0.58
-15.21 0.49
-15.38 0.38
-15.46 0.23
-15.50 0.05
-15.48 -0.15
-15.46 -0.34
-15.46 -0.50
-15.47 -0.63
-15.52 -0.73
-15.61 -0.81
-15.74 -0.87
-15.91 -0.84
-16.12 -0.88
-16.35 -0.91
-16.61 -0.93
-16.88 -0.95
-17.12 -0.97
-17.40 -0.98
-17.66 -0.99
-17.94 -1.01
-18.27 -1.01
-18.25 -1.08
-18.77 -1.07
-19.47 -1.03
-20.44 -0.95
-22.03 -0.78
-23.79 -0.58
-25.28 -0.43
-26.29 -0.35
-26.96 -0.32
-27.51 -0.32
-27.96 -0.34
-28.36 -0.36
-28.20 -0.46
-28.79 -0.45
-29.63 -0.39
-31.01 -0.24
-32.94 -0.00
-34.84 0.23
-35.98 0.35
-36.68 0.40
-37.23 0.43
-37.66 0.43
-37.97 0.42
-38.28 0.42
-38.57 0.41
-39.16 0.44
-39.39 0.42
-39.59 0.38
-39.77 0.34
-39.86 0.28
-39.89 0.21
-39.85 0.13
-39.76 0.02
-39.64 -0.08
-39.48 -0.21
-39.34 -0.31
-39.24 -0.41
-39.15 -0.48
-39.09 -0.55
-39.04 -0.63
-39.04 -0.69
-39.05 -0.77
-39.09 -0.84
-39.13 -0.90
-39.23 -0.95
-39.32 -0.99
-39.46 -1.02
-39.62 -1.05
-39.81 -1.07
-40.07 -1.07
-40.37 -1.06
-40.70 -1.04
-41.14 -1.00
-41.67 -0.95
-42.37 -0.86
-43.29 -0.75
-44.19 -0.62
-45.09 -0.51
-45.91 -0.39
-46.48 -0.32
-47.01 -0.24
-47.49 -0.18
-47.88 -0.12
-48.23 -0.07
-48.54 -0.02
-48.73 -0.00
-48.73 -0.01
-48.57 -0.04
-48.38 -0.07
-48.19 -0.11
-48.00 -0.14
-47.84 -0.17
-47.69 -0.19
-47.59 -0.21
-47.54 -0.22
-47.53 -0.22
-47.58 -0.21
-47.65 -0.20
-47.74 -0.19
-47.87 -0.17
-47.99 -0.16
-48.10 -0.14
-48.21 -0.13
-48.30 -0.12
-48.35 -0.12
-48.36 -0.12
-48.33 -0.12
-48.27 -0.13
-48.22 -0.14
-48.18 -0.15
-48.14 -0.16
-48.12 -0.16
-48.11 -0.16
-48.11 -0.16
-48.13 -0.16
-48.15 -0.16
-48.18 -0.16
-48.19 -0.16
-48.19 -0.16
-48.19 -0.16
-48.18 -0.16
-48.18 -0.17
-48.18 -0.17
-48.18 -0.18
-48.18 -0.34
-48.18 -0.34
-48.18 -0.34
-48.18 -0.34
-48.18 -0.34
-48.18 -0.34
-48.18 -0.34
-48.18 -0.34
-48.18 -0.34
-48.18 -0.34
-48.18 -0.34
-48.18 -0.34
-48.18 -0.34
-48.18 -0.34
-48.18 -0.34
-48.18 -0.34
-48.18 -0.34
-48.18 -0.34
-48.18 -0.34
-48.18 -0.34
-48.18 -0.34
-48.18 -0.34
-48.18 -0.34
-48.18 -0.34
-48.18 -0.34
-48.18 -0.33
-48.18 -0.33
-48.18 -0.33
-48.18 -0.33
-48.18 -0.33
-48.18 -0.32
-48.18 -0.31
-48.19 -0.30
-48.18 -0.29
-48.18 -0.28
-48.18 -0.26
-48.18 -0.24
-48.18 -0.21
-48.18 -0.19
-48.18 -0.16
-48.18 -0.13
-48.18 -0.10
-48.18 -0.06
-48.18 -0.03
-48.18 0.02
-48.18 0.06
-48.13 0.09
-48.06 0.12
-47.99 0.15
-47.90 0.17
-47.80 0.20
-47.69 0.23
-47.57 0.26
-47.44 0.30
-47.31 0.34
-47.20 0.39
-47.06 0.44
-46.91 0.50
-46.75 0.55
-46.54 0.60
-46.28 0.64
-45.91 0.66
-45.41 0.65
-44.80 0.62
-44.02 0.55
-43.11 0.46
-42.16 0.37
-41.40 0.30
-40.69 0.24
-40.06 0.19
-39.55 0.15
-39.09 0.12
-38.53 0.08
-38.14 0.06
-37.76 0.04
-37.30 0.01
-36.71 -0.04
-35.95 -0.11
-34.95 -0.23
-33.40 -0.33
-31.73 -0.53
-30.57 -0.66
-29.73 -0.73
-29.17 -0.77
-28.77 -0.78
-28.48 -0.77
-28.25 -0.73
-28.97 -0.55
-28.86 -0.49
-28.77 -0.43
-28.71 -0.36
-28.70 -0.28
-28.70 -0.20
-28.72 -0.11
-28.75 -0.02
-28.81 0.07
-28.87 0.17
-28.92 0.25
-28.94 0.31
-28.96 0.37
-28.94 0.41
-28.93 0.46
-28.89 0.50
-28.85 0.53
-28.79 0.57
-28.73 0.60
-28.65 0.63
-28.56 0.66
-28.46 0.69
-28.32 0.71
-28.14 0.73
-27.91 0.74
-27.64 0.75
-27.32 0.75
-26.87 0.73
-26.27 0.70
-25.40 0.59
-24.17 0.48
-22.60 0.32
-21.11 0.18
-20.08 0.12
-19.26 0.09
-18.64 0.09
-18.02 0.11
-17.56 0.15
-17.07 0.19
-16.49 0.21
-15.76 0.21
-14.63 0.14
-12.73 -0.03
-10.75 -0.24
-9.39 -0.37
-8.54 -0.41
-7.99 -0.42
-11.50 0.17
-7.73 -0.33
-7.41 -0.34
-7.09 -0.35
-6.78 -0.35
-6.45 -0.35
-6.12 -0.35
-5.77 -0.36
-5.42 -0.36
-5.08 -0.37
-4.76 -0.44
-4.46 -0.45
-4.20 -0.44
-4.00 -0.43
-3.89 -0.40
-3.86 -0.36
-3.92 -0.31
-4.03 -0.23
-4.21 -0.15
-4.40 -0.06
-4.61 0.03
-4.81 0.12
-4.93 0.20
-5.03 0.25
-5.05 0.30
-5.04 0.34
-4.96 0.36
-4.84 0.38
-4.66 0.40
-4.40 0.40
-4.08 0.39
-3.67 0.37
-3.17 0.35
-2.61 0.30
-1.97 0.25
-1.30 0.19
-0.71 0.14
-0.19 0.11
0.26 0.08
0.66 0.06
1.02 0.05
1.36 0.03
1.68 0.02
1.96 0.02
2.22 0.01
2.45 0.01
2.45 0.04
2.66 0.05
2.84 0.06
3.03 0.06
3.22 0.07
3.43 0.08
3.65 0.08
3.89 0.08
4.17 0.08
4.48 0.07
4.82 0.06
5.20 0.04
5.66 0.02
6.29 -0.04
6.99 -0.14
7.73 -0.20
8.42 -0.24
9.06 -0.26
9.52 -0.24
9.79 -0.19
9.93 -0.12
9.95 -0.03
9.88 0.07
9.79 0.18
9.67 0.28
9.56 0.35
9.49 0.42
9.47 0.49
9.48 0.56
9.53 0.63
9.62 0.70
9.74 0.76
9.87 0.81
10.03 0.85
10.20 0.88
10.39 0.90
10.58 0.91
10.78 0.93
10.99 0.94
11.22 0.94
11.44 0.95
11.65 0.95
11.91 0.94
12.15 0.94
12.37 0.94
12.60 0.93
12.83 0.93
12.84 0.96
13.06 0.95
13.27 0.95
13.47 0.95
13.73 0.93
14.03 0.90
14.36 0.87
14.81 0.83
15.35 0.77
16.08 0.68
17.18 0.54
18.50 0.37
19.93 0.18
21.04 0.03
21.84 -0.06
22.47 -0.13
22.93 -0.17
23.25 -0.18
23.12 -0.11
23.31 -0.09
23.46 -0.07
23.58 -0.05
23.66 -0.03
23.70 -0.00
23.73 0.04
23.74 0.07
23.76 0.09
23.78 0.10
23.81 0.10
23.83 0.11
23.86 0.13
23.91 0.15
23.95 0.17
23.99 0.20
24.04 0.23
24.08 0.26
24.14 0.28
24.20 0.32
24.26 0.34
24.33 0.37
24.39 0.41
24.45 0.44
24.53 0.46
24.60 0.49
24.68 0.51
24.76 0.52
24.84 0.54
24.92 0.55
25.00 0.56
25.07 0.58
25.14 0.59
25.20 0.61
25.25 0.62
25.28 0.63
25.30 0.64
25.32 0.65
25.32 0.66
25.32 0.65
25.32 0.65
25.30 0.65
25.29 0.65
25.28 0.65
25.27 0.65
25.27 0.65
25.26 0.65
25.25 0.64
25.25 0.64
25.25 0.64
25.25 0.64
25.25 0.63
25.25 0.63
25.25 0.63
25.25 0.64
25.25 0.63
25.25 0.63
25.25 0.62
25.25 0.62
25.25 0.62
25.25 0.62
25.25 0.62
25.25 0.61
25.25 0.61
25.25 0.61
25.25 0.61
25.24 0.61
25.24 0.61
25.25 0.61
25.25 0.61
25.25 0.61
25.25 0.61
25.25 0.61
25.25 0.62
25.25 0.61
25.25 0.61
25.25 0.61
25.25 0.61
25.24 0.61
25.25 0.61
25.25 0.61
25.24 0.61
25.24 0.60
25.25 0.60
25.24 0.60
25.24 0.60
25.25 0.60
25.24 0.60
25.24 0.60
25.24 0.59
25.24 0.59
25.24 0.59
25.24 0.59
25.24 0.60
25.24 0.60
25.24 0.60
25.25 0.60
25.25 0.61
25.25 0.61
25.24 0.62
25.24 0.62
25.25 0.62
25.24 0.63
25.24 0.63
25.24 0.64
25.24 0.64
25.24 0.64
25.24 0.64
25.24 0.64
25.24 0.64
25.25 0.64
25.24 0.64
25.25 0.64
25.24 0.65
25.24 0.65
25.25 0.64
25.24 0.65
25.25 0.64
25.25 0.64
25.24 0.65
25.24 0.65
25.24 0.65
25.24 0.65
25.24 0.65
25.24 0.65
25.24 0.65
25.25 0.64
25.25 0.64
25.24 0.65
25.24 0.65
25.24 0.65
25.24 0.64
25.24 0.64
25.25 0.64
25.24 0.63
25.24 0.63
25.25 0.61
25.24 0.61
25.24 0.60
25.24 0.58
25.24 0.57
25.24 0.55
25.24 0.53
25.24 0.51
25.24 0.49
25.24 0.47
25.24 0.45
25.22 0.42
25.22 0.40
25.21 0.38
25.20 0.35
25.19 0.32
25.18 0.30
25.17 0.27
25.15 0.24
25.13 0.21
25.11 0.17
25.10 0.14
25.07 0.10
25.05 0.06
25.03 0.02
25.00 -0.01
24.97 -0.04
24.90 -0.06
24.81 -0.06
24.68 -0.07
24.53 -0.07
24.38 -0.08
24.20 -0.08
24.03 -0.09
23.83 -0.10
23.63 -0.10
23.42 -0.09
23.15 -0.08
23.12 -0.11
22.75 -0.09
22.29 -0.05
21.66 0.00
20.82 0.09
19.81 0.20
18.46 0.34
17.25 0.48
16.26 0.79
15.56 0.43
15.08 0.46
14.70 0.48
14.38 0.48
14.14 0.48
13.95 0.47
13.79 0.45
13.65 0.42
13.55 0.37
13.47 0.32
13.43 0.26
13.41 0.20
13.41 0.14
13.42 0.05
13.46 -0.03
13.51 -0.13
13.53 -0.22
13.54 -0.29
13.54 -0.37
13.52 -0.47
13.49 -0.58
13.44 -0.68
13.38 -0.78
13.30 -0.87
13.21 -0.95
13.09 -1.01
12.94 -1.07
12.77 -1.12
12.86 -1.20
12.56 -0.97
12.17 -0.98
11.64 -0.96
10.82 -0.90
9.59 -0.77
7.80 -0.55
6.15 -0.36
5.03 -0.24
4.25 -0.17
3.64 -0.13
3.12 -0.11
2.61 -0.10
2.28 -0.11
1.49 -0.07
0.32 0.02
-1.51 0.23
-3.65 0.47
-5.21 0.61
-6.11 0.65
-6.71 0.62
-7.16 0.58
-7.51 0.54
-7.82 0.49
-7.82 0.41
-8.15 0.39
-8.47 0.37
-8.83 0.35
-9.21 0.34
-9.63 0.34
-10.06 0.34
-10.49 0.40
-10.91 0.40
-11.33 0.40
-11.72 0.39
-12.01 0.36
-12.19 0.30
-12.25 0.20
-12.22 0.08
-12.10 -0.07
-11.97 -0.25
-11.93 -0.41
-11.88 -0.57
-11.96 -0.73
-12.13 -0.87
-12.39 -0.97
-12.75 -1.04
-13.22 -1.08
-13.72 -1.10
-14.33 -1.09
-14.90 -1.00
-15.37 -1.00
-15.83 -1.00
-16.26 -0.99
-16.66 -0.99
-17.04 -0.98
-17.40 -0.98
-17.74 -0.97
-18.12 -0.96
-18.02 -1.02
-18.57 -0.98
-19.36 -0.91
-20.52 -0.79
-22.25 -0.58
-24.18 -0.34
-25.61 -0.17
-26.52 -0.09
-27.20 -0.04
-27.67 -0.02
-28.13 -0.00
-28.09 -0.05
-28.61 -0.02
-29.33 0.05
-30.39 0.16
-31.81 0.32
-33.60 0.53
-34.96 0.67
-35.77 0.73
-36.31 0.75
-36.73 0.76
-37.03 0.75
-37.23 0.72
-37.37 0.70
-37.45 0.67
-37.49 0.63
-37.47 0.59
-37.42 0.55
-37.33 0.50
-37.19 0.44
-37.01 0.37
-36.80 0.30
-36.51 0.22
-36.16 0.14
-35.77 -0.00
-35.24 -0.11
-34.57 -0.25
-33.79 -0.39
-32.99 -0.53
-32.19 -0.68
-31.54 -0.80
-31.09 -0.89
-30.82 -0.96
-30.69 -1.02
-30.68 -1.05
-30.77 -1.08
-30.97 -1.09
-31.29 -1.08
-31.80 -1.05
-32.42 -0.99
-33.18 -0.91
-33.94 -0.84
-34.65 -0.77
-35.27 -0.73
-35.78 -0.71
-36.20 -0.69
-36.61 -0.69
-36.98 -0.69
-37.29 -0.70
-37.60 -0.71
-37.90 -0.73
-38.18 -0.74
-38.49 -0.76
-38.73 -0.79
-39.15 -0.80
-39.71 -0.77
-40.40 -0.72
-41.38 -0.61
-42.69 -0.45
-44.06 -0.28
-45.37 -0.11
-46.31 0.01
-46.94 0.08
-47.51 0.14
-47.96 0.16
-48.28 0.16
-48.43 0.15
-48.31 0.10
-48.10 0.04
-47.85 -0.01
-47.54 -0.07
-47.25 -0.12
-47.01 -0.16
-46.78 -0.19
-46.60 -0.22
-46.44 -0.24
-46.33 -0.25
-46.26 -0.26
-46.23 -0.27
-46.23 -0.27
-46.28 -0.26
-46.32 -0.25
-46.40 -0.24
-46.48 -0.23
-46.61 -0.21
-46.72 -0.19
-46.87 -0.17
-47.02 -0.15
-47.22 -0.12
-47.39 -0.09
-47.59 -0.05
-47.78 -0.02
-47.93 0.01
-48.04 0.03
-48.06 0.03
-47.99 0.02
-47.88 0.00
-47.75 -0.02
-47.59 -0.04
-47.46 -0.06
-47.35 -0.07
-47.27 -0.07
-47.23 -0.07
-47.24 -0.06
-47.28 -0.05
-47.34 -0.05
-47.42 -0.03
-47.51 -0.02
-47.60 -0.00
-47.69 0.02
-47.76 0.03
-47.80 0.03
-47.77 0.03
-47.70 0.01
-47.63 0.00
-47.55 -0.01
-47.46 -0.02
-47.39 -0.03
-47.36 -0.03
-47.35 -0.02
-47.37 -0.00
-47.42 0.02
-47.46 0.03
-47.50 0.04
-47.51 0.05
-47.50 0.04
-47.47 0.04
-47.44 0.05
-47.39 0.05
-47.36 0.05
-47.32 0.05
-47.28 0.05
-47.24 0.06
-47.22 0.07
-47.20 0.09
-47.17 0.11
-47.16 0.13
-47.16 0.16
-47.15 0.19
-47.15 0.22
-47.15 0.25
-47.16 0.29
-47.15 0.33
-47.15 0.37
-47.15 0.41
-47.14 0.45
-47.14 0.50
-47.13 0.54
-47.12 0.59
-47.11 0.64
-47.08 0.69
-47.06 0.75
-47.02 0.81
-46.99 0.86
-46.94 0.91
-46.89 0.96
-46.81 0.99
-46.72 1.03
-46.62 1.06
-46.48 1.08
-46.30 1.10
-46.06 1.11
-45.70 1.09
-45.19 1.06
-44.49 0.99
-43.67 0.91
-42.62 0.79
-41.59 0.68
-40.73 0.59
-40.00 0.53
-39.35 0.49
-38.81 0.45
-38.49 0.45
-38.05 0.43
-37.58 0.40
-37.06 0.37
-36.33 0.30
-35.25 0.18
-33.37 -0.05
-31.28 -0.30
-29.80 -0.46
-28.92 -0.51
-28.32 -0.51
-28.25 -0.42
-27.89 -0.37
-27.56 -0.32
-27.18 -0.29
-26.79 -0.26
-26.34 -0.23
-25.82 -0.22
-25.22 -0.24
-24.45 -0.28
-23.59 -0.34
-22.75 -0.41
-21.95 -0.47
-21.34 -0.51
-20.88 -0.52
-20.60 -0.50
-20.46 -0.46
-20.43 -0.40
-20.51 -0.33
-20.65 -0.24
-20.90 -0.14
-21.22 -0.06
