1.34 0.07
1.34 0.07
1.34 0.07
1.34 0.07
1.34 0.07
1.34 0.07
1.34 0.07
1.34 0.07
1.34 0.07
1.34 0.07
1.34 0.07
1.34 0.07
1.34 0.07
1.34 0.07
1.34 0.07
1.34 0.07
1.34 0.07
1.34 0.07
1.34 0.07
1.34 0.07
1.34 0.07
1.34 0.07
1.34 0.07
1.34 0.07
1.34 0.07
1.36 0.07
1.36 0.07
1.36 0.07
1.34 0.07
1.34 0.07
1.36 0.07
1.34 0.07
1.36 0.07
1.36 0.07
1.34 0.07
1.34 0.07
1.36 0.07
1.36 0.07
1.36 0.07
1.36 0.07
1.36 0.07
1.36 0.07
1.34 0.07
1.34 0.07
1.36 0.07
1.36 0.06
1.36 0.06
1.36 0.06
1.36 0.06
1.36 0.05
1.36 0.05
1.34 0.05
1.36 0.05
1.34 0.05
1.36 0.04
1.36 0.04
1.36 0.04
1.36 0.04
1.36 0.04
1.36 0.04
1.34 0.04
1.36 0.04
1.36 0.04
1.36 0.04
1.36 0.04
1.36 0.04
1.34 0.04
1.34 0.04
1.36 0.04
1.36 0.04
1.36 0.04
1.36 0.04
1.34 0.04
1.34 0.04
1.34 0.04
1.36 0.04
1.36 0.04
1.34 0.04
1.36 0.04
1.36 0.04
1.34 0.04
1.34 0.04
1.36 0.04
1.36 0.04
1.36 0.04
1.36 0.04
1.34 0.04
1.36 0.04
1.34 0.04
1.36 0.04
1.36 0.04
1.34 0.04
1.34 0.04
1.36 0.04
1.36 0.04
1.34 0.04
1.34 0.04
1.36 0.04
1.36 0.04
1.36 0.04
1.34 0.04
1.34 0.04
1.34 0.04
1.36 0.04
1.36 0.04
1.36 0.04
1.36 0.04
1.36 0.04
1.34 0.04
1.34 0.04
1.34 0.04
1.36 0.04
1.34 0.04
1.36 0.04
1.34 0.04
1.34 0.04
1.34 0.04
1.36 0.04
1.34 0.04
1.36 0.04
1.36 0.04
1.36 0.04
1.36 0.04
1.34 0.04
1.34 0.04
1.36 0.04
1.36 0.04
1.34 0.04
1.36 0.04
1.36 0.04
1.36 0.04
1.34 0.04
1.34 0.04
1.34 0.04
1.34 0.04
1.36 0.04
1.34 0.04
1.34 0.04
1.36 0.03
1.34 0.04
1.36 0.03
1.36 0.03
1.36 0.03
1.34 0.03
1.36 0.03
1.36 0.03
1.36 0.03
1.36 0.03
1.34 0.03
1.36 0.03
1.34 0.03
1.36 0.03
1.36 0.03
1.36 0.03
1.34 0.03
1.34 0.03
1.36 0.03
1.34 0.03
1.36 0.03
1.34 0.03
1.34 0.03
1.34 0.03
1.34 0.03
1.34 0.03
1.36 0.03
1.34 0.03
1.36 0.03
1.34 0.03
1.36 0.03
1.36 0.03
1.36 0.03
1.34 0.03
1.36 0.03
1.36 0.03
1.36 0.03
1.36 0.03
1.36 0.03
1.36 0.03
1.34 0.03
1.36 0.03
1.36 0.03
1.36 0.03
1.36 0.03
1.36 0.03
1.36 0.03
1.36 0.03
1.36 0.03
1.34 0.03
1.36 0.03
1.36 0.03
1.34 0.04
1.34 0.04
1.36 0.04
1.36 0.04
1.34 0.04
1.34 0.04
1.34 0.04
1.34 0.04
1.36 0.04
1.36 0.04
1.36 0.04
1.34 0.04
1.36 0.04
1.34 0.04
1.36 0.04
1.34 0.04
1.34 0.04
1.36 0.04
1.36 0.04
1.36 0.04
1.34 0.04
1.36 0.04
1.36 0.04
1.34 0.04
1.34 0.04
1.36 0.04
1.36 0.04
1.34 0.05
1.34 0.05
1.34 0.05
1.36 0.05
1.36 0.05
1.34 0.06
1.36 0.06
1.34 0.06
1.36 0.06
1.34 0.06
1.34 0.06
1.34 0.06
1.34 0.06
1.36 0.06
1.34 0.06
1.36 0.06
1.34 0.06
1.34 0.06
1.34 0.06
1.34 0.06
1.34 0.06
1.36 0.06
1.34 0.06
1.34 0.06
1.36 0.06
1.34 0.06
1.34 0.06
1.34 0.06
1.34 0.06
1.34 0.07
1.34 0.07
1.36 0.07
1.34 0.07
1.34 0.07
1.36 0.07
1.34 0.07
1.34 0.07
1.36 0.07
1.34 0.07
1.36 0.07
1.34 0.07
1.36 0.07
1.36 0.07
1.36 0.07
1.36 0.07
1.36 0.07
1.36 0.07
1.36 0.07
1.34 0.07
1.36 0.07
1.36 0.07
1.36 0.07
1.36 0.07
1.36 0.07
1.36 0.07
1.36 0.07
1.36 0.07
1.36 0.07
1.36 0.07
1.36 0.07
1.36 0.07
1.36 0.07
1.36 0.07
1.34 0.08
1.36 0.07
1.36 0.07
1.36 0.07
1.36 0.07
1.36 0.07
1.36 0.07
1.36 0.07
1.36 0.07
1.36 0.07
1.36 0.07
1.36 0.08
1.36 0.08
1.36 0.08
1.34 0.08
1.36 0.08
1.36 0.08
1.36 0.08
1.36 0.08
1.36 0.08
1.36 0.08
1.36 0.08
1.36 0.08
1.36 0.08
1.36 0.09
1.36 0.09
1.36 0.09
1.36 0.09
1.36 0.09
1.36 0.09
1.36 0.09
1.36 0.09
1.36 0.09
1.36 0.09
1.36 0.09
1.36 0.09
1.36 0.09
1.36 0.09
1.36 0.09
1.36 0.09
1.36 0.09
1.36 0.09
1.36 0.09
1.36 0.09
1.36 0.09
1.36 0.09
1.36 0.09
1.36 0.09
1.36 0.09
1.36 0.09
1.36 0.09
1.36 0.09
1.36 0.09
1.36 0.09
1.36 0.09
1.36 0.09
1.36 0.09
1.36 0.09
1.36 0.09
1.36 0.09
1.37 0.09
1.36 0.09
1.37 0.09
1.36 0.09
1.36 0.09
1.36 0.09
1.36 0.09
1.36 0.09
1.36 0.09
1.36 0.09
1.36 0.09
1.37 0.09
1.37 0.09
1.37 0.09
1.37 0.09
1.37 0.09
1.37 0.09
1.37 0.09
1.37 0.09
1.37 0.09
1.37 0.09
1.37 0.09
1.37 0.09
1.37 0.09
1.37 0.09
1.37 0.09
1.37 0.09
1.37 0.09
1.37 0.09
1.37 0.08
1.37 0.08
1.37 0.08
1.37 0.08
1.37 0.08
1.37 0.08
1.37 0.08
1.37 0.08
1.37 0.08
1.37 0.08
1.37 0.08
1.37 0.08
1.37 0.08
1.37 0.08
1.37 0.08
1.37 0.08
1.37 0.08
1.37 0.08
1.37 0.08
1.37 0.08
1.37 0.08
1.37 0.08
1.37 0.08
1.37 0.08
1.37 0.08
1.37 0.08
1.37 0.08
1.37 0.08
1.37 0.08
1.37 0.08
1.37 0.08
1.37 0.08
1.37 0.08
1.37 0.08
1.37 0.08
1.37 0.08
1.37 0.08
1.37 0.08
1.37 0.08
1.37 0.08
1.37 0.08
1.37 0.08
1.37 0.08
1.37 0.08
1.37 0.08
1.37 0.08
1.37 0.08
1.37 0.08
1.37 0.08
1.37 0.08
1.37 0.08
1.37 0.08
1.37 0.08
1.37 0.07
1.37 0.07
1.37 0.07
1.37 0.07
1.37 0.07
1.37 0.07
1.37 0.07
1.37 0.07
1.37 0.07
1.37 0.07
1.37 0.06
1.37 0.06
1.37 0.06
1.37 0.06
1.37 0.06
1.37 0.06
1.37 0.06
1.37 0.06
1.37 0.06
1.37 0.06
1.37 0.06
1.37 0.06
1.37 0.06
1.37 0.06
1.37 0.06
1.37 0.06
1.37 0.06
1.37 0.06
1.37 0.06
1.37 0.06
1.37 0.06
1.37 0.06
1.37 0.07
1.37 0.07
1.37 0.07
1.37 0.07
1.37 0.07
1.37 0.08
1.37 0.08
1.37 0.08
1.37 0.08
1.37 0.08
1.37 0.08
1.37 0.08
1.37 0.09
1.37 0.09
1.37 0.09
1.37 0.09
1.37 0.09
1.37 0.09
1.37 0.09
1.37 0.09
1.37 0.09
1.37 0.09
1.37 0.09
1.37 0.09
1.37 0.09
1.37 0.09
1.37 0.09
1.37 0.09
1.37 0.09
1.37 0.09
1.37 0.09
1.37 0.09
1.37 0.09
1.37 0.09
1.37 0.09
1.37 0.09
1.37 0.09
1.37 0.09
1.37 0.09
1.37 0.09
1.38 0.09
1.37 0.09
1.37 0.09
1.37 0.09
1.37 0.09
1.37 0.09
1.37 0.09
1.38 0.09
1.37 0.09
1.38 0.09
1.37 0.09
1.37 0.09
1.38 0.09
1.37 0.09
1.38 0.09
1.38 0.09
1.37 0.09
1.37 0.09
1.38 0.09
1.37 0.09
1.37 0.09
1.37 0.09
1.37 0.09
1.37 0.09
1.38 0.09
1.38 0.09
1.38 0.09
1.37 0.09
1.37 0.09
1.38 0.09
1.38 0.09
1.38 0.09
1.37 0.09
1.38 0.08
1.38 0.08
1.38 0.08
1.38 0.09
1.38 0.09
1.38 0.09
1.38 0.09
1.38 0.09
1.38 0.09
1.38 0.10
1.38 0.10
1.38 0.10
1.38 0.10
1.38 0.10
1.38 0.10
1.38 0.10
1.38 0.10
1.39 0.10
1.39 0.10
1.39 0.10
1.39 0.10
1.39 0.10
1.39 0.10
1.39 0.10
1.39 0.10
1.39 0.10
1.39 0.10
1.39 0.09
1.40 0.09
1.40 0.09
1.40 0.09
1.39 0.09
1.39 0.09
1.39 0.09
1.39 0.09
1.39 0.09
1.39 0.09
1.39 0.09
1.40 0.09
1.39 0.09
1.39 0.09
1.39 0.09
1.40 0.09
1.39 0.09
1.40 0.09
1.40 0.09
1.40 0.09
1.40 0.09
1.40 0.09
1.40 0.09
1.39 0.10
1.40 0.10
1.40 0.10
1.40 0.10
1.40 0.10
1.40 0.10
1.40 0.10
1.40 0.10
1.40 0.10
1.40 0.10
1.40 0.10
1.40 0.10
1.40 0.10
1.40 0.10
1.40 0.10
1.40 0.10
1.40 0.10
1.40 0.10
1.40 0.10
1.40 0.09
1.40 0.10
1.40 0.10
1.40 0.10
1.40 0.10
1.40 0.10
1.40 0.10
1.40 0.10
1.40 0.10
1.40 0.10
1.40 0.10
1.40 0.10
1.40 0.10
1.40 0.10
1.40 0.10
1.40 0.10
1.40 0.10
1.40 0.10
1.40 0.10
1.40 0.10
1.40 0.10
1.40 0.10
1.40 0.10
1.40 0.10
1.40 0.09
1.40 0.10
1.40 0.10
1.40 0.10
1.40 0.10
1.40 0.10
1.40 0.10
1.40 0.10
1.40 0.10
1.40 0.10
1.40 0.10
1.40 0.10
1.40 0.10
1.40 0.10
1.40 0.10
1.40 0.10
1.40 0.10
1.40 0.10
1.40 0.10
1.40 0.09
1.40 0.09
1.40 0.09
1.40 0.09
1.40 0.09
1.40 0.09
1.40 0.09
1.40 0.09
1.40 0.09
1.40 0.08
1.40 0.08
1.40 0.08
1.40 0.08
1.40 0.08
1.40 0.08
1.40 0.08
1.40 0.08
1.40 0.08
1.40 0.08
1.40 0.08
1.40 0.08
1.40 0.08
1.40 0.08
1.40 0.08
1.40 0.08
1.40 0.08
1.40 0.08
1.40 0.08
1.40 0.08
1.40 0.08
1.40 0.08
1.40 0.09
1.40 0.09
1.40 0.09
1.40 0.09
1.40 0.09
1.40 0.09
1.40 0.09
1.40 0.09
1.40 0.09
1.40 0.09
1.40 0.10
1.40 0.10
1.40 0.10
1.40 0.10
1.40 0.10
1.40 0.10
1.40 0.10
1.40 0.09
1.40 0.09
1.40 0.09
1.40 0.09
1.40 0.09
1.40 0.08
1.40 0.08
1.40 0.08
1.40 0.08
1.40 0.08
1.40 0.08
1.40 0.08
1.40 0.08
1.40 0.08
1.40 0.08
1.40 0.08
1.40 0.08
1.40 0.08
1.40 0.08
1.40 0.08
1.40 0.08
1.40 0.08
1.40 0.08
1.40 0.08
1.40 0.08
1.40 0.08
1.40 0.08
1.40 0.08
1.40 0.08
1.40 0.08
1.40 0.08
1.40 0.08
1.40 0.08
1.40 0.08
1.40 0.08
1.40 0.08
1.40 0.08
1.40 0.08
1.40 0.08
1.40 0.08
1.40 0.08
1.40 0.08
1.40 0.08
1.40 0.08
1.40 0.08
1.40 0.08
1.40 0.08
1.40 0.08
1.40 0.08
1.40 0.08
1.40 0.08
1.40 0.07
1.40 0.07
1.40 0.07
1.40 0.07
1.40 0.07
1.40 0.07
1.40 0.06
1.40 0.06
1.40 0.06
1.40 0.06
1.40 0.06
1.40 0.05
1.40 0.05
1.40 0.05
1.40 0.05
1.40 0.05
1.40 0.05
1.40 0.05
1.40 0.05
1.40 0.05
1.40 0.05
1.40 0.04
1.40 0.04
1.40 0.04
1.40 0.04
1.40 0.03
1.40 0.03
1.40 0.03
1.40 0.02
1.40 0.02
1.40 0.01
1.40 0.00
1.40 -0.00
1.40 -0.01
1.38 -0.01
1.32 0.00
1.24 0.01
1.17 0.02
1.11 0.02
1.07 0.01
1.05 -0.01
1.02 -0.04
0.98 -0.04
0.92 -0.03
0.83 -0.02
0.70 0.00
0.56 0.02
0.45 0.03
0.35 0.02
0.30 -0.01
0.25 -0.05
0.22 -0.08
0.14 -0.09
0.04 -0.11
-0.10 -0.11
-0.26 -0.11
-0.48 -0.11
-0.73 -0.11
-1.02 -0.13
-1.39 -0.13
-1.79 -0.14
-2.18 -0.15
-2.58 -0.15
-2.98 -0.15
-3.36 -0.14
-3.78 -0.13
-4.21 -0.11
-4.59 -0.11
-4.99 -0.10
-5.36 -0.09
-5.68 -0.10
-6.00 -0.10
-6.28 -0.11
-6.52 -0.12
-6.75 -0.13
-6.94 -0.10
-7.11 -0.12
-7.29 -0.14
-7.47 -0.16
-7.66 -0.17
-7.86 -0.18
-7.86 -0.22
-8.09 -0.22
-8.38 -0.21
-8.68 -0.21
-9.14 -0.17
-9.79 -0.11
-10.65 -0.03
-11.80 0.10
-13.12 0.25
-14.19 0.35
-15.04 0.39
-15.62 0.38
-16.05 0.34
-16.36 0.27
-16.59 0.20
-16.78 0.13
-16.89 0.04
-16.97 -0.05
-17.02 -0.14
-17.05 -0.21
-17.09 -0.27
-17.12 -0.31
-17.17 -0.35
-17.21 -0.38
-17.28 -0.40
-17.35 -0.43
-17.43 -0.46
-17.54 -0.48
-17.66 -0.50
-17.81 -0.50
-17.97 -0.51
-18.15 -0.50
-18.35 -0.49
-18.35 -0.51
-18.60 -0.49
-18.91 -0.46
-19.26 -0.42
-19.72 -0.37
-20.31 -0.29
-21.07 -0.19
-22.12 -0.04
-23.26 0.12
-24.26 0.26
-25.08 0.37
-25.74 0.44
-26.17 0.48
-26.49 0.49
-26.70 0.48
-26.87 0.45
-26.95 0.40
-26.97 0.34
-26.96 0.26
-26.90 0.17
-26.81 0.07
-26.68 -0.04
-26.53 -0.16
-26.41 -0.26
-26.28 -0.35
-26.20 -0.44
-26.16 -0.50
-26.17 -0.57
-26.23 -0.63
-26.32 -0.70
-26.45 -0.75
-26.59 -0.80
-26.76 -0.84
-26.95 -0.87
-27.13 -0.88
-27.32 -0.88
-27.50 -0.88
-27.68 -0.86
-27.84 -0.85
-28.01 -0.83
-28.17 -0.80
-28.35 -0.78
-28.56 -0.75
-28.77 -0.72
-28.74 -0.72
-29.04 -0.68
-29.35 -0.63
-29.77 -0.57
-30.34 -0.48
-31.15 -0.36
-32.19 -0.21
-33.65 0.00
-34.88 0.17
-35.80 0.28
-36.43 0.34
-36.86 0.36
-37.21 0.37
-37.44 0.37
-37.60 0.36
-37.69 0.34
-37.73 0.31
-37.72 1.26
-37.67 0.40
-37.53 0.34
-37.35 0.28
-37.11 0.21
-36.81 0.14
-36.38 0.05
-35.87 -0.04
-35.25 -0.14
-34.53 -0.26
-33.67 -0.38
-32.82 -0.51
-32.10 -0.62
-31.57 -0.70
-31.19 -0.75
-30.89 -0.80
-30.68 -0.83
-30.57 -0.84
-30.55 -0.85
-30.59 -0.84
-30.69 -0.83
-30.84 -0.80
-31.05 -0.77
-31.32 -0.73
-31.66 -0.68
-32.06 -0.62
-32.60 -0.54
-33.24 -0.45
-33.85 -0.35
-34.40 -0.27
-34.95 -0.19
-35.49 -0.11
-35.93 -0.04
-36.30 0.01
-36.61 0.06
-36.84 0.09
-37.01 0.11
-37.14 0.12
-37.20 0.12
-37.22 0.12
-37.19 0.11
-37.12 0.10
-37.00 0.08
-36.85 0.06
-36.63 0.02
-36.37 -0.02
-36.08 -0.07
-35.78 -0.11
-35.45 -0.16
-35.14 -0.21
-34.86 -0.25
-34.62 -0.29
-34.46 -0.31
-34.32 -0.33
-34.27 -0.34
-34.25 -0.34
-34.27 -0.34
-34.34 -0.33
-34.42 -0.32
-34.55 -0.30
-34.70 -0.27
-34.88 -0.25
-35.08 -0.22
-35.30 -0.18
-35.54 -0.15
-35.78 -0.11
-36.02 -0.07
-36.23 -0.04
-36.44 -0.01
-36.62 0.02
-36.77 0.04
-36.88 0.05
-36.93 0.06
-36.95 0.06
-36.92 0.06
-36.85 0.05
-36.75 0.04
-36.59 0.01
-36.39 -0.02
-36.17 -0.05
-35.95 -0.08
-35.71 -0.12
-35.52 -0.15
-35.34 -0.17
-35.24 -0.19
-35.18 -0.19
-35.18 -0.19
-35.24 -0.18
-35.33 -0.17
-35.45 -0.15
-35.61 -0.13
-35.77 -0.10
-35.94 -0.07
-36.13 -0.04
-36.29 -0.02
-36.45 0.01
-36.58 0.03
-36.66 0.05
-36.70 0.06
-36.69 0.05
-36.63 0.05
-36.54 0.03
-36.40 0.02
-36.23 -0.01
-36.04 -0.04
-35.84 -0.06
-35.62 -0.09
-35.48 -0.09
-35.36 -0.11
-35.29 -0.11
-35.27 -0.11
-35.31 -0.10
-35.38 -0.08
-35.47 -0.07
-35.61 -0.04
-35.75 -0.01
-35.89 0.02
-35.99 0.05
-36.06 0.07
-36.10 0.09
-36.08 0.09
-36.04 0.09
-35.93 0.08
-35.79 0.07
-35.61 0.05
-35.38 0.03
-35.10 0.00
-34.79 -0.03
-34.47 -0.06
-34.16 -0.22
-33.87 -0.23
-33.64 -0.23
-33.41 -0.21
-33.20 -0.18
-33.02 -0.15
-32.88 -0.11
-32.78 -0.07
-32.68 -0.03
-32.63 0.01
-32.54 0.05
-32.40 0.07
-32.21 0.09
-31.95 0.09
-31.67 0.08
-31.35 0.07
-31.01 0.05
-30.66 0.03
-30.31 0.01
-30.00 0.00
-29.73 -0.01
-29.49 -0.01
-29.31 -0.00
-29.16 0.01
-29.01 0.04
-28.86 0.06
-28.70 0.07
-28.90 0.14
-28.72 0.15
-28.55 0.16
-28.36 0.17
-28.16 0.18
-27.94 0.19
-27.67 0.19
-27.30 0.16
-26.82 0.13
-26.20 0.07
-25.35 -0.03
-24.15 -0.17
-22.77 -0.34
-21.52 -0.48
-20.66 -0.57
-20.01 -0.62
-19.55 -0.64
-19.22 -0.65
-18.99 -0.65
-18.81 -0.64
-18.69 -0.62
-18.60 -0.59
-18.53 -0.56
-18.50 -0.52
-18.49 -0.48
-18.50 -0.44
-18.54 -0.39
-18.58 -0.34
-18.64 -0.29
-18.70 -0.24
-18.78 -0.18
-18.86 -0.12
-18.95 -0.05
-19.06 0.03
-19.16 0.11
-19.24 0.17
-19.30 0.22
-19.33 0.27
-19.33 0.30
-19.31 0.32
-19.26 0.35
-19.19 0.37
-19.11 0.39
-19.01 0.41
-18.88 0.43
-18.74 0.45
-18.58 0.46
-18.41 0.47
-18.34 0.50
-18.15 0.51
-17.94 0.52
-17.72 0.53
-17.48 0.53
-17.24 0.53
-16.94 0.52
-16.54 0.50
-16.06 0.47
-15.43 0.41
-14.48 0.30
-13.20 0.15
-11.68 -0.04
-10.50 -0.19
-9.63 -0.28
-9.02 -0.33
-8.60 -0.35
-8.30 -0.34
-8.06 -0.32
-11.12 0.19
-7.89 -0.23
-7.73 -0.20
-7.57 -0.18
-7.47 -0.15
-7.36 -0.12
-7.28 -0.07
-7.24 -0.07
-7.20 -0.01
-7.19 0.06
-7.20 0.15
-7.20 0.24
-7.20 0.31
-7.20 0.39
-7.19 0.46
-7.18 0.52
-7.16 0.58
-7.13 0.65
-7.11 0.71
-7.06 0.79
-7.01 0.85
-6.94 0.92
-6.83 0.98
-6.71 1.04
-6.53 1.09
-6.30 1.12
-6.03 1.14
-5.64 1.13
-5.12 1.10
-4.48 1.05
-3.54 0.96
-2.34 0.82
-1.05 0.68
0.01 0.57
0.91 0.48
1.55 0.43
2.07 0.40
2.51 0.38
2.51 0.44
2.88 0.43
3.25 0.42
3.63 -0.17
4.11 0.29
4.72 0.25
5.48 0.20
6.62 0.09
8.12 -0.08
9.64 -0.25
10.68 -0.34
11.41 -0.37
11.88 -0.35
12.23 -0.29
12.47 -0.22
12.67 -0.14
12.83 -0.07
13.06 -0.00
13.15 0.08
13.23 0.16
13.31 0.23
13.41 0.28
13.49 0.33
13.57 0.37
13.66 0.40
13.74 0.43
13.82 0.46
13.91 0.50
13.99 0.54
14.10 0.58
14.22 0.61
14.36 0.63
14.53 0.65
14.74 0.67
14.98 0.68
15.29 0.68
15.66 0.68
16.09 0.67
16.61 0.66
17.25 0.63
18.02 0.58
18.90 0.52
19.82 0.46
20.64 0.41
21.31 0.39
21.88 0.39
22.37 0.41
22.76 0.44
23.08 0.48
23.36 0.52
23.10 0.64
23.35 0.69
23.60 0.74
23.84 0.78
24.08 0.80
24.33 0.82
24.61 0.82
24.97 0.80
25.43 0.76
25.98 0.71
26.69 0.63
27.64 0.51
28.77 0.37
30.06 0.21
31.06 0.09
31.81 0.01
32.38 -0.04
32.78 -0.06
33.05 -0.06
33.25 -0.05
33.41 -0.03
33.53 -0.00
33.63 0.03
33.69 0.04
34.28 -0.01
34.35 0.01
34.36 0.04
34.40 0.07
34.43 0.10
34.43 0.13
34.45 0.15
34.45 0.18
34.46 0.21
34.45 0.24
34.45 0.28
34.45 0.31
34.45 0.34
34.45 0.37
34.45 0.40
34.45 0.42
34.45 0.44
34.45 0.46
34.45 0.48
34.45 0.50
34.45 0.51
34.45 0.52
34.46 0.53
34.46 0.53
34.46 0.54
34.46 0.54
34.46 0.54
34.47 0.55
34.47 0.55
34.47 0.55
34.47 0.55
34.47 0.55
34.47 0.55
34.47 0.55
34.49 0.55
34.49 0.55
34.49 0.55
34.49 0.55
34.49 0.55
34.49 0.55
34.49 0.55
34.49 0.55
34.49 0.56
34.49 0.56
34.49 0.56
34.49 0.57
34.49 0.57
34.49 0.58
34.50 0.59
34.50 0.60
34.49 0.61
34.50 0.62
34.50 0.64
34.50 0.65
34.50 0.67
34.50 0.69
34.51 0.71
34.51 0.72
34.51 0.73
34.52 0.74
34.53 0.75
34.53 0.76
34.54 0.77
34.55 0.78
34.57 0.78
34.58 0.78
34.60 0.78
34.61 0.78
34.62 0.77
34.65 0.77
34.67 0.76
34.68 0.76
34.70 0.76
34.72 0.76
34.73 0.75
34.75 0.75
34.76 0.75
34.78 0.75
34.80 0.74
34.82 0.74
34.83 0.74
34.83 0.74
34.84 0.74
34.84 0.74
34.85 0.74
34.84 0.74
34.84 0.74
34.84 0.74
34.84 0.74
34.84 0.74
34.84 0.74
34.84 0.74
34.85 0.74
34.84 0.74
34.84 0.74
34.84 0.74
34.84 0.74
34.84 0.74
34.84 0.74
34.84 0.75
34.84 0.75
34.84 0.76
34.84 0.76
34.84 0.77
34.84 0.77
34.84 0.79
34.84 0.79
34.84 0.81
34.84 0.82
34.84 0.84
34.84 0.85
34.84 0.86
34.85 0.88
34.84 0.90
34.84 0.92
34.85 0.93
34.85 0.95
34.85 0.97
34.85 0.98
34.85 1.00
34.85 1.01
34.85 1.03
34.85 1.05
34.87 1.07
34.87 1.08
34.88 1.09
34.88 1.10
34.89 1.11
34.89 1.11
34.90 1.12
34.90 1.12
34.91 1.12
34.92 1.12
34.92 1.12
34.93 1.12
34.95 1.11
34.95 1.11
34.97 1.11
34.98 1.11
34.99 1.11
35.00 1.10
35.02 1.10
35.04 1.10
35.05 1.10
35.07 1.09
35.10 1.09
35.12 1.09
35.15 1.08
35.20 1.08
35.25 1.07
35.30 1.06
35.37 1.05
35.46 1.04
35.57 1.02
35.71 1.00
35.84 0.98
35.98 0.96
36.09 0.94
36.13 0.94
36.16 0.93
36.18 0.93
36.14 0.93
36.09 0.94
36.03 0.95
35.99 0.96
35.97 0.96
35.98 0.96
35.99 0.96
36.02 0.95
36.04 0.95
36.05 0.94
36.06 0.94
36.06 0.93
36.07 0.92
36.07 0.92
36.06 0.91
36.06 0.90
36.05 0.89
36.06 0.88
36.06 0.86
36.06 0.85
36.07 0.84
36.06 0.83
36.05 0.81
36.06 0.79
36.05 0.77
36.06 0.75
36.06 0.73
36.06 0.71
36.06 0.68
36.06 0.66
36.05 0.63
36.06 0.59
36.06 0.55
36.06 0.51
36.06 0.47
36.06 0.43
36.06 0.39
36.06 0.35
36.07 0.31
36.07 0.27
36.06 0.24
36.05 0.20
36.05 0.16
36.06 0.13
36.05 0.09
36.05 0.06
36.05 0.03
36.05 -0.01
36.06 -0.03
36.04 -0.06
36.01 -0.09
35.96 -0.10
35.90 -0.12
35.86 -0.14
35.78 -0.15
35.71 -0.17
35.64 -0.19
35.57 -0.20
35.50 -0.21
35.44 -0.15
35.37 -0.16
35.31 -0.18
35.26 -0.19
35.19 -0.20
35.12 -0.21
35.04 -0.22
34.93 -0.22
34.82 -0.23
34.70 -0.23
34.57 -0.22
34.40 -0.22
37.47 -0.70
33.16 -0.07
32.92 -0.05
32.62 -0.03
32.23 0.01
31.67 0.07
30.96 0.14
30.06 0.24
28.94 0.37
27.90 0.48
26.99 0.57
26.27 0.63
25.74 0.64
25.33 0.64
25.02 0.61
24.77 0.57
24.58 0.52
24.43 0.46
24.31 0.40
24.23 0.32
24.20 0.22
24.18 0.11
24.18 0.01
24.19 -0.08
24.21 -0.16
24.21 -0.23
24.20 -0.27
24.18 -0.31
24.12 -0.33
24.06 -0.35
23.98 -0.37
23.86 -0.38
23.73 -0.39
23.57 -0.39
23.37 -0.39
23.15 -0.38
22.90 -0.36
23.10 -0.41
22.75 -0.35
22.26 -0.30
21.56 -0.22
20.54 -0.08
19.10 0.11
17.47 0.33
16.10 0.51
15.18 0.62
14.57 0.68
14.10 0.71
13.77 0.72
13.53 0.71
13.34 0.70
13.15 0.69
12.98 0.67
12.83 0.65
12.69 0.63
13.11 0.52
13.00 0.48
12.93 0.43
12.88 0.37
12.85 0.30
12.86 0.22
12.89 0.14
12.93 0.05
12.99 -0.04
13.06 -0.13
13.11 -0.22
13.19 -0.32
13.21 -0.39
13.19 -0.45
13.19 -0.51
13.15 -0.56
13.09 -0.61
13.01 -0.65
12.93 -0.68
12.82 -0.71
12.68 -0.74
12.50 -0.76
12.26 -0.77
11.92 -0.77
11.42 -0.74
10.71 -0.65
9.80 -0.56
8.45 -0.39
7.13 -0.24
6.03 -0.12
5.24 -0.04
4.60 0.01
4.13 0.02
3.72 0.01
3.41 -0.02
3.08 -0.07
2.73 -0.12
2.37 -0.17
1.86 -0.21
1.25 -0.22
0.27 -0.20
-1.10 -0.11
-2.80 0.01
-4.40 0.12
-5.43 0.14
-6.11 0.11
-6.60 0.04
-6.97 -0.01
-7.23 -0.07
-7.49 -0.03
-7.76 -0.06
-8.06 -0.08
-8.06 -0.14
-8.44 -0.14
-8.99 -0.11
-9.78 -0.04
-10.93 0.08
-12.58 0.27
-13.96 0.42
-15.05 0.50
-15.74 0.51
-16.27 0.48
-16.63 0.41
-16.90 0.33
-17.11 0.23
-17.28 0.13
-17.41 0.03
-17.54 -0.06
-17.64 -0.14
-17.77 -0.21
-17.90 -0.26
-18.04 -0.30
-18.20 -0.34
-18.34 -0.38
-18.51 -0.40
-18.73 -0.42
-18.99 -0.42
-19.27 -0.42
-19.64 -0.40
-20.12 -0.36
-20.76 -0.30
-21.53 -0.22
-22.50 -0.12
-23.51 -0.02
-24.45 0.06
-25.26 0.13
-25.89 0.16
-26.32 0.14
-26.65 0.10
-26.89 0.02
-27.07 -0.07
-27.20 -0.17
-27.33 -0.26
-27.44 -0.35
-27.55 -0.44
-27.65 -0.50
-27.74 -0.55
-27.84 -0.59
-27.94 -0.63
-28.03 -0.66
-28.13 -0.69
-28.25 -0.70
-28.39 -0.71
-28.52 -0.71
-28.67 -0.70
-28.85 -0.68
-28.85 -0.68
-29.05 -0.65
-29.28 -0.61
-29.55 -0.57
-29.91 -0.52
-30.39 -0.45
-31.04 -0.35
-31.83 -0.23
-32.89 -0.07
-34.04 0.10
-35.03 0.25
-35.80 0.35
-36.33 0.41
-36.69 0.42
-36.96 0.43
-37.15 0.43
-37.26 0.41
-37.31 0.39
-37.30 0.36
-37.24 0.32
-37.13 0.27
-36.97 0.21
-36.75 0.15
-36.48 0.09
-36.14 0.02
-35.67 -0.07
-35.14 -0.16
-34.57 -0.25
-33.96 -0.35
-33.36 -0.44
-32.78 -0.53
-32.30 -0.59
-31.97 -0.65
-31.74 -0.68
-31.59 -0.70
-31.52 -0.71
-31.52 -0.71
-31.59 -0.70
-31.72 -0.68
-31.89 -0.65
-32.11 -0.62
-32.40 -0.57
-32.76 -0.52
-33.20 -0.45
-33.62 -0.39
-34.00 -0.33
-34.35 -0.28
-34.73 -0.22
-35.13 -0.16
-35.48 -0.11
-35.83 -0.06
-36.14 -0.01
-36.40 0.03
-36.65 0.07
-36.81 0.09
-36.92 0.11
-36.98 0.12
-36.99 0.12
-36.96 0.12
-36.88 0.10
-36.75 0.09
-36.58 0.06
-36.36 0.03
-36.07 -0.02
-35.75 -0.06
-35.40 -0.11
-35.03 -0.17
-34.72 -0.22
-34.43 -0.26
-34.20 -0.29
-34.01 -0.32
-33.86 -0.35
-33.75 -0.36
-33.67 -0.37
-33.64 -0.38
-33.64 -0.38
-33.67 -0.37
-33.71 -0.36
-33.77 -0.36
-33.83 -0.34
-33.92 -0.33
-34.01 -0.32
-34.10 -0.30
-34.22 -0.29
-34.33 -0.27
-34.47 -0.25
-34.63 -0.22
-34.80 -0.20
-34.99 -0.17
-35.18 -0.14
-35.39 -0.11
-35.61 -0.07
-35.83 -0.04
-36.02 -0.01
-36.22 0.02
-36.38 0.04
-36.48 0.06
-36.55 0.07
-36.56 0.07
-36.53 0.06
-36.45 0.05
-36.32 0.03
-36.15 0.01
-35.93 -0.03
-35.70 -0.06
-35.48 -0.09
-35.24 -0.12
-35.07 -0.14
-34.94 -0.15
-34.86 -0.15
-34.84 -0.14
-34.86 -0.13
-34.92 -0.11
-35.00 -0.09
-35.10 -0.07
-35.24 -0.04
-35.39 -0.08
-35.55 -0.05
-35.72 -0.01
-35.89 0.03
-36.04 0.07
-36.12 0.10
-36.17 0.12
-36.16 0.12
-36.10 0.12
-36.00 0.10
-35.86 0.09
-35.65 0.07
-35.40 0.04
-35.10 0.02
-34.74 -0.02
-34.34 -0.06
-33.96 -0.09
-33.56 -0.12
-33.18 -0.13
-32.78 -0.15
-32.44 -0.15
-32.18 -0.14
-31.98 -0.13
-31.84 -0.11
-31.74 -0.08
-31.68 -0.05
-31.66 -0.02
-31.65 0.02
-31.65 0.07
-31.59 0.09
-31.51 0.11
-31.36 0.11
-31.19 0.10
-30.97 0.08
-30.72 0.07
-30.47 0.05
-30.23 0.03
-30.00 0.02
-29.78 0.01
-29.58 -0.00
-29.40 -0.01
-29.25 -0.01
-29.12 0.01
-29.00 0.03
-28.86 0.05
-29.00 0.11
-28.85 0.12
-28.69 0.13
-28.52 0.13
-28.34 0.14
-28.14 0.14
-27.94 0.15
-27.68 0.14
-27.33 0.12
-26.89 0.09
-26.32 0.03
-25.54 -0.07
-24.40 -0.21
-23.18 -0.37
-21.96 -0.51
-21.06 -0.61
-20.39 -0.67
-19.87 -0.70
-19.54 -0.72
-19.32 -0.71
-19.17 -0.70
-19.08 -0.68
-19.02 -0.66
-19.02 -0.61
-19.06 -0.57
-19.11 -0.51
-19.19 -0.45
-19.31 -0.39
-19.47 -0.29
-19.68 -0.21
-19.92 -0.13
-20.24 -0.03
-20.63 0.08
-21.03 0.18
-21.37 0.28
-21.69 0.37
-21.95 0.45
-22.07 0.51
-22.07 0.54
-21.96 0.56
-21.75 0.56
-21.44 0.54
-21.09 0.52
-20.73 0.49
-20.32 0.46
-19.93 0.44
-19.59 0.41
-19.26 0.39
-18.95 0.36
-18.68 0.34
-15.87 -0.06
-16.88 0.10
-16.63 0.09
-16.38 0.08
-16.13 0.07
-15.88 0.05
-15.57 0.03
-15.19 -0.00
-14.72 -0.05
-14.21 -0.09
-13.61 -0.14
-12.89 -0.20
-12.06 -0.26
-11.30 -0.33
-10.53 -0.40
-9.91 -0.44
-9.47 -0.45
-9.17 -0.44
-8.97 -0.42
-8.84 -0.39
-8.78 -0.34
-8.80 -0.29
-8.87 -0.22
-8.99 -0.15
-9.15 -0.06
-9.35 0.03
-9.55 0.12
-9.71 0.21
-9.85 0.28
-9.90 0.33
-9.90 0.33
-9.82 0.37
-9.68 0.40
-9.49 0.43
-9.26 0.46
-9.01 0.49
-8.76 0.53
-8.47 0.56
-8.17 0.59
-7.89 0.62
-7.65 0.66
-7.41 0.68
-7.20 0.72
-7.00 0.76
-6.81 0.79
-6.59 0.83
-7.93 1.10
-7.72 1.14
-7.51 1.17
-7.27 1.20
-7.00 1.22
-6.66 1.21
-6.21 1.18
-5.54 1.12
-4.55 1.00
-3.04 0.81
-1.21 0.56
0.30 0.37
1.36 0.25
2.05 0.18
-4.24 1.16
2.05 0.26
2.50 0.22
3.01 0.17
3.67 0.09
4.58 -0.01
6.04 -0.20
7.86 -0.44
9.58 -0.65
10.58 -0.75
11.25 -0.80
11.68 -0.80
11.95 -0.84
12.51 -0.87
12.44 -0.79
12.56 -0.75
12.66 -0.69
12.71 -0.62
12.74 -0.54
12.73 -0.45
12.70 -0.35
12.64 -0.25
12.56 -0.15
12.48 -0.05
12.37 0.05
14.55 -0.20
10.68 0.45
10.54 0.54
10.42 0.63
10.34 0.70
10.26 0.77
10.24 0.82
10.23 0.87
10.26 0.90
10.29 0.93
10.38 0.96
10.47 0.98
10.57 1.01
10.70 1.03
12.97 0.72
13.12 0.74
13.27 0.75
13.43 0.76
13.59 0.77
13.77 0.77
13.96 0.78
14.17 0.78
14.44 0.77
14.78 0.76
15.24 0.73
15.80 0.66
16.54 0.59
17.54 0.49
18.72 0.37
20.04 0.23
21.03 0.15
21.81 0.11
22.41 0.11
22.89 0.14
23.27 0.20
22.97 0.35
23.27 0.43
23.55 0.50
23.84 0.58
24.12 0.65
24.43 0.71
24.80 0.74
25.32 0.74
25.94 0.72
26.76 0.65
27.90 0.54
29.27 0.40
30.59 0.25
31.51 0.17
32.19 0.12
32.69 0.10
33.07 0.11
33.38 0.12
33.52 0.06
33.76 0.09
34.00 0.11
34.23 0.14
34.45 0.16
34.68 0.20
34.92 0.24
35.18 0.28
35.35 0.33
35.38 0.41
35.44 0.48
35.48 0.55
35.38 0.64
35.26 0.73
35.13 0.81
35.05 0.89
34.99 0.96
34.98 1.02
34.98 1.07
35.03 1.10
35.10 1.12
35.18 1.14
35.26 1.16
35.33 1.17
35.37 1.18
35.37 1.20
35.40 1.21
35.37 1.22
35.35 1.22
35.33 1.23
35.31 1.23
35.30 1.23
35.30 1.23
35.31 1.23
35.33 1.23
35.33 1.23
35.33 1.22
35.33 1.22
35.33 1.22
35.33 1.22
35.33 1.21
35.33 1.21
35.33 1.21
35.33 1.20
35.33 1.20
35.33 1.19
35.33 1.19
35.33 1.18
35.33 1.18
35.33 1.18
35.33 1.17
35.33 1.17
35.33 1.16
35.33 1.16
35.33 1.15
35.33 1.15
35.33 1.14
35.33 1.13
35.33 1.12
35.33 1.11
35.33 1.11
35.33 1.10
35.33 1.09
35.33 1.09
35.33 1.08
35.33 1.08
35.33 1.07
35.33 1.06
35.33 1.06
35.33 1.05
35.33 1.05
35.33 1.04
35.33 1.04
35.33 1.03
35.33 1.03
35.33 1.02
35.33 1.02
35.33 1.01
35.33 1.01
35.33 1.00
35.33 1.00
35.33 0.99
35.33 0.99
35.33 0.98
35.33 0.98
35.33 0.97
35.33 0.96
35.33 0.96
35.33 0.95
35.33 0.94
35.33 0.93
35.33 0.92
35.33 0.91
35.33 0.90
35.33 0.89
35.33 0.87
35.33 0.86
35.33 0.84
35.33 0.83
35.33 0.81
35.33 0.79
35.33 0.77
35.33 0.74
35.33 0.71
35.33 0.68
35.33 0.64
35.33 0.60
35.33 0.55
35.33 0.51
35.33 0.46
35.33 0.41
35.33 0.36
35.33 0.32
35.33 0.27
35.33 0.23
35.33 0.18
35.33 0.14
35.33 0.09
35.33 0.05
35.33 0.01
35.31 -0.03
35.31 -0.08
35.29 -0.12
35.26 -0.15
35.19 -0.18
35.13 -0.21
35.07 -0.10
34.98 -0.12
34.90 -0.13
34.83 -0.15
34.75 -0.17
34.68 -0.20
34.61 -0.22
34.54 -0.24
34.47 -0.26
34.40 -0.29
34.32 -0.31
34.23 -0.34
34.13 -0.37
34.01 -0.39
33.87 -0.41
33.71 -0.43
33.53 -0.45
33.81 -0.53
33.55 -0.54
33.26 -0.55
32.84 -0.53
32.20 -0.49
31.26 -0.39
29.88 -0.22
28.18 -0.01
26.74 0.16
25.81 0.26
25.13 0.31
24.61 0.30
24.22 0.26
23.86 0.21
23.50 0.17
22.94 0.17
22.49 0.17
21.98 0.16
21.31 0.18
20.49 0.23
19.48 0.31
18.23 0.43
17.17 0.52
16.27 0.57
15.62 0.61
15.14 0.62
14.74 0.62
14.46 0.60
14.25 0.57
14.08 0.54
13.96 0.50
13.87 0.46
13.81 0.41
13.79 0.35
13.79 0.28
13.80 0.20
13.83 0.11
13.88 0.02
13.94 -0.08
13.99 -0.18
14.04 -0.28
14.04 -0.37
14.03 -0.45
13.99 -0.53
13.92 -0.59
13.84 -0.65
13.75 -0.71
13.64 -0.75
13.52 -0.80
13.38 -0.83
13.23 -0.86
13.06 -0.89
12.88 -0.91
12.64 -0.92
12.85 -1.00
12.53 -0.92
12.13 -0.90
11.48 -0.84
10.44 -0.72
8.90 -0.53
7.04 -0.28
5.50 -0.09
4.62 0.00
3.90 0.07
3.38 0.09
2.97 0.09
2.51 0.09
2.34 0.05
1.76 0.06
1.02 0.08
0.07 0.13
-1.27 0.23
-2.73 0.33
-4.01 0.40
-4.99 0.39
-5.62 0.31
-6.07 0.23
-6.43 0.15
-6.70 0.05
-6.89 -0.02
-7.06 -0.08
-7.20 -0.06
-7.36 -0.11
-7.53 -0.15
-7.70 -0.18
-7.88 -0.20
-7.88 -0.26
-8.09 -0.27
-8.34 -0.28
-8.65 -0.28
-9.07 -0.27
-9.63 -0.24
-10.40 -0.19
-11.42 -0.10
-12.81 0.04
-14.00 0.15
-14.99 0.22
-15.66 0.23
-16.13 0.20
-16.49 0.15
-16.76 0.08
-16.99 0.00
-17.16 -0.08
-17.27 -0.16
-17.40 -0.23
-17.54 -0.28
-17.67 -0.31
-17.85 -0.35
-18.04 -0.38
-18.23 -0.41
-18.46 -0.43
-18.42 -0.46
-18.70 -0.47
-19.03 -0.47
-19.47 -0.45
-20.03 -0.41
-20.76 -0.35
-21.71 -0.26
-22.90 -0.13
-24.02 -0.02
-25.08 0.09
-25.88 0.16
-26.43 0.21
-26.84 0.22
-27.13 0.21
-27.35 0.14
-27.52 0.10
-27.64 0.01
-27.71 -0.08
-27.75 -0.19
-27.79 -0.29
-27.83 -0.38
-27.88 -0.46
-27.93 -0.52
-27.98 -0.56
-28.04 -0.59
-28.12 -0.62
-28.21 -0.64
-28.32 -0.65
-28.43 -0.66
-28.56 -0.66
-28.70 -0.65
-28.85 -0.63
-28.99 -0.61
-29.18 -0.58
-29.39 -0.55
-29.61 -0.52
-29.91 -0.48
-30.31 -0.42
-30.82 -0.34
-31.47 -0.24
-32.25 -0.13
-33.28 0.03
-34.23 0.17
-35.02 0.28
-35.64 0.36
-36.06 0.41
-36.38 0.44
-36.58 0.46
-36.69 0.47
-36.74 0.46
-36.73 0.45
-36.65 0.43
-36.51 0.40
-36.29 0.36
-36.00 0.31
-35.64 0.26
-35.16 0.19
-34.56 0.10
-33.87 -0.01
-33.02 -0.13
-32.23 -0.25
-31.63 -0.33
-31.16 -0.39
-30.78 -0.44
-30.48 -0.47
-30.28 -0.49
-30.14 -0.49
-30.06 -0.49
-30.05 -0.49
-30.07 -0.48
-30.14 -0.46
-30.24 -0.44
-30.38 -0.42
-30.56 -0.39
-30.79 -0.35
-31.07 -0.30
-31.37 -0.25
-31.72 -0.20
-32.11 -0.14
-32.56 -0.07
-33.06 0.01
-33.50 0.08
-33.77 0.11
-33.96 0.14
-34.00 0.15
-33.95 0.14
-33.74 0.11
-33.43 0.06
-32.99 -0.00
-32.51 -0.08
-32.11 -0.13
-31.75 -0.18
-31.45 -0.21
-31.22 -0.24
-31.04 -0.25
-30.91 -0.26
-30.83 -0.27
-30.79 -0.27
-30.79 -0.26
-30.84 -0.25
-30.90 -0.24
-30.99 -0.21
-31.09 -0.19
-31.22 -0.16
-31.35 -0.12
-31.50 -0.08
-31.66 -0.04
-31.84 0.01
-31.97 0.05
-32.03 0.07
-32.04 0.08
-31.96 0.07
-31.82 0.05
-31.62 0.02
-31.38 -0.00
-31.15 -0.02
-30.93 -0.02
-30.75 -0.00
-30.61 0.03
-30.48 0.07
-30.34 0.10
-30.22 0.12
-30.07 0.13
-29.92 0.13
-29.78 0.13
-29.64 0.14
-29.52 0.15
-29.37 0.16
-29.22 0.18
-29.05 0.21
-28.87 0.23
-28.87 0.29
-28.67 0.31
-28.48 0.32
-28.27 0.33
-28.05 0.34
-27.79 0.34
-27.44 0.32
-26.99 0.28
-26.37 0.22
-25.45 0.11
-24.11 -0.06
-22.57 -0.25
-21.23 -0.42
-20.27 -0.51
-19.54 -0.58
-19.07 -0.60
-18.72 -0.60
-18.45 -0.60
-18.35 -0.56
-18.18 -0.53
-18.03 -0.51
-17.93 -0.52
-17.85 -0.49
-17.80 -0.44
-17.79 -0.39
-17.80 -0.34
-17.83 -0.28
-17.89 -0.20
-17.96 -0.13
-18.04 -0.04
-18.12 0.05
-18.21 0.14
-18.31 0.23
-18.35 0.30
-18.39 0.37
-18.38 0.43
-18.35 0.48
-18.31 0.52
-18.24 0.56
-18.15 0.60
-18.03 0.63
-17.90 0.66
-17.77 0.68
-17.62 0.69
-17.43 0.69
-17.26 0.69
-17.04 0.69
-16.76 0.67
-16.39 0.63
-15.93 0.58
-15.35 0.51
-14.53 0.40
-13.32 0.24
-11.91 0.04
-10.68 -0.14
-9.77 -0.26
-9.11 -0.35
-8.67 -0.39
-8.34 -0.41
-8.10 -0.42
-7.89 -0.42
-7.94 -0.38
-7.80 -0.37
-7.69 -0.34
-7.59 -0.31
-7.54 -0.27
-7.50 -0.23
-7.48 -0.18
-7.48 -0.13
-7.50 -0.07
-7.54 -0.01
-7.57 -0.00
-7.62 0.06
-7.67 0.14
-7.73 0.23
-7.74 0.29
-7.77 0.36
-7.77 0.42
-7.76 0.47
-7.72 0.51
-7.70 0.56
-7.65 0.60
-7.59 0.64
-7.53 0.68
-7.46 0.72
-7.36 0.75
-7.27 0.79
-7.17 0.82
-7.06 0.84
-6.93 0.87
-6.75 0.88
-6.52 0.89
-6.26 0.89
-5.88 0.88
-5.39 0.86
-4.81 0.82
-3.93 0.73
-2.77 0.61
-1.52 0.47
-0.29 0.33
0.65 0.23
1.34 0.17
1.91 0.13
2.36 0.11
2.36 0.16
2.73 0.14
3.07 0.13
3.41 0.12
3.81 0.09
4.32 0.05
4.93 -0.00
5.78 -0.09
6.83 -0.21
8.20 -0.37
9.51 -0.51
10.33 -0.59
10.97 -0.68
11.42 -0.69
11.69 -0.68
11.87 -0.65
11.97 -0.60
11.98 -0.54
11.94 -0.45
11.86 -0.36
11.71 -0.24
11.49 -0.11
11.18 0.04
10.80 0.20
10.41 0.35
9.98 0.51
9.59 0.66
9.22 0.80
8.94 0.91
8.75 1.00
8.73 1.06
8.82 1.09
9.05 1.10
9.36 1.09
9.72 1.06
10.11 1.03
10.51 1.01
10.95 0.97
11.35 0.95
11.69 0.94
11.98 0.93
12.24 0.92
12.48 0.92
12.71 0.92
12.84 0.93
13.06 0.93
13.29 0.93
13.53 0.93
13.79 0.92
14.08 0.91
14.46 0.87
15.01 0.83
15.76 0.76
16.79 0.66
18.23 0.49
19.82 0.31
21.10 0.17
22.00 0.10
22.64 0.07
23.12 0.08
22.77 0.21
23.15 0.23
23.50 0.26
23.83 0.30
24.21 0.32
24.68 0.32
25.34 0.30
26.16 0.25
27.31 0.16
28.71 0.04
30.21 -0.11
31.18 -0.18
31.86 -0.21
32.30 -0.20
32.60 -0.18
32.80 -0.15
32.96 -0.11
33.09 -0.07
33.18 -0.04
33.25 0.01
33.29 0.06
34.36 -0.05
34.40 -0.40
34.42 -1.19
34.40 -1.14
34.35 -1.07
34.16 -0.98
34.04 -0.90
33.87 -0.82
33.64 -0.71
33.37 -0.59
32.95 -0.46
32.37 -0.29
31.51 -0.09
30.29 0.17
28.74 0.47
27.46 0.73
26.61 0.91
26.00 1.04
25.53 1.14
25.19 1.22
24.95 1.28
24.77 1.32
24.62 1.35
24.51 1.38
24.42 1.40
24.36 1.41
24.33 1.42
24.31 1.42
24.34 1.42
24.37 1.41
24.42 1.40
24.50 1.38
24.58 1.36
24.67 1.34
24.80 1.31
24.95 1.28
25.12 1.24
25.36 1.20
25.67 1.15
26.03 1.09
26.49 1.02
27.09 0.92
27.91 0.79
28.90 0.64
30.03 0.47
31.09 0.31
31.88 0.20
32.54 0.10
33.06 0.04
33.43 -0.01
33.71 -0.04
33.94 -0.06
34.12 -0.06
33.94 -0.01
34.06 -0.01
34.16 -0.00
34.22 0.00
34.24 0.01
34.28 0.02
34.30 0.02
34.30 0.02
34.31 0.02
34.31 0.02
34.31 0.02
34.31 0.02
34.31 0.02
34.31 0.02
34.30 0.02
34.31 0.02
34.30 0.02
34.30 0.02
34.30 0.02
34.31 0.01
34.30 0.00
34.30 -0.00
34.31 -0.01
34.30 -0.02
34.27 -0.02
34.23 -0.01
34.17 -0.00
34.12 0.00
34.04 0.01
33.97 0.01
34.34 -0.06
34.29 -0.08
34.23 -0.08
34.15 -0.08
34.07 -0.07
33.97 -0.06
33.85 -0.05
33.71 -0.04
33.55 -0.02
33.33 0.01
33.05 0.04
32.69 0.09
32.29 0.13
31.85 0.18
31.39 0.22
30.90 0.27
30.37 0.33
29.87 0.37
29.47 0.40
29.19 0.41
28.97 0.40
28.82 0.39
28.73 0.36
28.70 0.33
28.71 0.29
28.77 0.25
28.85 0.20
28.94 0.15
29.05 0.10
29.19 0.05
29.32 -0.00
29.46 -0.05
29.56 -0.09
29.56 -0.10
29.51 -0.10
29.38 -0.09
29.21 -0.07
28.98 -0.05
28.70 -0.01
28.35 0.03
27.94 0.08
27.57 0.13
27.26 0.16
27.00 0.19
26.77 0.20
26.56 0.22
26.39 0.22
26.25 0.22
26.15 0.21
26.06 0.19
26.00 0.17
25.96 0.15
25.94 0.12
25.94 0.10
25.95 0.07
25.96 0.04
26.00 1.25
26.03 1.23
26.10 1.19
26.21 1.14
26.36 1.08
26.55 1.01
26.79 0.93
27.08 0.84
27.42 0.74
27.83 0.63
28.28 0.52
28.76 0.39
29.30 0.25
29.89 0.11
30.51 -0.05
31.01 -0.19
31.36 -0.30
31.59 -0.38
31.72 -0.44
31.73 -0.47
31.64 -0.49
31.46 -0.49
31.14 -0.48
30.70 -0.46
30.03 -0.40
29.23 -0.33
28.47 -0.27
27.68 -0.19
26.99 -0.14
26.40 -0.11
25.89 -0.09
25.45 -0.08
25.06 -0.08
24.72 -0.09
24.38 -0.10
24.00 -0.11
22.97 -0.02
22.45 -0.01
21.75 0.03
20.70 0.13
19.13 0.30
17.36 0.50
15.92 0.63
14.98 0.70
14.34 0.72
13.88 0.72
13.55 0.70
13.31 0.67
13.12 0.63
12.91 0.60
12.74 0.56
12.58 0.51
12.44 0.45
12.99 0.28
12.88 0.20
12.78 0.12
12.71 0.03
12.66 -0.07
12.64 -0.17
12.60 -0.26
12.54 -0.33
12.45 -0.39
12.35 -0.43
12.20 -0.46
12.00 -0.47
11.70 -0.47
11.29 -0.44
10.73 -0.39
10.08 -0.31
9.10 -0.19
7.92 -0.03
6.92 0.10
6.00 0.23
5.35 0.30
4.89 0.35
4.49 0.39
4.19 0.41
3.96 0.41
3.78 0.41
3.63 0.41
3.50 0.39
3.40 0.44
3.29 0.41
3.20 0.38
3.13 0.34
3.06 0.30
3.01 0.25
2.99 0.19
2.97 0.12
2.97 0.05
2.98 -0.04
3.00 -0.13
3.00 -0.22
2.98 -0.29
2.96 -0.37
2.91 -0.44
2.85 -0.51
2.76 -0.57
2.67 -0.65
2.53 -0.73
2.50 -0.82
2.31 -0.89
2.07 -0.93
1.79 -0.95
1.40 -0.95
0.85 -0.92
0.14 -0.87
-0.95 -0.75
-2.38 -0.59
-3.70 -0.43
-4.90 -0.29
-5.67 -0.22
-6.30 -0.16
-6.76 -0.13
-7.12 -0.08
-7.46 -0.07
-7.78 -0.07
-7.78 -0.11
-8.23 -0.09
-8.76 -0.05
-9.64 0.04
-10.91 0.20
-12.64 0.42
-14.28 0.62
-15.31 0.73
-15.99 0.78
-16.50 0.79
-16.86 0.78
-17.11 0.73
-17.30 0.67
-17.48 0.60
-17.63 0.52
-17.74 0.44
-17.82 0.34
-17.90 0.25
-17.94 0.15
-17.95 0.04
-17.94 -0.06
-17.92 -0.15
-17.90 -0.23
-17.90 -0.28
-17.92 -0.33
-17.94 -0.37
-17.97 -0.41
-18.02 -0.45
-18.09 -0.47
-18.16 -0.50
-18.25 -0.50
-18.41 -0.50
-18.45 -0.51
-18.58 -0.51
-18.73 -0.50
-18.91 -0.50
-19.11 -0.48
-19.37 -0.46
-19.69 -0.43
-20.08 -0.39
-20.59 -0.33
-21.20 -0.26
-22.00 -0.16
-22.94 -0.04
-23.80 0.07
-24.57 0.16
-25.17 0.22
-25.68 0.26
-26.01 0.27
-26.27 0.26
-26.45 0.24
-26.58 0.21
-26.64 0.17
-26.66 0.12
-26.62 0.06
-26.55 0.00
-26.46 -0.06
-26.36 -0.12
-26.28 -0.16
-26.22 -0.19
-26.19 -0.20
-26.20 -0.20
-26.23 -0.19
-26.30 -0.18
-26.37 -0.18
-26.47 -0.17
-26.57 -0.17
-26.67 -0.16
-26.77 -0.16
-26.89 -0.15
-26.99 -0.14
-27.10 -0.13
-27.20 -0.12
-27.29 -0.12
-27.38 -0.11
-27.48 -0.11
-27.55 -0.12
-27.61 -0.13
-27.68 -0.15
-27.74 -0.16
-27.79 -0.18
-27.83 -0.19
-27.88 -0.20
-27.93 -0.21
-27.96 -0.22
-28.02 -0.23
-28.05 -0.23
-28.11 -0.24
-28.18 -0.24
-28.25 -0.24
-28.33 -0.23
-28.41 -0.22
-28.49 -0.21
-28.59 -0.20
-28.69 -0.18
-28.79 -0.17
-28.89 -0.15
-29.08 -0.12
-29.19 -0.11
-29.30 -0.09
-29.40 -0.08
-29.49 -0.06
-29.58 -0.05
-29.69 -0.03
-29.78 -0.02
-29.90 -0.00
-30.02 0.02
-30.16 0.04
-30.29 0.04
-30.40 0.05
-30.47 0.04
-30.51 0.03
-30.49 0.02
-30.46 -0.00
-30.41 -0.01
-30.38 -0.01
-30.37 -0.01
-30.37 -0.01
-30.38 -0.00
-30.40 0.00
-30.41 0.00
-30.41 -0.00
-30.40 -0.01
-30.40 -0.00
-30.41 -0.01
-30.43 -0.00
-30.45 0.00
-30.46 0.00
-30.46 -0.00
-30.44 -0.01
-30.44 -0.00
-30.45 -0.00
-30.45 -0.00
-30.47 0.00
-30.48 0.00
-30.47 -0.00
-30.44 -0.01
-30.44 -0.00
-30.44 -0.00
-30.45 0.00
-30.46 0.00
-30.45 -0.00
-30.43 -0.00
-30.43 -0.00
-30.44 0.00
-30.45 0.01
-30.43 0.01
-30.40 0.00
-30.37 -0.00
-30.31 -0.01
-30.29 -0.01
-30.28 -0.01
-30.30 0.00
-30.31 0.01
-30.31 0.00
-30.30 0.00
-30.28 -0.00
-30.25 -0.01
-30.24 -0.00
-30.25 0.00
-30.28 0.01
-30.28 0.00
-30.26 0.00
-30.24 -0.00
-30.22 -0.00
-30.22 -0.00
-30.23 0.00
-30.25 0.01
-30.25 0.01
-30.24 0.01
-30.22 0.00
-30.19 -0.00
-30.16 -0.01
-30.16 0.00
-30.17 0.01
-30.17 0.01
-30.16 0.02
-30.14 0.02
-30.11 0.01
-30.08 0.00
-30.05 0.00
-30.01 -0.00
-29.96 -0.01
-29.95 0.01
-29.96 0.03
-29.95 0.06
-29.94 0.09
-29.92 0.10
-29.90 0.11
-29.86 0.13
-29.81 0.13
-29.76 0.14
-29.68 0.16
-29.60 0.18
-29.50 0.19
-29.38 0.21
-29.24 0.23
-29.08 0.24
-28.90 0.25
-28.72 0.26
-28.55 0.26
-28.36 0.26
-28.14 0.25
-27.93 0.24
-27.65 0.21
-27.26 0.17
-26.76 0.12
-26.09 0.04
-25.17 -0.08
-23.84 -0.25
-22.44 -0.43
-21.27 -0.56
-20.44 -0.64
-19.83 -0.68
-19.38 -0.70
-19.09 -0.69
-18.88 -0.67
-18.71 -0.66
-18.58 -0.64
-18.49 -0.62
-18.45 -0.59
-18.41 -0.56
-18.42 -0.52
-18.45 -0.48
-18.49 -0.47
-18.54 -0.43
-18.62 -0.39
-18.70 -0.35
-18.79 -0.30
-18.91 -0.26
-19.02 -0.21
-19.16 -0.17
-19.32 -0.11
-19.53 -0.05
-19.77 0.02
-20.05 0.10
-20.30 0.17
-20.53 0.24
-20.71 0.30
-20.83 0.34
-20.86 0.36
-20.83 0.37
-20.73 0.37
-20.56 0.36
-20.37 0.34
-20.14 0.33
-19.87 0.31
-19.64 0.30
-19.40 0.29
-19.17 0.28
-18.95 0.28
-18.73 0.28
-18.50 0.28
-18.36 0.30
-18.13 0.30
-17.90 0.31
-17.66 0.31
-17.41 0.32
-17.12 0.33
-16.80 0.33
-16.38 0.33
-15.85 0.31
-15.09 0.25
-14.06 0.15
-12.71 -0.00
-11.23 -0.17
-10.20 -0.28
-9.43 -0.35
-8.90 -0.38
-8.54 -0.39
-8.27 -0.38
-8.07 -0.36
-7.89 -0.33
-7.97 -0.26
-7.87 -0.23
-7.77 -0.20
-7.70 -0.16
-7.65 -0.12
-7.62 -0.08
-7.61 -0.04
-7.61 0.01
-7.63 0.03
-7.63 0.08
-7.63 0.13
-7.62 0.19
-7.61 0.24
-7.59 0.29
-7.56 0.34
-7.54 0.39
-7.49 0.44
-7.46 0.49
-7.40 0.54
-7.35 0.59
-7.29 0.64
-7.23 0.70
-7.15 0.74
-7.06 0.79
-6.96 0.83
-6.83 0.87
-6.67 0.90
-6.47 0.94
-6.19 0.96
-5.83 0.98
-5.39 0.98
-4.78 0.95
-3.94 0.88
-2.89 0.77
-1.60 0.62
-0.37 0.47
0.53 0.38
1.30 0.30
1.86 0.26
2.30 0.23
2.30 0.27
2.65 0.25
2.99 0.23
3.36 0.21
3.76 0.18
4.27 0.14
4.96 0.07
5.89 -0.03
7.18 -0.19
8.76 -0.39
9.96 -0.53
10.82 -0.66
11.44 -0.70
11.80 -0.71
12.06 -0.71
12.23 -0.68
12.35 -0.66
12.40 -0.61
12.44 -0.56
12.44 -0.50
12.41 -0.44
12.38 -0.37
12.31 -0.29
12.22 -0.21
12.09 -0.11
11.93 -0.01
11.70 0.09
11.42 0.20
11.10 0.32
10.77 0.43
10.43 0.54
10.11 0.63
9.85 0.71
9.66 0.78
9.55 0.83
9.52 0.87
9.58 0.89
9.71 0.90
9.90 0.90
10.16 0.89
10.43 0.88
10.73 0.86
11.04 0.83
11.34 0.82
11.64 0.80
11.87 0.79
12.09 0.78
12.29 0.78
12.47 0.78
12.68 0.78
12.89 0.78
13.08 0.78
13.27 0.77
13.47 0.76
13.68 0.76
13.91 0.75
14.19 0.73
14.53 0.70
14.97 0.66
15.57 0.59
16.37 0.49
17.47 0.35
18.77 0.18
20.10 0.02
21.12 -0.13
21.93 -0.22
22.46 -0.25
22.83 -0.24
23.12 -0.20
23.32 -0.15
23.37 -0.06
23.51 0.01
23.60 0.09
23.69 0.15
23.80 0.19
23.88 0.22
23.97 0.24
24.05 0.27
24.13 0.30
24.21 0.33
24.28 0.37
24.33 0.42
24.38 0.48
24.43 0.54
24.48 0.61
24.53 0.66
24.58 0.72
24.64 0.77
24.71 0.81
24.79 0.83
24.90 0.84
25.04 0.84
25.20 0.84
25.41 0.83
25.64 0.82
25.93 0.80
26.27 0.77
26.66 0.73
27.14 0.68
27.72 0.61
28.38 0.53
29.12 0.43
29.95 0.32
30.70 0.22
31.29 0.15
31.81 0.08
32.26 0.03
32.62 -0.01
32.90 -0.03
33.08 -0.04
33.20 -0.03
33.25 -0.01
33.28 0.02
33.25 0.06
33.23 0.10
33.21 0.13
33.17 0.15
33.14 0.17
33.09 0.19
33.05 0.24
33.01 0.26
32.95 0.28
32.91 0.30
32.86 0.33
32.80 0.36
32.76 0.38
32.72 0.41
32.69 0.43
32.65 0.45
32.64 0.47
32.63 0.49
32.64 0.50
32.64 0.52
32.65 0.53
32.65 0.55
32.67 0.57
32.68 0.58
32.68 0.60
32.69 0.62
32.69 0.63
32.70 0.65
32.71 0.66
32.71 0.67
32.72 0.67
32.73 0.67
32.73 0.68
32.73 0.68
32.75 0.68
32.75 0.68
32.75 0.68
32.75 0.68
32.75 0.68
32.75 0.69
32.75 0.69
32.75 0.69
32.75 0.69
32.75 0.69
32.75 0.69
32.75 0.69
32.76 0.69
32.76 0.69
32.76 0.69
32.75 0.70
32.75 0.70
32.75 0.70
32.76 0.70
32.76 0.70
32.76 0.71
32.76 0.71
32.76 0.71
32.76 0.72
32.76 0.73
32.76 0.74
32.76 0.75
32.76 0.76
32.76 0.77
32.76 0.78
32.77 0.79
32.77 0.81
32.77 0.82
32.77 0.83
32.78 0.84
32.78 0.85
32.79 0.87
32.80 0.87
32.80 0.88
32.81 0.89
32.83 0.90
32.84 0.90
32.85 0.90
32.86 0.90
32.87 0.90
32.88 0.89
32.90 0.89
32.91 0.89
32.92 0.89
32.92 0.89
32.93 0.88
32.94 0.88
32.94 0.88
32.94 0.88
32.95 0.87
32.95 0.87
32.95 0.86
32.95 0.85
32.95 0.85
32.95 0.84
32.95 0.83
32.95 0.82
32.95 0.81
32.95 0.79
32.95 0.78
32.95 0.76
32.95 0.74
32.95 0.72
32.95 0.70
32.95 0.68
32.95 0.66
32.95 0.63
32.95 0.61
32.95 0.59
32.95 0.56
32.95 0.54
32.95 0.52
32.95 0.49
32.95 0.46
32.95 0.42
32.94 0.40
32.94 0.36
32.94 0.32
32.93 0.30
32.93 0.27
32.92 0.23
32.91 0.21
32.90 0.19
32.88 0.17
32.86 0.15
32.84 0.13
32.81 0.11
32.78 0.09
32.76 0.07
32.72 0.04
32.69 0.02
32.65 -0.00
32.60 -0.03
32.52 -0.05
32.37 -0.06
32.17 -0.06
31.89 -0.04
31.54 -0.01
31.10 0.03
30.59 0.08
29.97 0.13
29.35 0.17
28.84 0.19
28.38 0.18
27.99 0.15
27.63 0.12
27.32 0.08
27.04 0.03
26.79 -0.02
26.55 -0.08
26.30 -0.13
26.03 -0.18
25.75 -0.22
25.47 -0.24
25.19 -0.26
24.92 -0.29
24.66 -0.31
24.42 -0.34
24.15 -0.36
23.86 -0.38
23.55 -0.39
22.93 -0.35
22.46 -0.34
21.78 -0.29
20.74 -0.19
19.22 -0.02
17.32 0.22
15.73 0.41
14.76 0.51
14.11 0.56
13.62 0.57
13.29 0.56
13.01 0.54
12.74 0.51
13.04 0.39
12.12 0.43
11.84 0.38
11.54 0.33
11.21 0.28
10.79 0.25
10.31 0.22
9.80 0.18
9.28 0.16
8.74 0.14
8.16 0.14
7.66 0.13
7.29 0.11
6.99 0.09
6.77 0.05
6.61 0.01
6.47 -0.03
6.34 -0.01
6.15 -0.04
5.96 -0.07
5.72 -0.07
5.43 -0.07
5.17 -0.08
4.86 -0.08
4.56 -0.09
4.28 -0.11
3.99 -0.13
3.74 -0.17
3.48 -0.22
3.25 -0.28
3.04 -0.34
2.83 -0.41
2.61 -0.48
2.37 -0.55
2.10 -0.63
1.81 -0.70
2.29 -0.88
1.84 -0.92
1.25 -0.93
0.34 -0.87
-0.99 -0.74
-2.78 -0.54
-4.39 -0.35
-5.53 -0.23
-6.29 -0.16
-6.81 -0.13
-7.25 -0.07
-7.61 -0.07
-8.02 -0.05
-8.02 -0.10
-8.62 -0.06
-9.67 0.05
-11.21 0.25
-13.19 0.51
-14.90 0.73
-15.81 0.82
-16.43 0.88
-16.89 0.90
-17.22 0.90
-17.51 0.88
-17.77 0.84
-17.98 0.80
-18.18 0.75
-18.51 0.73
-18.63 0.67
-18.71 0.61
-18.72 0.53
-18.71 0.45
-18.64 0.36
-18.55 0.27
-18.43 0.18
-18.48 0.11
-18.33 0.03
-18.18 -0.05
-18.02 -0.13
-17.88 -0.19
-17.77 -0.24
-17.67 -0.28
-17.62 -0.31
-17.58 -0.33
-17.59 -0.34
-17.62 -0.35
-17.66 -0.35
-17.73 -0.36
-17.82 -0.36
-17.94 -0.36
-18.07 -0.36
-18.21 -0.36
-18.36 -0.36
-18.54 -0.36
-18.47 -0.39
-18.70 -0.38
-18.94 -0.37
-19.23 -0.34
-19.59 -0.32
-20.06 -0.27
-20.68 -0.19
-21.41 -0.10
-22.34 0.02
-23.28 0.14
-24.03 0.23
-24.78 0.31
-25.28 0.35
-25.63 0.37
-25.91 0.36
-26.09 0.33
-26.22 0.29
-26.28 0.23
-26.29 0.16
-26.26 0.08
-26.20 -0.01
-26.12 -0.10
-26.08 -0.18
-26.06 -0.24
-26.07 -0.27
-26.11 -0.28
-26.17 -0.28
-26.27 -0.26
-26.38 -0.25
-26.51 -0.22
-26.64 -0.21
-26.76 -0.19
-26.89 -0.17
-27.03 -0.14
-27.14 -0.13
-27.28 -0.11
-27.40 -0.10
-27.50 -0.09
-27.59 -0.09
-27.67 -0.09
-27.74 -0.10
-27.82 -0.12
-27.88 -0.14
-27.94 -0.16
-27.98 -0.18
-28.04 -0.21
-28.11 -0.23
-28.18 -0.25
-28.25 -0.27
-28.34 -0.27
-28.43 -0.27
-28.52 -0.25
-28.63 -0.24
-28.73 -0.23
-28.85 -0.21
-28.39 -0.28
-27.40 -0.43
-27.52 -0.41
-27.65 -0.39
-27.79 -0.36
-27.93 -0.34
-28.11 -0.30
-28.32 -0.26
-28.58 -0.21
-28.92 -0.15
-29.31 -0.09
-29.80 -0.01
-30.32 0.08
-30.86 0.16
-31.37 0.23
-31.84 0.29
-32.08 0.31
-32.19 0.30
-32.12 0.27
-31.91 0.22
-31.55 0.15
-31.09 0.06
-30.60 -0.02
-30.15 -0.10
-29.76 -0.15
-29.40 -0.19
-29.14 -0.22
-28.92 -0.23
-28.75 -0.24
-28.65 -0.24
-28.59 -0.23
-28.58 -0.22
-28.61 -0.21
-28.65 -0.19
-28.73 -0.17
-28.82 -0.16
-28.95 -0.14
-29.09 -0.12
-29.26 -0.09
-29.45 -0.06
-29.64 -0.03
-29.84 -0.00
-30.05 0.03
-30.22 0.05
-30.32 0.06
-30.38 0.05
-30.33 0.02
-30.23 -0.02
-30.09 -0.07
-29.96 -0.09
-29.84 -0.12
-29.77 -0.12
-29.72 -0.11
-29.70 -0.11
-29.71 -0.09
-29.73 -0.08
-29.76 -0.07
-29.79 -0.07
-29.83 -0.06
-29.87 -0.06
-29.91 -0.05
-29.95 -0.04
-30.00 -0.04
-30.03 -0.03
-30.07 -0.03
-30.10 -0.02
-30.11 -0.02
-30.13 -0.02
-30.14 -0.01
-30.14 -0.01
-30.14 -0.01
-30.14 -0.01
-30.14 -0.01
-30.14 -0.01
-30.14 -0.01
-30.14 -0.02
-30.14 -0.01
-30.14 -0.02
-30.14 -0.02
-30.14 -0.02
-30.14 -0.02
-30.14 -0.02
-30.14 -0.02
-30.14 -0.02
-30.14 -0.02
-30.14 -0.02
-30.14 -0.02
-30.14 -0.02
-30.14 -0.02
-30.14 -0.02
-30.14 -0.02
-30.14 -0.02
-30.14 -0.02
-30.14 -0.02
-30.14 -0.02
-30.14 -0.02
-30.14 -0.02
-30.14 -0.02
-30.14 -0.02
-30.14 -0.02
-30.14 -0.02
-30.14 -0.02
-30.14 -0.02
-30.14 -0.02
-30.14 -0.02
-30.14 -0.02
-30.14 -0.02
-30.14 -0.02
-30.14 -0.02
-30.14 -0.02
-30.14 -0.02
-30.14 -0.01
-30.14 -0.01
-30.14 -0.01
-30.14 0.00
-30.11 0.01
-30.06 -0.00
-29.99 -0.01
-29.91 -0.02
-29.84 -0.03
-29.80 -0.02
-29.79 -0.01
-29.79 0.01
-29.78 0.02
-29.73 0.03
-29.65 0.03
-29.53 0.01
-29.38 -0.01
-29.22 -0.03
-29.08 -0.04
-28.96 -0.04
-28.89 -0.02
-28.85 0.02
-28.84 0.07
-28.81 0.12
-28.75 0.16
-28.69 0.21
-28.61 0.24
-28.51 0.27
-28.40 0.29
-28.28 0.31
-28.17 0.32
-28.05 0.33
-27.91 0.33
-27.78 0.33
-27.61 0.33
-27.45 0.33
-28.94 0.57
-28.75 0.56
-28.56 0.56
-28.34 0.55
-28.11 0.54
-27.87 0.52
-27.55 0.50
-27.07 0.45
-26.46 0.38
-25.61 0.27
-24.26 0.09
-22.48 -0.16
-20.98 -0.36
-19.95 -0.49
-19.24 -0.57
-18.76 -0.60
-18.35 -0.62
-18.15 -0.59
-17.89 -0.57
-17.70 -0.53
-17.51 -0.50
-17.37 -0.46
-17.28 -0.41
-17.21 -0.36
-17.17 -0.30
-17.16 -0.23
-17.16 -0.16
-17.18 -0.08
-17.21 0.00
-17.26 0.09
-17.29 0.17
-17.32 0.23
-17.33 0.28
-17.33 0.32
-17.32 0.34
-17.29 0.36
-17.27 0.37
-17.24 0.39
-17.18 0.39
-17.11 0.40
-17.02 0.40
-16.90 0.39
-16.75 0.38
-16.54 0.35
-16.29 0.32
-15.98 0.27
-15.62 0.23
-15.13 0.15
-14.53 0.07
-13.76 -0.05
-12.89 -0.17
-11.96 -0.30
-11.13 -0.40
-10.57 -0.46
-10.15 -0.48
-9.83 -0.49
-9.61 -0.48
-9.47 -0.46
-9.41 -0.42
-9.41 -0.38
-9.47 -0.34
-9.59 -0.29
-9.75 -0.23
-9.96 -0.18
-10.21 -0.12
-10.52 -0.05
-10.87 0.03
-11.25 0.11
-11.61 0.19
-11.97 0.26
-12.16 0.31
-12.25 0.34
-12.19 0.34
-12.04 0.32
-11.76 0.28
-11.42 0.23
-11.05 0.18
-10.68 0.13
-10.31 0.07
-9.96 0.02
-9.61 -0.03
-9.30 -0.07
-9.07 -0.10
-8.91 -0.11
-8.80 -0.11
-8.75 -0.09
-8.72 -0.07
-8.75 -0.03
-8.78 0.00
-8.87 0.05
-8.94 0.08
-9.01 0.11
-9.08 0.14
-9.13 0.15
-9.15 0.15
-9.16 0.15
-9.16 0.15
-9.14 0.15
-9.11 0.15
-9.08 0.14
-9.05 0.13
-9.01 0.13
-8.98 0.13
-8.93 0.12
-8.90 0.12
-8.86 0.11
-8.83 0.11
-8.79 0.11
-8.77 0.11
-8.75 0.11
-8.72 0.10
-8.71 0.11
-8.69 0.11
-8.68 0.11
-8.67 0.11
-8.65 0.11
-8.65 0.11
-8.64 0.11
-8.63 0.11
-8.62 0.11
-8.61 0.11
-8.60 0.11
-8.60 0.11
-8.58 0.12
-8.57 0.12
-8.56 0.12
-8.55 0.12
-8.53 0.13
-8.52 0.13
-8.49 0.14
-8.46 0.15
-8.42 0.16
-8.39 0.11
-8.34 0.12
-8.30 0.14
-8.23 0.16
-8.15 0.18
-8.07 0.21
-7.95 0.24
-7.84 0.27
-8.01 0.35
-7.89 0.38
-7.76 0.41
-7.61 0.44
-7.47 0.47
-7.32 0.49
-7.16 0.51
-6.97 0.52
-6.75 0.53
-6.50 0.53
-6.14 0.52
-5.69 0.49
-5.11 0.44
-4.36 0.36
-3.29 0.23
-2.00 0.07
-0.71 -0.09
0.23 -0.19
0.98 -0.25
1.49 -0.25
1.86 -0.23
2.16 -0.17
2.38 -0.12
2.58 -0.05
2.58 0.02
2.70 0.06
2.84 0.07
2.97 0.08
3.11 0.07
3.25 0.06
3.36 0.05
3.49 0.03
3.63 0.02
3.74 0.01
3.89 -0.00
4.05 -0.02
4.21 -0.03
4.36 -0.04
4.50 -0.04
4.62 -0.04
4.71 -0.04
4.75 -0.04
4.78 -0.04
4.77 -0.03
4.73 -0.02
4.66 -0.01
4.59 0.00
4.50 0.02
4.42 0.03
4.36 0.03
4.32 0.03
4.31 0.02
4.31 0.01
4.32 0.00
4.34 -0.01
4.37 -0.03
4.39 -0.04
4.39 -0.04
4.37 -0.04
4.34 -0.03
4.31 -0.03
4.26 -0.02
4.20 -0.02
4.14 -0.01
4.09 -0.01
4.02 -0.00
3.96 0.00
3.89 0.01
3.84 0.02
3.82 0.02
3.81 0.01
3.81 0.01
3.83 0.00
3.86 -0.00
3.90 -0.01
3.94 -0.01
3.96 -0.01
3.97 -0.00
3.98 0.00
3.98 0.01
3.99 0.01
4.02 0.00
4.06 -0.01
4.11 -0.02
4.16 -0.03
4.18 -0.04
4.19 -0.03
4.19 -0.03
4.18 -0.02
4.14 -0.01
4.12 -0.01
4.09 0.00
4.05 0.01
4.03 0.01
4.04 0.00
4.05 -0.00
4.09 -0.01
4.10 -0.01
4.11 -0.01
4.11 -0.01
4.10 -0.00
4.09 -0.00
4.07 0.00
4.05 0.00
4.05 0.00
4.07 -0.01
4.10 -0.01
4.11 -0.02
4.11 -0.02
4.11 -0.02
4.10 -0.01
4.07 -0.01
4.06 -0.01
4.04 -0.00
4.02 0.00
3.99 0.00
3.99 0.00
4.01 -0.00
4.03 -0.01
4.05 -0.01
4.07 -0.01
4.07 -0.01
4.07 -0.01
4.07 -0.00
4.05 0.01
4.05 0.01
4.05 0.01
4.06 0.00
4.10 -0.01
4.14 -0.03
4.17 -0.03
4.18 -0.03
4.18 -0.03
4.17 -0.02
4.14 -0.01
4.12 -0.01
4.10 -0.00
4.06 0.00
4.03 0.01
4.02 0.01
4.02 0.00
4.04 -0.01
4.06 -0.02
4.09 -0.03
4.10 -0.03
4.10 -0.02
4.09 -0.01
4.07 -0.01
4.06 -0.00
4.04 -0.00
4.02 0.00
3.99 0.00
3.99 0.00
4.01 -0.01
4.03 -0.02
4.05 -0.03
4.05 -0.03
4.05 -0.03
4.04 -0.02
4.03 -0.01
4.02 -0.01
4.01 -0.00
3.98 -0.00
3.96 -0.00
3.94 0.00
3.94 0.00
3.94 -0.00
3.96 -0.01
3.98 -0.02
3.98 -0.02
3.98 -0.02
3.97 -0.02
3.96 -0.01
3.95 -0.01
3.94 -0.01
3.92 -0.01
3.90 -0.01
3.89 -0.01
3.87 -0.00
3.86 -0.00
3.83 0.00
3.81 0.00
3.80 -0.00
3.81 -0.01
3.81 -0.02
3.80 -0.02
3.79 -0.02
3.78 -0.02
3.76 -0.02
3.73 -0.01
3.71 -0.01
3.66 -0.00
3.61 0.00
3.56 0.01
3.50 0.01
3.45 0.00
3.41 -0.00
3.37 -0.02
3.31 -0.02
3.25 -0.01
3.15 0.00
3.05 0.02
2.96 0.04
2.87 0.04
2.78 0.05
2.73 0.04
2.68 0.03
2.65 0.02
2.63 0.01
2.62 0.00
2.63 -0.00
2.65 -0.01
2.66 -0.01
2.65 -0.01
2.63 -0.00
2.60 0.00
2.58 0.00
2.55 -0.00
2.57 -0.02
2.54 -0.03
2.53 -0.05
2.50 -0.05
2.46 -0.06
2.43 -0.05
2.53 -0.07
2.47 -0.07
2.40 -0.06
2.32 -0.06
2.24 -0.06
2.15 -0.05
2.06 -0.05
1.94 -0.04
1.83 -0.02
1.68 -0.00
1.51 0.02
1.29 0.05
1.07 0.08
0.84 0.10
0.62 0.11
0.43 0.12
0.27 0.12
0.16 0.11
0.09 0.11
0.05 0.10
0.07 0.10
0.12 0.09
0.20 0.07
0.30 0.04
0.43 0.01
0.56 -0.02
0.69 -0.05
0.78 -0.08
0.83 -0.08
0.83 -0.08
0.79 -0.07
0.71 -0.06
0.61 -0.04
0.47 -0.02
0.31 -0.00
0.10 0.02
-0.11 0.05
-0.30 0.06
-0.45 0.05
-0.56 0.03
-0.61 -0.00
-0.63 -0.06
-0.66 -0.10
-0.69 -0.13
-0.79 -0.16
-0.90 -0.18
-1.06 -0.19
-1.27 -0.19
-1.50 -0.20
-1.78 -0.20
-2.05 -0.22
-2.36 -0.23
-2.68 -0.25
-2.98 -0.27
-3.32 -0.29
-3.69 -0.31
-4.05 -0.31
-4.46 -0.31
-4.85 -0.30
-5.22 -0.28
-5.59 -0.27
-5.92 -0.25
-6.22 -0.20
-6.50 -0.18
-6.74 -0.17
-6.96 -0.16
-7.16 -0.16
-7.34 -0.15
-7.55 -0.14
-7.76 -0.12
-7.97 -0.10
-7.97 -0.11
-8.24 -0.07
-8.57 -0.03
-9.01 0.03
-9.56 0.11
-10.29 0.21
-11.12 0.33
-12.10 0.46
-12.99 0.57
-13.66 0.66
-14.26 0.73
-14.70 0.78
-15.00 0.82
-15.21 0.83
-15.34 0.84
-15.38 0.83
-15.37 0.81
-15.30 0.79
-15.16 0.76
-14.96 0.72
-14.69 0.67
-14.34 0.62
-13.91 0.55
-13.37 0.47
-12.77 0.38
-11.99 0.27
-11.20 0.15
-10.54 0.05
-9.96 -0.04
-9.45 -0.11
-9.07 -0.16
-8.79 -0.19
-8.58 -0.21
-8.44 -0.21
-8.33 -0.21
-8.25 -0.21
-8.18 -0.21
-8.14 -0.21
-8.11 -0.21
-8.09 -0.21
-8.08 -0.20
-8.09 -0.19
-8.10 -0.18
-8.11 -0.17
-8.14 -0.16
-8.16 -0.15
-8.18 -0.14
-8.22 -0.13
-8.25 -0.12
-8.30 -0.11
-8.34 -0.11
-8.39 -0.10
-8.46 -0.09
-8.54 -0.08
-8.64 -0.07
-8.76 -0.06
-8.91 -0.04
-9.11 -0.02
-9.35 -0.00
-9.64 0.03
-9.97 0.06
-10.27 0.08
-10.58 0.10
-10.84 0.11
-11.05 0.11
-11.19 0.09
-11.25 0.07