-2.78 -0.22
-2.80 -0.22
-2.86 -0.21
-2.96 -0.19
-3.11 -0.15
-3.31 -0.11
-3.55 -0.06
-3.80 -0.01
-4.06 0.05
-4.29 0.11
-4.45 0.15
-4.53 0.17
-4.54 0.17
-4.48 0.15
-4.37 0.13
-4.20 0.09
-3.95 0.04
-3.67 -0.03
-3.36 -0.10
-3.09 -0.17
-2.87 -0.21
-2.76 -0.24
-2.71 -0.25
-2.76 -0.24
-2.87 -0.22
-3.04 -0.18
-3.29 -0.13
-3.56 -0.08
-3.86 -0.02
-4.17 0.04
-4.44 0.10
-4.63 0.15
-4.76 0.18
-4.81 0.18
-4.80 0.18
-4.73 0.16
-4.60 0.13
-4.41 0.09
-4.14 0.03
-3.82 -0.04
-3.48 -0.12
-3.17 -0.19
-2.92 -0.24
-2.76 -0.27
-2.69 -0.28
-2.70 -0.27
-2.79 -0.25
-2.96 -0.21
-3.21 -0.16
-3.48 -0.10
-3.80 -0.03
-4.12 0.04
-4.40 0.11
-4.61 0.16
-4.75 0.19
-4.82 0.20
-4.82 0.20
-4.76 0.18
-4.63 0.15
-4.45 0.11
-4.21 0.06
-3.90 -0.01
-3.55 -0.09
-3.23 -0.16
-2.95 -0.22
-2.78 -0.25
-2.68 -0.26
-2.69 -0.26
-2.77 -0.24
-2.91 -0.21
-3.12 -0.16
-3.40 -0.10
-3.71 -0.04
-4.03 0.03
-4.32 0.10
-4.54 0.15
-4.69 0.18
-4.76 0.19
-4.76 0.19
-4.70 0.17
-4.59 0.14
-4.41 0.10
-4.16 0.04
-3.85 -0.02
-3.52 -0.10
-3.22 -0.16
-2.96 -0.21
-2.80 -0.24
-2.73 -0.25
-2.74 -0.24
-2.83 -0.22
-2.99 -0.19
-3.22 -0.14
-3.49 -0.08
-3.79 -0.02
-4.10 0.05
-4.37 0.12
-4.58 0.17
-4.71 0.19
-4.76 0.20
-4.76 0.18
-4.68 0.16
-4.55 0.12
-4.37 0.07
-4.10 0.01
-3.79 -0.06
-3.46 -0.14
-3.16 -0.21
-2.91 -0.25
-2.77 -0.28
-2.71 -0.28
-2.74 -0.27
-2.85 -0.24
-3.03 -0.19
-3.27 -0.14
-3.56 -0.08
-3.87 -0.01
-4.20 0.06
-4.47 0.12
-4.68 0.15
-4.82 0.16
-4.88 0.15
-4.88 0.12
-4.82 0.08
-4.70 0.03
-4.54 -0.02
-4.35 -0.08
-4.15 -0.12
-3.99 -0.14
-3.87 -0.15
-3.82 -0.14
-3.80 -0.12
-3.86 -0.09
-3.94 -0.05
-4.06 -0.02
-4.18 0.02
-4.30 0.06
-4.38 0.08
-4.39 0.07
-4.36 0.04
-4.27 -0.00
-4.16 -0.05
-4.05 -0.09
-4.00 -0.10
-3.98 -0.10
-4.00 -0.09
-4.05 -0.07
-4.14 -0.05
-4.23 -0.02
-4.35 0.01
-4.44 0.03
-4.48 0.04
-4.48 0.03
-4.43 0.01
-4.32 -0.03
-4.22 -0.07
-4.10 -0.10
-4.05 -0.10
-4.02 -0.09
-4.03 -0.07
-4.09 -0.04
-4.17 -0.01
-4.25 0.02
-4.32 0.05
-4.36 0.06
-4.33 0.04
-4.27 0.02
-4.15 -0.02
-4.02 -0.06
-3.92 -0.08
-3.85 -0.09
-3.84 -0.07
-3.87 -0.03
-3.93 0.00
-3.99 0.05
-4.02 0.07
-4.01 0.07
-3.94 0.05
-3.84 0.02
-3.69 -0.02
-3.55 -0.05
-3.45 -0.08
-3.39 -0.07
-3.40 -0.05
-3.46 -0.02
-3.55 0.03
-3.64 0.07
-3.71 0.11
-3.72 0.11
-3.69 0.09
-3.61 0.06
-3.48 0.02
-3.33 -0.02
-3.19 -0.05
-3.08 -0.07
-3.03 -0.07
-3.06 -0.03
-3.12 0.00
-3.19 0.05
-3.27 0.09
-3.27 0.09
-3.26 0.09
-3.19 0.06
-3.11 0.04
-2.98 0.01
-2.83 -0.01
-2.70 -0.03
-2.59 -0.04
-2.57 -0.03
-2.61 0.00
-2.64 0.04
-2.70 0.08
-2.69 0.09
-2.65 0.10
-2.59 0.08
-2.49 0.06
-2.38 0.03
-2.23 -0.00
-2.11 -0.03
-2.02 -0.06
-2.02 -0.06
-2.07 -0.04
-2.19 -0.00
-2.35 0.05
-2.51 0.10
-2.64 0.14
-2.72 0.16
-2.74 0.16
-2.70 0.15
-2.62 0.13
-2.50 0.11
-2.33 0.08
-2.13 0.04
-1.92 0.01
-1.68 -0.03
-1.49 -0.06
-1.35 -0.07
-1.32 -0.07
-1.35 -0.04
-1.48 0.00
-1.62 0.05
-1.78 0.09
-1.88 0.12
-1.96 0.13
-1.96 0.11
-1.94 0.08
-1.87 0.05
-1.78 0.01
-1.66 -0.03
-1.59 -0.05
-1.55 -0.07
-1.60 -0.05
-1.72 -0.02
-1.90 0.02
-2.08 0.06
-2.24 0.10
-2.33 0.11
-2.39 0.10
-2.38 0.07
-2.33 0.03
-2.24 -0.01
-2.17 -0.07
-2.12 -0.11
-2.15 -0.12
-2.23 -0.11
-2.36 -0.07
-2.55 -0.03
-2.78 0.02
-2.99 0.07
-3.18 0.10
-3.30 0.10
-3.34 0.08
-3.33 0.05
-3.27 0.00
-3.16 -0.05
-3.07 -0.09
-2.99 -0.12
-2.99 -0.12
-3.02 -0.10
-3.11 -0.06
-3.24 -0.02
-3.40 0.03
-3.54 0.08
-3.65 0.11
-3.69 0.11
-3.68 0.09
-3.60 0.05
-3.48 -0.00
-3.37 -0.04
-3.26 -0.08
-3.21 -0.09
-3.21 -0.07
-3.25 -0.05
-3.34 -0.01
-3.46 0.04
-3.56 0.08
-3.64 0.10
-3.64 0.09
-3.60 0.06
-3.50 0.02
-3.38 -0.03
-3.24 -0.07
-3.15 -0.11
-3.10 -0.11
-3.12 -0.09
-3.19 -0.06
-3.31 -0.01
-3.46 0.04
-3.57 0.08
-3.68 0.12
-3.70 0.12
-3.68 0.09
-3.59 0.05
-3.46 -0.00
-3.33 -0.05
-3.23 -0.08
-3.17 -0.10
-3.17 -0.08
-3.22 -0.05
-3.31 -0.00
-3.45 0.05
-3.55 0.10
-3.64 0.13
-3.64 0.12
-3.61 0.10
-3.50 0.06
-3.37 0.01
-3.18 -0.04
-3.03 -0.09
-2.88 -0.12
-2.84 -0.13
-2.84 -0.11
-2.91 -0.06
-3.02 -0.00
-3.19 0.07
-3.33 0.13
-3.45 0.17
-3.49 0.18
-3.48 0.17
-3.39 0.14
-3.27 0.10
-3.10 0.05
-2.91 -0.01
-2.71 -0.07
-2.55 -0.13
-2.47 -0.15
-2.46 -0.14
-2.53 -0.10
-2.65 -0.04
-2.83 0.04
-3.00 0.12
-3.15 0.20
-3.23 0.25
-3.25 0.28
-3.19 0.30
-3.09 0.30
-2.92 0.29
-2.72 0.27
-2.46 0.23
-2.15 0.19
-1.79 0.13
-1.42 0.08
-1.05 0.02
-0.72 -0.03
-0.44 -0.07
-0.26 -0.08
-0.16 -0.07
-0.16 -0.02
-0.25 0.05
-0.37 0.14
-0.52 0.23
-0.65 0.30
-0.76 0.35
-0.84 0.38
-0.90 0.40
-0.90 0.40
-0.88 0.39
-0.82 0.37
-0.74 0.33
-0.64 0.29
-0.54 0.25
-0.43 0.21
-0.34 0.16
-0.23 0.12
-0.15 0.08
-0.08 0.04
-0.01 -0.00
0.01 -0.03
-0.00 -0.04
-0.08 -0.02
-0.23 0.02
-0.43 0.09
-0.65 0.17
-0.86 0.24
-1.04 0.30
-1.19 0.34
-1.28 0.37
-1.30 0.38
-1.29 0.37
-1.21 0.35
-1.10 0.32
-0.96 0.28
-0.81 0.25
-0.64 0.20
-0.49 0.17
-0.34 0.14
-0.19 0.12
-0.05 0.11
0.07 0.09
0.17 0.08
0.27 0.07
0.37 0.06
0.47 0.06
0.56 0.05
0.66 0.05
0.78 0.04
0.91 0.03
1.05 0.02
1.19 0.00
1.36 -0.01
1.53 -0.03
1.67 -0.05
1.78 -0.04
1.86 -0.03
1.91 -0.01
1.94 0.02
1.94 0.04
1.96 0.05
1.98 0.05
2.01 0.05
2.05 0.04
2.09 0.02
2.13 0.02
2.19 0.01
2.23 0.01
2.29 -0.00
2.35 -0.01
2.37 -0.02
2.38 -0.01
2.37 0.01
2.34 0.04
2.31 0.06
2.30 0.08
2.30 0.10
2.31 0.11
2.32 0.13
2.35 0.14
2.38 0.16
2.40 0.18
2.45 0.20
2.48 0.21
2.54 0.23
2.54 0.25
2.60 0.25
2.66 0.26
2.72 0.27
2.77 0.28
2.83 0.28
2.89 0.28
2.93 0.28
2.99 0.27
3.05 0.26
3.11 0.25
3.18 0.24
3.25 0.23
3.33 0.21
3.42 0.20
3.52 0.18
3.66 0.15
3.79 0.13
3.94 0.11
4.10 0.08
4.28 0.05
4.47 0.02
4.67 -0.01
4.88 -0.04
5.04 -0.07
5.17 -0.07
5.23 -0.06
5.25 -0.03
5.22 0.02
5.16 0.07
5.09 0.12
5.02 0.16
4.96 0.17
4.90 0.20
4.86 0.23
4.81 0.27
4.78 0.30
4.75 0.34
4.73 0.38
4.73 0.42
4.74 0.46
4.75 0.50
4.77 0.53
4.79 0.56
4.82 0.59
4.86 0.61
4.89 0.63
4.94 0.65
5.00 0.66
5.05 0.67
5.11 0.68
5.18 0.69
5.26 0.70
5.36 0.70
5.48 0.69
5.63 0.69
5.84 0.67
6.11 0.64
6.51 0.59
7.00 0.53
7.63 0.44
8.28 0.35
9.10 0.24
9.81 0.14
10.42 0.06
10.91 -0.00
11.33 -0.05
11.64 -0.08
11.87 -0.07
12.05 -0.06
12.17 -0.04
12.28 -0.02
12.32 0.00
12.36 0.02
12.39 0.04
12.43 0.04
12.47 0.05
12.51 0.06
12.55 0.08
12.60 0.10
12.64 0.12
12.70 0.15
12.75 0.18
12.81 0.21
12.86 0.24
12.92 0.27
12.98 0.30
13.04 0.32
13.09 0.34
13.16 0.36
13.15 0.39
13.21 0.40
13.26 0.42
13.30 0.43
13.35 0.44
13.39 0.44
13.43 0.45
13.46 0.45
13.50 0.45
13.53 0.45
13.58 0.45
13.62 0.44
13.68 0.44
13.75 0.43
13.82 0.42
13.92 0.40
14.03 0.39
14.17 0.36
14.30 0.34
14.46 0.31
14.65 0.28
14.86 0.25
15.06 0.22
15.31 0.18
15.56 0.14
15.84 0.09
16.15 0.04
16.53 -0.02
16.92 -0.08
17.33 -0.14
17.68 -0.19
17.91 -0.21
18.02 -0.22
18.00 -0.21
17.86 -0.19
17.63 -0.15
17.32 -0.09
16.95 -0.03
16.60 0.03
16.26 0.08
16.00 0.13
15.77 0.16
15.58 0.19
15.43 0.21
15.28 0.23
15.17 0.25
15.05 0.26
14.96 0.28
14.89 0.28
14.82 0.29
14.79 0.29
14.76 0.29
14.75 0.29
14.76 0.28
14.79 0.27
14.81 0.26
14.85 0.25
14.89 0.24
14.94 0.23
14.99 0.21
15.04 0.20
15.10 0.19
15.14 0.17
15.19 0.16
15.23 0.15
15.25 0.14
15.28 0.13
15.28 0.12
15.28 0.11
15.28 0.10
15.28 0.09
15.26 0.09
15.25 0.08
15.24 0.07
15.23 0.06
15.20 0.05
15.18 0.04
15.16 0.02
15.14 0.00
15.12 -0.01
15.09 -0.03
15.03 -0.03
14.94 -0.02
14.82 -0.01
14.70 -0.00
14.56 0.01
14.41 0.02
14.28 0.02
14.18 -0.00
14.10 -0.03
14.00 -0.06
13.90 -0.08
13.81 -0.10
13.69 -0.12
13.59 -0.15
13.46 -0.18
13.32 -0.22
13.14 -0.25
12.86 -0.27
12.60 -0.28
12.30 -0.29
11.90 -0.28
11.38 -0.24
10.65 -0.17
9.73 -0.06
8.36 0.12
7.08 0.29
6.01 0.41
5.26 0.46
4.75 0.46
4.35 0.45
4.02 0.43
3.76 0.41
3.54 0.38
3.36 0.38
3.21 0.35
3.10 0.31
3.00 0.26
2.92 0.21
2.87 0.16
2.82 0.11
2.78 0.07
2.76 0.03
2.74 -0.01
2.73 -0.05
2.69 -0.09
2.63 -0.13
2.57 -0.15
2.47 -0.18
2.55 -0.22
2.42 -0.23
2.25 -0.22
2.05 -0.21
1.82 -0.18
1.54 -0.14
1.22 -0.09
0.84 -0.03
0.39 0.05
-0.15 0.13
-0.76 0.23
-1.44 0.32
-2.10 0.38
-2.65 0.42
-3.09 0.42
-3.44 0.39
-3.69 0.34
-3.83 0.26
-3.87 0.15
-3.84 0.03
-3.75 -0.09
-3.64 -0.19
-3.57 -0.28
-3.54 -0.34
-3.57 -0.37
-3.67 -0.38
-3.80 -0.38
-3.99 -0.36
-4.21 -0.34
-4.44 -0.31
-4.67 -0.28
-4.91 -0.25
-5.14 -0.23
-5.36 -0.20
-5.59 -0.17
-5.83 -0.14
-6.07 -0.11
-6.30 -0.09
-6.53 -0.06
-6.74 -0.04
-6.95 -0.02
-7.13 -0.01
-7.32 0.01
-7.49 0.02
-7.64 0.03
-7.77 0.02
-7.91 0.01
-8.03 0.03
-8.03 -0.03
-8.14 -0.08
-8.26 -0.13
-8.40 -0.18
-8.55 -0.22
-8.73 -0.27
-8.95 -0.32
-9.21 -0.35
-9.52 -0.38
-9.88 -0.40
-10.37 -0.39
-10.96 -0.35
-11.80 -0.26
-12.88 -0.11
-13.80 0.04
-14.69 0.18
-15.28 0.29
-15.70 0.34
-16.03 0.35
-16.28 0.32
-16.48 0.25
-16.64 0.13
-16.75 -0.07
-16.83 -0.26
-16.94 -0.43
-17.04 -0.54
-17.16 -0.60
-17.29 -0.64
-17.42 -0.62
-17.57 -0.65
-17.73 -0.66
-17.89 -0.67
-18.07 -0.68
-18.26 -0.67
-18.47 -0.66
-18.31 -0.70
-18.63 -0.66
-19.00 -0.61
-19.48 -0.54
-20.08 -0.45
-20.84 -0.34
-21.97 -0.17
-23.20 0.02
-24.45 0.20
-25.33 0.33
-25.99 0.41
-26.44 0.43
-26.76 0.42
-27.02 0.39
-27.21 0.34
-27.34 0.26
-27.43 0.15
-27.48 0.03
-27.50 -0.12
-27.49 -0.26
-27.48 -0.39
-27.49 -0.50
-27.50 -0.58
-27.53 -0.64
-27.57 -0.67
-27.63 -0.69
-27.68 -0.71
-27.75 -0.71
-27.83 -0.71
-27.93 -0.71
-28.01 -0.71
-28.10 -0.71
-28.19 -0.71
-28.27 -0.72
-28.39 -0.72
-28.50 -0.72
-28.64 -0.72
-20.85 -1.90
-28.50 -0.77
-28.74 -0.75
-29.08 -0.72
-29.46 -0.68
-29.93 -0.64
-30.60 -0.59
-31.39 -0.52
-32.59 -0.40
-33.87 -0.26
-34.95 -0.07
-35.79 -0.01
-36.39 0.02
-36.85 0.03
-37.24 0.01
-37.53 -0.05
-37.76 -0.15
-37.97 -0.28
-38.17 -0.40
-38.35 -0.50
-38.55 -0.60
-38.75 -0.72
-39.06 -0.83
-39.33 -0.93
-39.64 -1.01
-40.03 -1.07
-40.48 -1.10
-41.08 -1.10
-41.85 -1.06
-42.81 -0.88
-43.96 -0.78
-44.94 -0.70
-45.75 -0.65
-46.48 -0.60
-47.13 -0.56
-47.57 -0.55
-48.00 -0.54
-48.38 -0.53
-48.72 -0.52
-48.91 -0.55
-48.91 -0.61
-48.75 -0.69
-48.57 -0.78
-48.40 -0.86
-48.25 -0.93
-48.12 -0.98
-48.05 -1.02
-48.05 -1.03
-48.08 -1.04
-48.18 -1.03
-48.28 -1.02
-48.40 -1.00
-48.51 -0.99
-48.60 -0.97
-48.66 -0.96
-48.64 -0.97
-48.59 -0.98
-48.52 -0.99
-48.48 -0.99
-48.45 -1.00
-48.43 -1.00
-48.45 -1.00
-48.48 -0.99
-48.50 -0.99
-48.51 -0.99
-48.51 -0.99
-48.50 -0.99
-48.50 -0.99
-48.50 -0.99
-48.50 -0.99
-48.50 -0.99
-48.50 -0.99
-48.50 -0.99
-48.50 -0.99
-48.50 -0.99
-48.50 -0.99
-48.50 -0.99
-48.50 -0.99
-48.50 -0.99
-48.50 -0.99
-48.50 -0.99
-48.50 -0.99
-48.50 -0.99
-48.50 -0.99
-48.50 -0.98
-48.50 -0.98
-48.50 -0.98
-48.50 -0.98
-48.50 -0.98
-48.50 -0.98
-48.50 -0.98
-48.50 -0.98
-48.50 -0.98
-48.50 -0.98
-48.50 -0.98
-48.50 -0.98
-48.50 -0.98
-48.50 -0.98
-48.50 -0.97
-48.50 -0.97
-48.50 -0.97
-48.50 -0.97
-48.50 -0.96
-48.50 -0.96
-48.50 -0.96
-48.50 -0.95
-48.50 -0.95
-48.50 -0.94
-48.50 -0.94
-48.50 -0.93
-48.50 -0.93
-48.50 -0.92
-48.50 -0.91
-48.50 -0.90
-48.50 -0.90
-48.50 -0.89
-48.50 -0.88
-48.50 -0.88
-48.50 -0.87
-48.50 -0.86
-48.50 -0.85
-48.50 -0.84
-48.50 -0.83
-48.50 -0.82
-48.50 -0.81
-48.50 -0.80
-48.50 -0.79
-48.50 -0.78
-48.50 -0.76
-48.50 -0.75
-48.50 -0.73
-48.50 -0.72
-48.50 -0.70
-48.50 -0.69
-48.49 -0.68
-48.50 -0.66
-48.49 -0.64
-48.49 -0.63
-48.49 -0.61
-48.49 -0.59
-48.49 -0.57
-48.49 -0.55
-48.49 -0.53
-48.49 -0.50
-48.48 -0.47
-48.48 -0.43
-48.48 -0.39
-48.48 -0.36
-48.46 -0.33
-48.46 -0.29
-48.46 -0.26
-48.46 -0.24
-48.45 -0.21
-48.45 -0.17
-48.45 -0.14
-48.45 -0.11
-48.44 -0.08
-48.44 -0.04
-48.43 -0.16
-48.43 -0.11
-48.43 -0.04
-48.42 0.04
-48.43 0.14
-48.38 0.23
-48.31 0.28
-48.22 0.31
-48.11 0.32
-47.97 0.32
-47.82 0.30
-47.65 0.27
-47.49 0.22
-47.30 0.18
-47.11 0.13
-46.89 0.07
-46.66 0.03
-46.34 -0.02
-46.01 -0.06
-45.65 -0.09
-45.28 -0.09
-44.96 -0.05
-44.67 0.02
-44.40 0.09
-44.10 0.15
-43.78 0.19
-43.33 0.20
-42.85 0.22
-42.37 0.22
-41.91 0.23
-41.46 0.23
-41.03 0.21
-40.63 0.19
-40.21 0.16
-39.80 0.12
-39.44 0.08
-39.11 0.04
-38.74 -0.01
-38.42 -0.05
-38.14 -0.08
-37.84 -0.09
-37.53 -0.09
-37.22 -0.08
-36.86 -0.08
-36.50 -0.07
-36.13 -0.07
-35.70 -0.07
-35.21 -0.08
-34.63 -0.10
-33.98 -0.13
-33.41 -0.16
-32.81 -0.19
-32.26 -0.23
-31.84 -0.24
-31.55 -0.22
-31.35 -0.19
-31.24 -0.13
-31.20 -0.06
-31.20 0.01
-31.22 0.08
-31.22 0.14
-31.20 0.18
-31.13 0.19
-31.05 0.18
-30.92 0.15
-30.77 0.11
-30.60 0.05
-30.43 0.00
-30.24 -0.05
-30.06 -0.10
-29.91 -0.13
-29.78 -0.13
-29.68 -0.11
-29.60 -0.07
-29.53 -0.01
-29.48 0.06
-29.43 0.13
-29.34 0.19
-29.24 0.24
-29.11 0.27
-28.95 0.27
-28.79 0.27
-28.62 0.26
-28.43 0.26
-28.88 0.34
-28.70 0.33
-28.51 0.32
-28.31 0.31
-28.06 0.29
-27.80 0.28
-27.45 0.25
-27.00 0.20
-26.44 0.13
-25.69 0.04
-24.49 -0.13
-23.11 -0.32
-21.79 -0.49
-20.73 -0.61
-20.01 -0.67
-19.51 -0.67
-19.11 -0.66
-18.83 -0.63
-18.62 -0.57
-18.46 -0.51
-18.35 -0.44
-18.58 -0.34
-18.55 -0.23
-18.54 -0.10
-18.56 0.04
-18.61 0.21
-18.63 0.35
-18.62 0.45
-18.62 0.49
-18.57 0.49
-18.53 0.48
-18.47 0.46
-18.40 0.42
-18.31 0.38
-18.21 0.32
-18.12 0.26
-18.02 0.20
-17.89 0.12
-17.74 0.04
-17.58 -0.03
-17.40 -0.10
-17.22 -0.14
-17.06 -0.16
-16.91 -0.13
-16.80 -0.05
-16.71 0.05
-16.64 0.16
-16.56 0.26
-16.48 0.33
-16.37 0.39
-16.27 0.47
-16.15 0.53
-16.01 0.58
-15.84 0.60
-15.63 0.61
-15.38 0.58
-15.01 0.53
-14.47 0.43
-13.77 0.30
-12.99 0.15
-12.01 -0.04
-11.18 -0.20
-10.58 -0.31
-10.12 -0.37
-9.79 -0.36
-9.55 -0.32
-9.39 -0.25
-9.26 -0.19
-9.18 -0.12
-9.13 -0.05
-9.09 0.00
-9.08 0.05
-9.05 0.08
-9.00 0.11
-8.93 0.12
-8.84 0.12
-8.75 0.12
-8.64 0.12
-8.54 0.11
-8.41 0.09
-8.30 0.08
-8.18 0.06
-8.06 0.04
-8.01 0.03
-7.89 0.02
-7.79 -0.00
-7.69 -0.02
-7.61 -0.03
-7.55 -0.02
-7.49 -0.01
-7.46 0.01
-7.42 -0.06
-7.38 -0.03
-7.34 -0.02
-7.32 -0.00
-7.29 0.01
-7.29 0.03
-7.26 0.04
-7.23 0.04
-7.17 0.03
-7.09 0.00
-7.01 -0.02
-6.91 -0.05
-6.85 -0.08
-6.79 -0.09
-6.75 -0.09
-6.74 -0.08
-6.75 -0.05
-6.78 -0.03
-6.81 0.01
-6.87 0.04
-6.90 0.08
-6.93 0.10
-6.93 0.11
-6.91 0.11
-6.89 0.11
-6.86 0.10
-6.82 0.08
-6.78 0.06
-6.72 0.04
-6.65 0.00
-6.58 -0.03
-6.50 -0.08
-6.44 -0.12
-6.42 -0.14
-6.42 -0.14
-6.45 -0.12
-6.50 -0.10
-6.56 -0.06
-6.64 -0.02
-6.73 0.04
-6.82 0.10
-6.89 0.16
-6.95 0.22
-6.97 0.27
-6.98 0.32
-6.97 0.37
-6.94 0.40
-6.88 0.42
-6.82 0.43
-6.74 0.42
-6.64 0.41
-6.51 0.38
-6.37 0.35
-6.21 0.31
-6.03 0.26
-5.82 0.21
-5.58 0.16
-5.31 0.10
-5.00 0.03
-4.62 -0.03
-4.17 -0.11
-3.69 -0.18
-3.21 -0.23
-2.84 -0.25
-2.55 -0.23
-2.36 -0.19
-2.28 -0.12
-2.30 -0.03
-2.38 0.06
-2.48 0.16
-2.56 0.24
-2.61 0.30
-2.61 0.34
-2.55 0.36
-2.45 0.37
-2.31 0.36
-2.11 0.33
-1.86 0.29
-1.57 0.24
-1.27 0.19
-0.97 0.13
-0.68 0.07
-0.44 0.02
-0.21 -0.02
-0.04 -0.05
0.05 -0.05
0.09 -0.03
0.04 0.02
-0.04 0.08
-0.14 0.15
-0.25 0.20
-0.34 0.24
-0.43 0.28
-0.49 0.30
-0.53 0.31
-0.54 0.32
-0.53 0.32
-0.51 0.31
-0.46 0.30
-0.42 0.30
-0.37 0.29
-0.31 0.28
-0.26 0.27
-0.20 0.26
-0.14 0.25
-0.10 0.23
-0.04 0.21
0.01 0.19
0.04 0.17
0.08 0.15
0.10 0.12
0.14 0.09
0.15 0.07
0.17 0.04
0.17 0.01
0.17 -0.02
0.15 -0.05
0.09 -0.07
-0.04 -0.06
-0.23 -0.04
-0.51 -0.00
-0.87 0.04
-1.28 0.09
-1.71 0.13
-2.11 0.16
-2.41 0.16
-2.64 0.15
-2.78 0.11
-2.86 0.05
-2.89 -0.03
-2.93 -0.09
-3.01 -0.15
-3.16 -0.18
-3.38 -0.18
-3.65 -0.17
-3.98 -0.13
-4.32 -0.08
-4.67 -0.02
-4.99 0.04
-5.30 0.10
-5.56 0.15
-5.76 0.18
-5.95 0.19
-6.10 0.18
-6.24 0.16
-6.35 0.14
-6.44 0.10
-6.50 0.05
-6.56 -0.01
-6.59 -0.07
-6.64 -0.13
-6.70 -0.18
-6.76 -0.17
-6.86 -0.19
-6.95 -0.20
-7.04 -0.21
-7.15 -0.21
-7.25 -0.20
-7.35 -0.18
-7.46 -0.16
-7.55 -0.13
-7.65 -0.10
-7.77 -0.06
-7.89 -0.02
-8.04 0.03
-8.04 0.05
-8.20 0.05
-8.34 0.08
-8.47 0.09
-8.58 0.11
-8.67 0.09
-8.72 0.06
-8.76 0.02
-8.75 -0.04
-8.72 -0.10
-8.71 -0.17
-8.72 -0.23
-8.73 -0.29
-8.76 -0.34
-8.80 -0.37
-8.85 -0.40
-8.91 -0.42
-8.99 -0.43
-9.09 -0.42
-9.20 -0.40
-9.32 -0.38
-9.48 -0.35
-9.67 -0.31
-9.91 -0.26
-10.22 -0.20
-10.60 -0.13
-11.08 -0.05
-11.66 0.05
-12.39 0.16
-12.99 0.25
-13.46 0.30
-13.79 0.29
-14.01 0.24
-14.11 0.13
-14.10 -0.01
-14.03 -0.17
-13.98 -0.32
-13.93 -0.47
-13.94 -0.58
-13.99 -0.66
-14.08 -0.72
-14.23 -0.75
-14.41 -0.76
-14.62 -0.75
-14.85 -0.73
-15.08 -0.69
-15.31 -0.64
-15.55 -0.58
-15.81 -0.51
-16.07 -0.43
-16.35 -0.33
-16.63 -0.24
-16.89 -0.15
-17.16 -0.07
-17.39 0.00
-17.62 0.05
-17.81 0.07
-17.96 0.04
-18.10 -0.02
-18.23 -0.12
-18.36 -0.22
-17.87 -0.38
-17.56 -0.49
-17.77 -0.51
-18.01 -0.51
-18.32 -0.48
-18.68 -0.43
-19.09 -0.37
-19.64 -0.28
-20.31 -0.17
-21.14 -0.04
-22.20 0.12
-23.16 0.27
-23.89 0.37
-24.48 0.44
-24.87 0.45
-25.13 0.53
-25.26 0.47
-25.33 0.40
-25.33 0.31
-25.29 0.23
-25.18 0.13
-25.02 0.04
-24.79 -0.06
-24.50 -0.17
-24.22 -0.27
-23.91 -0.36
-23.62 -0.43
-23.39 -0.49
-23.25 -0.52
-23.19 -0.53
-23.21 -0.52
-23.31 -0.50
-23.46 -0.46
-23.66 -0.41
-23.89 -0.36
-24.14 -0.30
-24.39 -0.24
-24.62 -0.19
-24.83 -0.15
-25.01 -0.12
-25.20 -0.09
-25.35 -0.08
-25.51 -0.08
-25.66 -0.09
-25.82 -0.10
-25.98 -0.11
-26.14 -0.14
-26.30 -0.17
-26.46 -0.21
-26.61 -0.25
-26.75 -0.28
-26.90 -0.32
-27.03 -0.36
-27.15 -0.41
-27.29 -0.46
-27.40 -0.51
-27.50 -0.55
-27.63 -0.58
-27.75 -0.60
-27.91 -0.61
-28.88 -0.50
-29.07 -0.50
-29.31 -0.49
-29.58 -0.48
-29.90 -0.46
-30.28 -0.43
-30.77 -0.38
-31.36 -0.31
-32.11 -0.23
-33.13 -0.10
-34.13 0.02
-35.02 0.13
-35.70 0.20
-36.15 0.22
-36.45 0.22
-36.65 0.20
-36.77 0.18
-36.85 0.15
-36.89 0.11
-36.88 0.07
-36.84 0.03
-36.77 -0.01
-36.69 -0.04
-36.63 -0.07
-36.56 -0.09
-36.52 -0.09
-36.50 -0.08
-36.48 -0.06
-36.48 -0.05
-36.48 -0.03
-36.50 -0.00
-36.50 0.02
-36.48 0.03
-36.43 0.03
-36.33 0.02
-36.20 -0.01
-36.01 -0.04
-35.79 -0.07
-35.54 -0.10
-35.27 -0.12
-35.00 -0.14
-34.76 -0.14
-34.51 -0.15
-34.34 0.09
-34.15 -0.03
-33.95 -0.04
-33.82 -0.05
-33.65 -0.07
-33.57 -0.06
-33.51 -0.05
-33.51 -0.04
-33.52 -0.01
-33.57 0.02
-33.57 0.04
-33.51 0.04
-33.42 0.03
-33.24 0.00
-32.99 -0.04
-32.73 -0.10
-32.54 -0.14
-32.37 -0.17
-32.30 -0.17
-32.29 -0.15
-32.33 -0.13
-32.40 -0.09
-32.49 -0.04
-32.61 0.02
-32.71 0.08
-32.72 0.13
-32.69 0.17
-32.54 0.17
-32.37 0.16
-32.12 0.12
-31.88 0.09
-31.59 0.04
-31.30 -0.00
-31.05 -0.05
-30.83 -0.07
-30.64 -0.08
-30.53 -0.06
-30.43 -0.03
-30.36 0.02
-30.30 0.08
-30.21 0.12
-30.08 0.14
-29.93 0.13
-29.75 0.09
-29.56 0.05
-29.37 -0.01
-29.16 -0.06
-28.99 -0.11
-28.85 -0.14
-29.05 -0.09
-28.96 -0.08
-28.89 -0.04
-28.85 0.00
-28.82 0.05
-28.80 0.10
-28.77 0.14
-28.73 0.17
-28.69 0.20
-28.64 0.22
-28.56 0.23
-28.47 0.24
-28.36 0.24
-28.20 0.24
-28.03 0.24
-27.82 0.23
-27.56 0.20
-27.23 0.17
-26.83 0.12
-26.36 0.06
-25.70 -0.02
-24.83 -0.14
-24.02 -0.24
-23.25 -0.31
-22.66 -0.34
-22.29 -0.34
-22.17 -0.30
-22.20 -0.25
-22.40 -0.17
-22.72 -0.07
-23.15 0.05
-23.55 0.16
-23.87 0.26
-24.17 0.34
-24.34 0.38
-24.42 0.40
-24.41 0.40
-24.34 0.39
-24.20 0.37
-24.02 0.34
-23.82 0.31
-23.64 0.29
-23.44 0.26
-23.26 0.24
-23.11 0.22
-23.00 0.20
-22.90 0.20
-22.86 0.20
-22.83 0.20
-22.83 0.20
-22.83 0.21
-22.83 0.21
-22.83 0.22
-22.83 0.22
-22.85 0.23
-22.85 0.23
-22.85 0.23
-22.85 0.23
-22.85 0.23
-22.83 0.22
-22.83 0.22
-22.83 0.22
-22.83 0.22
-22.83 0.22
-22.83 0.22
-22.83 0.22
-22.83 0.22
-22.83 0.22
-22.83 0.22
-22.83 0.22
-22.83 0.22
-22.85 0.22
-22.86 0.22
-22.87 0.21
-22.89 0.21
-22.91 0.21
-22.95 0.21
-22.98 0.20
-23.02 0.20
-23.05 0.20
-23.08 0.20
-23.10 0.20
-23.12 0.20
-23.13 0.20
-23.15 0.20
-23.15 0.20
-23.15 0.20
-23.15 0.19
-23.15 0.19
-23.15 0.18
-23.15 0.18
-23.15 0.17
-23.15 0.17
-23.15 0.16
-23.15 0.15
-23.16 0.15
-23.16 0.15
-23.16 0.14
-23.16 0.14
-23.16 0.14
-23.16 0.14
-23.16 0.14
-23.16 0.14
-23.16 0.14
-23.16 0.14
-23.16 0.14
-23.16 0.13
-23.16 0.13
-23.13 0.13
-23.12 0.13
-23.10 0.12
-23.08 0.12
-23.05 0.12
-23.02 0.11
-22.98 0.11
-22.95 0.10
-22.93 0.09
-22.91 0.09
-22.90 0.09
-22.90 0.09
-22.90 0.08
-22.90 0.08
-22.90 0.08
-22.90 0.08
-22.90 0.08
-22.90 0.08
-22.90 0.08
-22.90 0.08
-22.90 0.08
-22.90 0.08
-22.90 0.08
-22.90 0.08
-22.90 0.08
-22.90 0.09
-22.90 0.09
-22.90 0.10
-22.90 0.10
-22.90 0.12
-22.90 0.13
-22.90 0.14
-22.90 0.15
-22.90 0.16
-22.90 0.16
-22.90 0.17
-22.90 0.18
-22.89 0.18
-22.89 0.18
-22.88 0.18
-22.87 0.18
-22.85 0.17
-22.83 0.17
-22.81 0.16
-22.79 0.16
-22.77 0.16
-22.74 0.15
-22.72 0.15
-22.70 0.14
-22.66 0.14
-22.64 0.14
-22.62 0.13
-22.59 0.13
-22.57 0.13
-22.55 0.12
-22.52 0.12
-22.51 0.12
-22.50 0.12
-22.48 0.12
-22.48 0.12
-22.47 0.12
-22.47 0.12
-22.47 0.12
-22.47 0.12
-22.47 0.13
-22.47 0.13
-22.47 0.13
-22.47 0.14
-22.47 0.14
-22.47 0.14
-22.47 0.14
-22.47 0.14
-22.47 0.14
-22.47 0.14
-22.47 0.14
-22.47 0.14
-22.47 0.14
-22.47 0.14
-22.47 0.13
-22.47 0.13
-22.47 0.13
-22.47 0.12
-22.47 0.12
-22.47 0.11
-22.47 0.11
-22.47 0.10
-22.47 0.09
-22.47 0.08
-22.47 0.07
-22.47 0.06
-22.47 0.04
-22.47 0.03
-22.47 0.01
-22.47 -0.00
-22.51 -0.01
-22.58 -0.01
-22.72 -0.00
-22.91 0.03
-23.08 0.05
-23.21 0.06
-23.28 0.06
-23.28 0.03
-23.24 -0.01
-23.20 -0.04
-23.21 -0.06
-23.25 -0.08
-23.34 -0.08
-23.48 -0.08
-23.64 -0.07
-23.84 -0.07
-24.06 -0.06
-24.27 -0.06
-24.53 -0.05
-24.77 -0.05
-25.00 -0.05
-25.22 -0.04
-25.40 -0.04
-25.58 -0.03
-25.71 -0.03
-25.83 -0.02
-25.92 -0.02
-25.99 -0.02
-26.05 -0.01
-26.08 -0.01
-26.12 0.00
-26.11 -0.00
-26.08 -0.00
-26.05 -0.02
-26.01 -0.04
-25.98 -0.05
-25.96 -0.05
-25.93 -0.05
-25.93 -0.05
-25.93 -0.05
-25.93 -0.04
-25.93 -0.04
-25.93 -0.03
-25.93 -0.02
-25.93 -0.02
-25.93 -0.02
-25.93 -0.01
-25.93 -0.01
-25.93 -0.01
-25.93 -0.01
-25.93 -0.01
-25.93 -0.01
-25.93 -0.01
-25.93 -0.01
-25.93 -0.01
-25.93 -0.01
-25.93 -0.01
-25.93 -0.01
-25.93 -0.01
-25.92 -0.01
-25.93 -0.01
-25.92 -0.01
-25.92 -0.01
-25.92 -0.01
-25.92 -0.01
-25.92 -0.01
-25.92 -0.01
-25.92 -0.01
-25.92 -0.01
-25.92 -0.01
-25.92 -0.02
-25.92 -0.02
-25.92 -0.02
-25.92 -0.02
-25.92 -0.02
-25.92 -0.02
-25.92 -0.02
-25.92 -0.02
-25.92 -0.02
-25.92 -0.02
-25.92 -0.02
-25.92 -0.02
-25.92 -0.03
-25.92 -0.02
-25.92 -0.03
-25.92 -0.03
-25.92 -0.03
-25.92 -0.03
-25.92 -0.03
-25.92 -0.03
-25.92 -0.04
-25.92 -0.04
-25.92 -0.04
-25.92 -0.05
-25.92 -0.05
-25.92 -0.05
-25.92 -0.06
-25.92 -0.06
-25.92 -0.06
-25.92 -0.06
-25.92 -0.06
-25.92 -0.06
-25.92 -0.07
-25.92 -0.07
-25.92 -0.07
-25.92 -0.07
-25.92 -0.07
-25.92 -0.07
-25.92 -0.07
-25.92 -0.07
-25.92 -0.07
-25.92 -0.06
-25.92 -0.06
-25.92 -0.06
-25.92 -0.06
-25.92 -0.05
-25.92 -0.05
-25.92 -0.05
-25.93 -0.05
-25.93 -0.05
-25.92 -0.05
-25.92 -0.05
-25.92 -0.05
-25.92 -0.05
-25.92 -0.05
-25.92 -0.05
-25.92 -0.05
-25.92 -0.05
-25.92 -0.05
-25.92 -0.05
-25.92 -0.05
-25.92 -0.05
-25.92 -0.05
-25.92 -0.06
-25.92 -0.06
-25.92 -0.07
-25.92 -0.07
-25.92 -0.08
-25.92 -0.08
-25.92 -0.09
-25.92 -0.10
-25.92 -0.10
-25.92 -0.10
-25.92 -0.10
-25.92 -0.10
-25.92 -0.10
-25.92 -0.10
-25.92 -0.09
-25.92 -0.09
-25.92 -0.09
-25.92 -0.09
-25.92 -0.09
-25.92 -0.09
-25.92 -0.09
-25.92 -0.09
-25.92 -0.09
-25.92 -0.09
-25.92 -0.09
-25.92 -0.08
-25.92 -0.08
-25.92 -0.08
-25.92 -0.07
-25.92 -0.07
-25.92 -0.06
-25.92 -0.06
-25.92 -0.06
-25.92 -0.06
-25.92 -0.06
-25.92 -0.06
-25.92 -0.07
-25.92 -0.08
-25.92 -0.09
-25.92 -0.11
-25.92 -0.13
-25.92 -0.16
-25.92 -0.20
-25.92 -0.25
-25.93 -0.29
-25.93 -0.34
-25.94 -0.40
-25.96 -0.47
-25.98 -0.55
-26.01 -0.62
-26.06 -0.68
-26.13 -0.72
-26.21 -0.77
-26.31 -0.80
-26.45 -0.82
-26.60 -0.82
-26.77 -0.82
-26.98 -0.80
-27.20 -0.79
-27.42 -0.77
-27.65 -0.75
-27.87 -0.74
-28.09 -0.72
-28.29 -0.72
-28.49 -0.72
-28.69 -0.73
-28.89 -0.74
-28.62 -0.82
-28.88 -0.81
-29.23 -0.97
-29.64 -0.94
-30.18 -0.88
-31.00 -0.77
-32.07 -0.62
-33.55 -0.41
-34.98 -0.20
-36.02 -0.04
-36.73 0.06
-37.30 0.14
-37.74 0.19
-38.06 0.21
-38.33 0.20
-38.55 0.18
-38.72 0.13
-38.87 0.06
-39.00 -0.03
-39.11 -0.13
-39.21 -0.22
-39.63 -0.24
-39.76 -0.25
-39.89 -0.24
-40.02 -0.22
-40.18 -0.20
-40.32 -0.17
-40.48 -0.14
-40.64 -0.12
-40.79 -0.09
-40.92 -0.07
-41.03 -0.07
-41.12 -0.06
-41.18 -0.07
-41.21 -0.09
-41.22 -0.13
-41.22 -0.17
-41.22 -0.21
-41.22 -0.26
-41.21 -0.31
-41.21 -0.36
-41.21 -0.41
-41.21 -0.47
-41.21 -0.52
-41.21 -0.57
-41.21 -0.61
-41.22 -0.65
-41.22 -0.68
-41.23 -0.70
-41.25 -0.71
-41.28 -0.71
-41.31 -0.72
-41.37 -0.71
-41.43 -0.70
-41.51 -0.69
-41.61 -0.68
-41.75 -0.66
-41.92 -0.62
-42.16 -0.59
-42.46 -0.53
-42.82 -0.47
-43.29 -0.39
-43.85 -0.29
-44.37 -0.20
-44.94 -0.10
-45.48 -0.01
-45.94 0.08
-46.34 0.15
-46.62 0.20
-46.78 0.22
-46.85 0.20
-46.85 0.17
-46.76 0.13
-46.62 0.09
-46.41 0.06
-46.11 0.03
-45.76 -0.01
-45.38 -0.05
-44.97 -0.07
-44.64 -0.07
-44.35 -0.04
-44.09 -0.01
-43.93 0.05
-43.72 0.10
-43.53 0.15
-43.28 0.17
-43.03 0.17
-42.73 0.17
-42.43 0.16
-42.13 0.15
-41.84 0.14
-41.54 0.13
-41.21 0.11
-40.86 0.08
-40.53 0.05
-40.21 0.02
-39.88 -0.02
-39.57 -0.05
-39.02 -0.11
-38.80 -0.11
-38.59 -0.09
-38.41 -0.05
-38.24 -0.01
-38.04 0.02
-37.84 0.05
-37.62 0.06
-37.36 0.06
-37.03 0.03
-36.62 0.00
-36.17 -0.04
-35.54 -0.10
-34.72 -0.19
-33.86 -0.28
-32.95 -0.37
-32.08 -0.44
-31.53 -0.47
-31.09 -0.48
-30.79 -0.47
-30.59 -0.44
-30.45 -0.39
-30.38 -0.32
-30.36 -0.25
-30.37 -0.17
-30.40 -0.08
-30.45 -0.00
-30.51 0.08
-30.56 0.16
-30.57 0.23
-30.55 0.29
-30.49 0.33
-30.41 0.37
-30.28 0.38
-30.13 0.39
-29.93 0.39
-29.71 0.37
-29.47 0.35
-29.24 0.32
-29.00 0.28
-28.75 0.24
-28.86 0.25
-28.62 0.21
-28.39 0.17
-28.13 0.12
-27.86 0.07
-27.50 0.01
-27.05 -0.06
-26.54 -0.13
-25.90 -0.22
-24.99 -0.33
-24.02 -0.43
-22.95 -0.53
-21.95 -0.61
-21.26 -0.63
-20.76 -0.63
-20.43 -0.61
-20.21 -0.56
-20.07 -0.49
-20.00 -0.42
-19.98 -0.33
-19.99 -1.35
-20.05 0.01
-20.13 0.15
-20.15 0.32
-20.17 0.46
-20.12 0.55
-20.00 0.59
-19.85 0.57
-19.64 0.51
-19.41 0.44
-19.18 0.38
-18.95 0.33
-18.73 0.29
-18.55 0.26
-18.36 0.23
-18.48 0.25
-18.35 0.23
-18.24 0.23
-18.15 0.22
-18.07 0.21
-18.00 0.20
-17.94 0.19
-17.89 0.19
-17.85 0.18
-17.79 0.17
-17.74 0.16
-17.70 0.16
-17.65 0.15
-17.62 0.14
-17.57 0.13
-17.52 0.12
-17.49 0.12
-17.45 0.11
-17.43 0.11
-17.41 0.10
-17.40 0.10
-17.39 0.10
-17.39 0.10
-17.39 0.10
-17.39 0.10
-17.39 0.10
-17.39 0.09
-17.37 0.09
-17.39 0.09
-17.37 0.08
-17.39 0.07
-17.39 0.07
-17.39 0.07
-17.39 0.06
-17.39 0.06
-17.39 0.06
-17.39 0.06
-17.39 0.06
-17.39 0.06
-17.39 0.06
-17.40 0.06
-17.40 0.06
-17.40 0.05
-17.41 0.05
-17.41 0.04
-17.42 0.03
-17.42 0.03
-17.42 0.02
-17.42 0.01
-17.42 -0.00
-17.42 -0.01
-17.44 0.00
-17.49 0.03
-17.51 0.07
-17.55 0.11
-17.56 0.14
-17.56 0.14
-17.56 0.13
-17.55 0.11
-17.54 0.08
-17.54 0.04
-17.52 0.01
-17.52 -0.03
-17.51 -0.06
-17.55 -0.08
-17.58 -0.07
-17.64 -0.03
-17.71 0.04
-17.80 0.14
-17.85 0.24
-17.89 0.33
-17.92 0.38
-17.92 0.39
-17.89 0.36
-17.87 0.30
-17.83 0.22
-17.79 0.11
-17.73 0.00
-17.67 -0.10
-17.60 -0.20
-17.58 -0.27
-17.57 -0.30
-17.58 -0.30
-17.62 -0.25
-17.65 -0.18
-17.71 -0.07
-17.78 0.07
-17.85 0.23
-17.88 0.37
-17.89 0.46
-17.88 0.52
-17.86 0.53
-17.81 0.53
-17.75 0.50
-17.67 0.45
-17.59 0.38
-17.49 0.29
-17.39 0.18
-17.29 0.08
-17.20 -0.02
-17.12 -0.11
-17.09 -0.17
-17.10 -0.18
-17.13 -0.16
-17.20 -0.09
-17.30 0.01
-17.41 0.14
-17.49 0.27
-17.56 0.34
-17.59 0.38
-17.59 0.39
-17.57 0.37
-17.54 0.32
-17.48 0.26
-17.41 0.18
-17.33 0.08
-17.25 -0.01
-17.16 -0.09
-17.11 -0.15
-17.10 -0.16
-17.11 -0.13
-17.16 -0.07
-17.21 0.01
-17.29 0.12
-17.35 0.20
-17.39 0.24
-17.40 0.24
-17.39 0.22
-17.36 0.18
-17.32 0.11
-17.27 0.05
-17.21 -0.02
-17.14 -0.08
-17.11 -0.13
-17.11 -0.13
-17.13 -0.09
-17.17 -0.03
-17.24 0.05
-17.30 0.12
-17.35 0.16
-17.37 0.17
-17.37 0.16
-17.36 0.15
-17.33 0.12
-17.28 0.08
-17.24 0.05
-17.18 0.01
-17.11 -0.03
-17.06 -0.07
-17.03 -0.08
-17.04 -0.06
-17.06 -0.02
-17.11 0.04
-17.18 0.10
-17.21 0.13
-17.25 0.14
-17.25 0.13
-17.25 0.11
-17.24 0.08
-17.21 0.04
-17.19 0.01
-17.17 -0.03
-17.13 -0.06
-17.14 -0.08
-17.17 -0.07
-17.20 -0.03
-17.26 0.03
-17.33 0.08
-17.36 0.11
-17.40 0.13
-17.39 0.12
-17.37 0.10
-17.35 0.07
-17.32 0.03
-17.27 -0.01
-17.21 -0.06
-17.20 -0.08
-17.20 -0.08
-17.22 -0.05
-17.27 0.01
-17.33 0.07
-17.36 0.11
-17.37 0.13
-17.39 0.13
-17.37 0.12
-17.35 0.10
-17.34 0.07
-17.30 0.03
-17.28 -0.01
-17.25 -0.05
-17.26 -0.06
-17.28 -0.05
-17.32 -0.00
-17.37 0.05
-17.44 0.11
-17.49 0.16
-17.52 0.17
-17.52 0.17
-17.52 0.17
-17.50 0.15
-17.48 0.13
-17.45 0.12
-17.42 0.12
-17.39 0.11
-17.36 0.11
-17.33 0.11
-17.32 0.12
-17.29 0.13
-17.28 0.15
-17.27 0.16
-17.27 0.18
-17.26 0.19
-17.27 0.20
-17.26 0.21
-17.26 0.22
-17.27 0.23
-17.26 0.24
-17.26 0.24
-17.26 0.25
-17.26 0.25
-17.25 0.25
-17.24 0.25
-17.24 0.25
-17.22 0.25
-17.21 0.25
-17.20 0.24
-17.18 0.23
-17.17 0.23
-17.16 0.22
-17.14 0.22
-17.14 0.22
-17.14 0.21
-17.13 0.21
-17.14 0.21
-17.14 0.21
-17.14 0.21
-17.14 0.21
-17.14 0.21
-17.14 0.21
-17.14 0.21
-17.14 0.21
-17.14 0.21
-17.14 0.21
-17.16 0.21
-17.16 0.21
-17.16 0.21
-17.16 0.20
-17.16 0.19
-17.16 0.19
-17.17 0.18
-17.17 0.16
-17.17 0.15
-17.17 0.13
-17.18 0.11
-17.18 0.09
-17.18 0.07
-17.18 0.05
-17.18 0.03
-17.18 0.00
-17.19 -0.02
-17.19 -0.05
-17.22 -0.06
-17.27 -0.06
-17.34 -0.04
-17.42 -0.04
-17.51 -0.04
-17.60 -0.05
-17.70 -0.07
-17.79 -0.09
-17.87 -0.11
-17.96 -0.13
-18.07 -0.14
-18.18 -0.15
-18.31 -0.17
-18.46 -0.17
-18.47 -0.20
-18.66 -0.20
-18.87 -0.19
-19.10 -0.18
-19.38 -0.15
-19.70 -0.11
-20.03 -0.06
-20.43 0.00
-20.88 0.08
-21.31 0.16
-21.77 0.22
-22.21 0.27
-22.60 0.30
-22.86 0.17
-23.02 0.14
-23.05 0.09
-23.01 0.02
-22.88 -0.06
-22.73 -0.14
-22.63 -0.20
-22.55 -0.25
-22.55 -0.26
-22.59 -0.26
-22.72 -0.24
-22.87 -0.20
-23.05 -0.16
-23.27 -0.10
-23.51 -0.04
-23.74 0.02
-23.94 0.08
-24.06 0.11
-24.10 0.12
-24.04 0.09
-23.91 0.04
-23.71 -0.03
-23.48 -0.12
-23.27 -0.20
-23.10 -0.27
-23.02 -0.32
-23.00 -0.35
-23.05 -0.37
-23.17 -0.39
-23.33 -0.40
-23.54 -0.40
-23.80 -0.39
-24.07 -0.37
-24.38 -0.33
-24.72 -0.28
-25.05 -0.23
-25.37 -0.17
-25.64 -0.12
-25.89 -0.06
-26.11 -0.02
-26.30 0.03
-26.46 0.06
-26.58 0.08
-26.66 0.08
-26.69 0.04
-26.70 -0.00
-26.69 -0.07
-26.70 -0.14
-26.72 -0.21
-26.76 -0.26
-26.81 -0.29
-26.89 -0.31
-26.98 -0.31
-27.08 -0.30
-27.21 -0.28
-27.35 -0.24
-27.48 -0.21
-27.60 -0.17
-27.74 -0.12
-27.86 -0.08
-27.97 -0.03
-28.09 0.02
-28.18 0.06
-28.25 0.09
-28.27 0.09
-28.26 0.07
-28.23 0.02
-28.16 -0.06
-28.08 -0.14
-27.98 -0.24
-27.91 -0.34
-27.86 -0.44
-27.81 -0.52
-27.79 -0.60
-27.79 -0.66
-27.80 -0.70
-27.83 -0.73
-27.89 -0.74
-27.96 -0.74
-28.04 -0.72
-28.12 -0.68
-28.21 -0.64
-28.31 -0.60
-28.39 -0.54
-28.48 -0.48
-28.57 -0.42
-28.67 -0.36
-28.79 -0.29
-28.92 -0.23
-28.55 -0.25
-28.51 -0.23
-28.69 -0.19
-28.87 -0.16
-29.09 -0.13
-29.32 -0.11
-29.57 -0.10
-29.85 -0.09
-30.15 -0.09
-30.52 -0.09
-30.94 -0.07
-31.42 -0.05
-32.00 -0.01
-32.67 0.05
-33.32 0.10
-33.79 0.13
-34.13 0.13
-34.34 0.10
-34.43 0.05
-34.38 -0.04
-34.27 -0.14
-34.16 -0.09
-34.02 -0.18
-33.93 -0.25
-33.86 -0.30
-33.83 -0.34
-33.83 -0.36
-33.87 -0.38
-33.93 -0.38
-34.01 -0.38
-34.09 -0.38
-34.19 -0.37
-34.30 -0.36
-34.41 -0.35
-34.50 -0.35
-34.61 -0.35
-34.70 -0.37
-34.79 -0.39
-34.85 -0.42
-34.91 -0.45
-34.95 -0.49
-34.99 -0.54
-35.02 -0.59
-35.06 -0.64
-35.08 -0.70
-35.11 -0.75
-35.15 -0.79
-35.19 -0.81
-35.25 -0.82
-35.32 -0.81
-35.40 -0.80
-35.48 -0.79
-35.59 -0.77
-35.69 -0.75
-35.79 -0.73
-35.91 -0.72
-36.05 -0.70
-36.18 -0.68
-36.35 -0.65
-36.52 -0.63
-36.73 -0.60
-36.93 -0.56
-37.15 -0.53
-37.35 -0.49
-37.56 -0.46
-37.74 -0.44
-37.92 -0.41
-38.11 -0.38
-38.28 -0.36
-38.44 -0.34
-38.62 -0.31
-38.80 -0.28
-39.18 -0.23
-39.41 -0.20
-39.66 -0.16
-39.92 -0.12
-40.23 -0.08
-40.56 -0.04
-40.88 0.01
-41.24 0.06
-41.55 0.10
-41.81 0.11
-42.01 0.08
-42.17 0.03
-42.26 -0.05
-42.31 -0.17
-42.37 -0.27
-42.46 -0.34
-42.60 -0.36
-42.76 -0.36
-42.98 -0.34
-43.25 -0.30
-43.51 -0.27
-43.81 -0.23
-44.11 -0.19
-44.37 -0.17
-44.66 -0.14
-44.94 -0.12
-45.19 -0.10
-45.45 -0.08
-45.68 -0.06
-45.88 -0.03
-46.08 -0.01
-46.22 0.00
-46.31 0.01
-46.33 0.01
-46.31 -0.01
-46.25 -0.05
-46.18 -0.08
-46.13 -0.08
-46.10 -0.08
-46.10 -0.05
-46.10 -0.03
-46.10 0.01
-46.07 0.03
-46.01 0.05
-45.91 0.04
-45.75 0.01
-45.53 -0.02
-45.31 -0.06
-45.09 -0.08
-44.92 -0.07
-44.80 -0.04
-44.73 0.00
-44.67 0.05
-44.61 0.08
-44.48 0.08
-44.31 0.05
-44.08 0.01
-43.79 -0.06
-43.50 -0.13
-43.23 -0.19
-43.06 -0.22
-42.97 -0.20
-42.96 -0.16
-43.00 -0.09
-43.08 0.00
-43.14 0.10
-43.18 0.18
-43.12 0.23
-43.00 0.26
-42.85 0.28
-42.65 0.29
-42.41 0.30
-42.16 0.31
-41.90 0.31
-41.62 0.30
-41.32 0.27
-41.01 0.24
-40.69 0.20
-40.33 0.14
-39.97 0.09
-39.65 0.03
-39.34 -0.01
-38.93 -0.08
-38.67 -0.11
-38.44 -0.10
-38.21 -0.08
-38.02 -0.04
-37.79 0.00
-37.56 0.04
-37.30 0.06
-36.96 0.04
-36.56 -0.00
-36.13 -0.06
-35.57 -0.13
-34.85 -0.22
-34.09 -0.30
-33.27 -0.38
-32.48 -0.45
-31.82 -0.48
-31.36 -0.58
-31.06 -0.56
-30.86 -0.52
-30.76 -0.46
-30.74 -0.39
-30.78 -0.31
-30.87 -0.20
-31.02 -0.09
-31.21 0.04
-31.40 0.16
-31.53 0.28
-31.65 0.36
-31.65 0.40
-31.60 0.42
-31.46 0.41
-31.29 0.39
-31.07 0.37
-30.83 0.34
-30.55 0.31
-30.28 0.29
-30.00 0.27
-29.71 0.26
-29.42 0.25
-29.15 0.25
-28.88 0.25
-28.62 0.26
-28.79 0.33
-28.55 0.33
-28.29 0.34
-28.02 0.33
-27.71 0.32
-27.32 0.28
-26.79 0.23
-26.09 0.14
-25.11 0.00
-23.61 -0.21
-21.98 -0.45
-20.71 -0.63
-19.78 -0.74
-19.18 -0.80
-18.72 -0.81
-18.39 -0.79
-18.41 -0.72
-18.21 -0.67
-18.09 -0.60
-18.01 -0.52
-17.95 -0.48
-17.94 -0.38
-17.96 -0.24
-18.00 -0.08
-18.05 0.09
-18.13 0.28
-18.19 0.44
-18.24 0.54
-18.27 0.60
-18.28 0.64
-18.27 0.66
-18.25 0.68
-18.21 0.71
-18.17 0.72
-18.11 0.74
-18.05 0.75
-17.98 0.75
-17.92 0.76
-17.83 0.75
-17.75 0.74
-17.64 0.72
-17.52 0.70
-17.40 0.67
-17.26 0.64
-17.10 0.62
-16.95 0.59
-16.79 0.57
-16.61 0.54
-16.44 0.51
-16.27 0.49
-16.11 0.47
-15.96 0.44
-15.81 0.42
-15.69 0.40
-15.57 0.39
-15.44 0.37
-15.34 0.35
-15.21 0.34
-15.08 0.32
-14.94 0.30
-14.79 0.27
-14.64 0.25
-14.48 0.23
-14.33 0.20
-14.19 0.19
-14.09 0.17
-14.02 0.16
-14.00 0.16
-14.00 0.16
-14.02 0.16
-14.07 0.17
-14.11 0.18
-14.17 0.19
-14.24 0.20
-14.30 0.21
-14.36 0.22
-14.41 0.22
-14.45 0.23
-14.49 0.24
-14.52 0.24
-14.54 0.24
-14.56 0.25
-14.56 0.25
-14.57 0.25
-14.57 0.25
-14.57 0.25
-14.57 0.25
-14.57 0.25
-14.56 0.24
-14.55 0.24
-14.55 0.24
-14.53 0.24
-14.51 0.23
-14.47 0.23
-14.44 0.22
-14.40 0.22
-14.36 0.21
-14.30 0.20
-14.25 0.20
-14.21 0.19
-14.17 0.18
-14.14 0.18
-14.11 0.17
-14.11 0.17
-14.11 0.17
-14.10 0.18
-14.11 0.18
-14.10 0.18
-14.10 0.18
-14.10 0.18
-14.10 0.18
-14.10 0.18
-14.10 0.18
-14.10 0.17
-14.10 0.18
-14.10 0.18
-14.10 0.18
-14.10 0.17
-14.10 0.18
-14.10 0.18
-14.10 0.18
-14.10 0.17
-14.10 0.17
-14.10 0.17
-14.10 0.17
-14.10 0.17
-14.10 0.17
-14.10 0.17
-14.10 0.17
-14.10 0.18
-14.10 0.17
-14.10 0.17
-14.10 0.17
-14.10 0.17
-14.10 0.17
-14.10 0.18
-14.10 0.18
-14.10 0.17
-14.11 0.17
-14.11 0.17
-14.10 0.17
-14.10 0.17
-14.10 0.17
-14.10 0.17
-14.10 0.17
-14.10 0.17
-14.10 0.17
-14.10 0.17
-14.09 0.17
-14.09 0.17
-14.09 0.17
-14.09 0.18
-14.09 0.18
-14.09 0.18
-14.09 0.18
-14.09 0.19
-14.09 0.20
-14.09 0.20
-14.09 0.21
-14.09 0.22
-14.09 0.22
-14.09 0.22
-14.09 0.23
-14.08 0.23
-14.09 0.23
-14.09 0.23
-14.09 0.23
-14.08 0.22
-14.09 0.23
-14.09 0.23
-14.09 0.23
-14.09 0.23
-14.09 0.23
-14.09 0.23
-14.09 0.23
-14.09 0.23
-14.09 0.23
-14.09 0.23
-14.09 0.23
-14.09 0.23
-14.09 0.23
-14.09 0.23
-14.09 0.23
-14.09 0.23
-14.09 0.23
-14.10 0.23
-14.10 0.23
-14.11 0.23
-14.13 0.23
-14.14 0.23
-14.15 0.24
-14.16 0.24
-14.17 0.24
-14.18 0.24
-14.18 0.24
-14.18 0.24
-14.18 0.24
-14.18 0.24
-14.18 0.24
-14.18 0.24
-14.18 0.24
-14.18 0.24
-14.18 0.24
-14.18 0.24
-14.17 0.24
-14.18 0.24
-14.18 0.24
-14.18 0.24
-14.17 0.24
-14.17 0.24
-14.17 0.24
-14.17 0.24
-14.17 0.24
-14.17 0.23
-14.17 0.23
-14.17 0.23
-14.18 0.24
-14.18 0.24
-14.19 0.24
-14.21 0.24
-14.22 0.24
-14.24 0.24
-14.25 0.25
-14.28 0.25
-14.29 0.25
-14.30 0.25
-14.30 0.25
-14.30 0.25
-14.30 0.25
-14.30 0.24
-14.30 0.24
-14.30 0.24
-14.30 0.23
-14.30 0.23
-14.30 0.23
-14.30 0.23
-14.30 0.23
-14.30 0.23
-14.30 0.23
-14.30 0.23
-14.30 0.23
-14.30 0.23
-14.30 0.23
-14.30 0.23
-14.30 0.23
-14.30 0.23
-14.30 0.23
-14.30 0.23
-14.30 0.23
-14.30 0.23
-14.30 0.23
-14.30 0.23
-14.30 0.23
-14.30 0.23
-14.30 0.23
-14.30 0.23
-14.30 0.23
-14.30 0.23
-14.30 0.23
-14.30 0.23
-14.30 0.23
-14.30 0.23
-14.30 0.23
-14.30 0.23
-14.30 0.23
-14.30 0.23
-14.30 0.23
-14.30 0.23
-14.30 0.23
-14.30 0.23
-14.31 0.23
-14.31 0.23
-14.31 0.23
-14.30 0.23
-14.30 0.23
-14.31 0.23
-14.31 0.23
-14.31 0.23
-14.31 0.23
-14.31 0.23
-14.31 0.23
-14.31 0.23
-14.31 0.23
-14.31 0.23
-14.31 0.23
-14.31 0.23
-14.32 0.23
-14.32 0.23
-14.33 0.23
-14.34 0.24
-14.36 0.24
-14.36 0.24
-14.38 0.24
-14.38 0.24
-14.39 0.24
-14.39 0.24
-14.39 0.25
-14.39 0.25
-14.39 0.26
-14.39 0.26
-14.39 0.27
-14.39 0.27
-14.39 0.27
-14.39 0.26
-14.39 0.26
-14.38 0.25
-14.37 0.24
-14.37 0.23
-14.36 0.22
-14.36 0.21
-14.36 0.19
-14.36 0.18
-14.36 0.16
-14.36 0.14
-14.36 0.12
-14.36 0.10
-14.36 0.07
-14.36 0.05
-14.36 0.02
-14.36 -0.02
-14.39 -0.05
-14.47 -0.07
-14.62 -0.07
-14.79 -0.06
-15.00 -0.04
-15.22 -0.03
-15.44 -0.04
-15.69 -0.04
-15.95 -0.06
-16.21 -0.08
-16.48 -0.09
-16.72 -0.10
-16.97 -0.10
-17.20 -0.10
-17.42 -0.10
-17.64 -0.09
-17.83 -0.07
-18.04 -0.04
-18.27 0.00
-18.27 0.01
-18.53 0.05
-18.76 0.06
-18.99 0.05
-19.19 0.02
-19.36 -0.03
-19.49 -0.09
-19.63 -0.12
-19.75 -0.14
-19.86 -0.14
-19.99 -0.13
-20.12 -0.11
-20.27 -0.08
-20.44 -0.03
-20.63 0.02
-20.84 0.08
-21.05 0.14
-21.21 0.16
-21.31 0.15
-21.38 0.12
-21.38 0.07
-21.35 0.01
-21.29 -0.03
-21.23 -0.10
-21.24 -0.15
-21.27 -0.19
-21.37 -0.21
-21.51 -0.21
-21.73 -0.20
-22.02 -0.17
-22.35 -0.13
-22.75 -0.08
-23.16 -0.02
-23.55 0.04
-23.91 0.09
-24.14 0.12
-24.33 0.14
-24.38 0.11
-24.34 0.07
-24.20 0.00
-24.00 -0.08
-23.76 -0.17
-23.58 -0.25
-23.40 -0.32
-23.32 -0.38
-23.29 -0.43
-23.34 -0.45
-23.44 -0.46
-23.59 -0.46
-23.80 -0.44
-24.04 -0.40
-24.31 -0.35
-24.62 -0.29
-24.92 -0.22
-25.18 -0.16
-25.45 -0.10
-25.68 -0.04
-25.86 0.00
-26.02 0.04
-26.12 0.05
-26.16 0.04
-26.17 0.00
-26.13 -0.06
-26.07 -0.14
-26.04 -0.22
-25.99 -0.30
-25.99 -0.35
-25.99 -0.39
-26.01 -0.41
-26.05 -0.42
-26.09 -0.41
-26.15 -0.40
-26.23 -0.37
-26.32 -0.34
-26.43 -0.29
-26.55 -0.24
-26.69 -0.18
-26.83 -0.12
-26.99 -0.05
-27.14 0.00
-27.28 0.06
-27.40 0.10
-27.46 0.10
-27.50 0.08
-27.50 0.03
-27.48 -0.04
-27.43 -0.13
-27.40 -0.22
-27.38 -0.30
-27.37 -0.37
-27.38 -0.44
-27.41 -0.50
-27.44 -0.54
-27.49 -0.58
-27.55 -0.61
-27.60 -0.62
-27.70 -0.62
-27.78 -0.61
-27.87 -0.59
-27.96 -0.57
-28.05 -0.54
-28.14 -0.50
-28.24 -0.45
-28.33 -0.41
-28.42 -0.36
-28.52 -0.31
-28.63 -0.26
-28.77 -0.22
-28.97 -0.17
-29.14 -0.13
-29.30 -0.10
-29.49 -0.08
-29.70 -0.06
-29.91 -0.05
-30.14 -0.04
-30.40 -0.03
-30.66 -0.02
-30.96 -0.00
-31.29 0.02
-31.62 0.04
-31.96 0.05
-32.25 0.04
-32.44 0.01
-32.58 -0.04
-32.66 -0.10
-32.73 -0.15
-32.78 -0.19
-32.87 -0.22
-32.95 -0.26
-33.06 -0.28
-33.19 -0.30
-33.35 -0.31
-33.51 -0.35
-33.70 -0.35
-33.90 -0.34
-34.10 -0.33
-34.32 -0.30
-34.54 -0.28
-34.77 -0.24
-34.98 -0.21
-35.18 -0.17
-35.37 -0.13
-35.51 -0.09
-35.62 -0.06
-35.69 -0.04
-35.71 -0.02
-35.71 -0.01
-35.68 -0.01
-35.63 -0.09
-35.56 -0.10
-35.49 -0.11
-35.41 -0.12
-35.33 -0.13
-35.26 -0.15
-35.21 -0.16
-35.16 -0.17
-35.13 -0.19
-35.11 -0.20
-35.11 -0.21
-35.13 -0.22
-35.13 -0.24
-35.14 -0.25
-35.14 -0.27
-35.14 -0.29
-35.15 -0.30
-35.15 -0.32
-35.16 -0.33
-35.17 -0.34
-35.18 -0.35
-35.18 -0.36
-35.21 -0.36
-35.22 -0.37
-35.22 -0.38
-35.23 -0.38
-35.24 -0.40
-35.25 -0.41
-35.26 -0.44
-35.27 -0.46
-35.30 -0.49
-35.31 -0.52
-35.33 -0.54
-35.36 -0.56
-35.38 -0.57
-35.41 -0.58
-35.45 -0.59
-35.48 -0.59
-35.52 -0.60
-35.56 -0.60
-35.60 -0.60
-35.63 -0.60
-35.68 -0.60
-35.71 -0.61
-35.75 -0.61
-35.77 -0.61
-35.80 -0.61
-35.84 -0.60
-35.86 -0.60
-35.89 -0.60
-35.91 -0.59
-35.92 -0.59
-35.94 -0.58
-35.95 -0.57
-35.97 -0.57
-35.98 -0.56
-35.98 -0.55
-35.99 -0.54
-35.99 -0.53
-35.99 -0.52
-35.99 -0.51
-35.99 -0.49
-35.99 -0.48
-35.99 -0.46
-35.99 -0.44
-35.99 -0.42
-35.99 -0.41
-35.99 -0.39
-35.99 -0.37
-35.99 -0.35
-35.99 -0.33
-35.99 -0.30
-35.99 -0.28
-35.99 -0.25
-35.99 -0.22
-35.99 -0.18
-35.98 -0.14
-35.98 -0.10
-35.97 -0.06
-35.94 0.04
-35.90 0.07
-35.76 0.07
-35.54 0.06
-35.19 0.02
-34.74 -0.05
-34.24 -0.14
-33.79 -0.21
-33.27 -0.28
-32.86 -0.33
-32.53 -0.35
-32.35 -0.35
-32.23 -0.32
-32.21 -0.27
-32.23 -0.21
-32.31 -0.11
-32.43 -0.00
-32.58 0.12
-32.69 0.25
-32.72 0.35
-32.68 0.42
-32.52 0.44
-32.34 0.43
-32.06 0.40
-31.76 0.35
-31.44 0.31
-31.13 0.26
-30.79 0.21
-30.46 0.17
-30.14 0.14
-29.85 0.11
-29.56 0.10
-29.28 0.10
-29.03 0.11
-28.69 0.12
-28.43 0.13
-28.19 0.14
-27.93 0.15
-27.58 0.14
-27.17 0.11
-26.64 0.06
-25.97 -0.01
-24.93 -0.14
-23.64 -0.31
-22.27 -0.48
-21.09 -0.61
-20.29 -0.68
-19.74 -0.70
-19.31 -0.70
-18.99 -0.67
-18.77 -0.62
-18.60 -0.57
-18.48 -0.50
-18.41 -0.40
-18.38 -0.31
-18.38 -0.19
-18.39 -0.05
-18.43 0.10
-18.48 0.25
-18.51 0.38
-18.50 0.45
-18.48 0.46
-18.43 0.43
-18.36 0.37
-18.27 0.30
-18.60 0.27
-18.48 0.18
-18.36 0.09
-18.24 0.00
-18.12 -0.06
-18.00 -0.12
-17.89 -0.14
-17.80 -0.13
-17.72 -0.09
-17.66 -0.00
-17.60 0.09
-17.56 0.18
-17.49 0.24
-17.40 0.25
-17.29 0.23
-17.16 0.20
-16.99 0.14
-16.82 0.07
-16.61 -0.01
-16.38 -0.10
-16.21 -0.18
-16.08 -0.22
-16.01 -0.21
-16.01 -0.16
-16.06 -0.09
-16.15 0.01
-16.27 0.12
-16.37 0.21
-16.46 0.26
-16.53 0.31
-16.58 0.35
-16.59 0.38
-16.59 0.41
-16.57 0.44
-16.53 0.47
-16.48 0.48
-16.42 0.49
-16.35 0.51
-16.28 0.51
-16.21 0.51
-16.14 0.50
-16.07 0.49
-16.00 0.48
-15.95 0.46
-15.89 0.45
-15.83 0.43
-15.77 0.41
-15.70 0.39
-15.65 0.37
-15.58 0.36
-15.50 0.35
-15.40 0.33
-15.29 0.32
-15.15 0.30
-15.00 0.27
-14.82 0.25
-14.60 0.21
-14.38 0.18
-14.13 0.14
-13.88 0.11
-13.68 0.08
-13.48 0.06
-13.31 0.05
-13.19 0.04
-13.10 0.04
-13.04 0.04
-13.01 0.05
-13.01 0.06
-13.00 0.07
-13.01 0.08
-13.01 0.09
-13.01 0.09
-13.01 0.09
-13.01 0.08
-13.01 0.08
-13.01 0.08
-13.01 0.08
-13.01 0.08
-13.01 0.08
-13.01 0.08
-13.01 0.08
-13.01 0.08
-13.01 0.08
-13.01 0.08
-13.01 0.08
-13.01 0.08
-13.01 0.08
-13.01 0.08
-13.01 0.08
-13.01 0.08
-13.01 0.08
-13.01 0.08
-13.01 0.07
-13.01 0.07
-13.01 0.07
-13.01 0.07
-13.01 0.07
-13.01 0.07
-13.01 0.07
-13.01 0.07
-13.01 0.07
-13.01 0.07
-13.01 0.07
-13.01 0.07
-13.00 0.07
-13.00 0.06
-12.99 0.07
-12.96 0.06
-12.94 0.06
-12.92 0.05
-12.88 0.05
-12.84 0.04
-12.79 0.04
-12.73 0.03
-12.67 0.02
-12.62 0.01
-12.56 0.00
-12.51 -0.01
-12.51 -0.00
-12.54 0.02
-12.59 0.06
-12.64 0.12
-12.64 0.16
-12.63 0.19
-12.61 0.20
-12.56 0.21
-12.49 0.20
-12.42 0.19
-12.34 0.17
-12.25 0.15
-12.18 0.13
-12.10 0.10
-12.03 0.08
-11.98 0.06
-11.95 0.05
-11.93 0.04
-11.93 0.04
-11.93 0.04
-11.93 0.05
-11.93 0.05
-11.93 0.05
-11.93 0.06
-11.93 0.06
-11.93 0.05
-11.94 0.06
-11.94 0.06
-11.95 0.06
-11.96 0.06
-11.97 0.06
-11.99 0.07
-12.01 0.07
-12.03 0.07
-12.05 0.07
-12.08 0.08
-12.09 0.08
-12.10 0.08
-12.11 0.08
-12.12 0.09
-12.11 0.08
-12.12 0.08
-12.12 0.08
-12.12 0.08
-12.12 0.08
-12.12 0.08
-12.12 0.08
-12.12 0.08
-12.12 0.08
-12.12 0.08
-12.12 0.08
-12.12 0.08
-12.12 0.08
-12.12 0.07
-12.12 0.07
-12.12 0.07
-12.12 0.07
-12.12 0.06
-12.12 0.06
-12.12 0.06
-12.12 0.06
-12.12 0.06
-12.12 0.06
-12.12 0.06
-12.12 0.06
-12.12 0.06
-12.12 0.06
-12.12 0.06
-12.12 0.06
-12.12 0.06
-12.12 0.06
-12.12 0.06
-12.12 0.06
-12.12 0.05
-12.12 0.05
-12.12 0.06
-12.12 0.06
-12.12 0.06
-12.13 0.05
-12.13 0.05
-12.14 0.05
-12.16 0.05
-12.17 0.05
-12.18 0.05
-12.19 0.05
-12.19 0.06
-12.20 0.06
-12.20 0.06
-12.20 0.05
-12.20 0.05
-12.20 0.05
-12.20 0.05
-12.20 0.05
-12.20 0.05
-12.20 0.05
-12.20 0.05
-12.20 0.05
-12.20 0.05
-12.20 0.05
-12.20 0.05
-12.20 0.05
-12.20 0.05
-12.20 0.05
-12.20 0.05
-12.20 0.05
-12.19 0.05
-12.19 0.05
-12.18 0.05
-12.18 0.05
-12.17 0.05
-12.17 0.05
-12.17 0.05
-12.16 0.05
-12.16 0.06
-12.17 0.06
-12.16 0.07
-12.16 0.08
-12.16 0.10
-12.16 0.12
-12.16 0.14
-12.16 0.16
-12.16 0.18
-12.16 0.20
-12.16 0.22
-12.16 0.24
-12.16 0.26
-12.16 0.28
-12.16 0.30
-12.16 0.32
-12.16 0.34
-12.16 0.36
-12.16 0.38
-12.16 0.39
-12.14 0.40
-12.14 0.42
-12.14 0.43
-12.13 0.44
-12.12 0.45
-12.11 0.47
-12.10 0.48
-12.08 0.50
-12.05 0.51
-12.02 0.52
-11.98 0.54
-11.95 0.55
-11.89 0.56
-11.84 0.57
-11.79 0.57
-11.73 0.58
-11.66 0.58
-11.60 0.58
-11.55 0.58
-11.50 0.59
-11.45 0.59
-11.41 0.59
-11.36 0.60
-11.34 0.51
-11.31 0.52
-11.30 0.53
-11.29 0.53
-11.29 0.54
-11.29 0.55
-11.29 0.56
-11.29 0.57
-11.29 0.58
-11.29 0.58
-11.29 0.59
-11.29 0.59
-11.29 0.60
-11.29 0.60
-11.29 0.61
-11.29 0.61
-11.29 0.61
-11.29 0.61
-11.29 0.61
-11.29 0.61
-11.29 0.62
-11.29 0.62
-11.29 0.62
-11.29 0.62
-11.29 0.62
-11.29 0.62
-11.29 0.62
-11.29 0.62
-11.29 0.62
-11.29 0.62
-11.29 0.62
-11.29 0.62
-11.29 0.62
-11.29 0.62
-11.29 0.62
-11.29 0.62
-11.29 0.62
-11.29 0.62
-11.29 0.62
-11.29 0.62
-11.29 0.62
-11.29 0.62
-11.29 0.62
-11.29 0.62
-11.29 0.62
-11.29 0.63
-11.29 0.63
-11.29 0.63
-11.29 0.63
-11.29 0.63
-11.29 0.63
-11.29 0.63
-11.29 0.63
-11.29 0.64
-11.29 0.64
-11.29 0.64
-11.29 0.64
-11.29 0.64
-11.29 0.64
-11.29 0.65
-11.29 0.65
-11.29 0.65
-11.29 0.65
-11.29 0.66
-11.29 0.66
-11.29 0.66
-11.29 0.67
-11.29 0.67
-11.29 0.68
-11.29 0.68
-11.29 0.68
-11.29 0.69
-11.29 0.69
-11.29 0.70
-11.29 0.70
-11.29 0.71
-11.29 0.71
-11.29 0.71
-11.29 0.72
-11.29 0.73
-11.29 0.73
-11.29 0.74
-11.29 0.74
-11.29 0.74
-11.29 0.75
-11.29 0.75
-11.29 0.76
-11.30 0.77
-11.29 0.77
-11.29 0.77
-11.29 0.78
-11.29 0.78
-11.29 0.79
-11.29 0.79
-11.29 0.80
-11.29 0.80
-11.29 0.81
-11.29 0.81
-11.29 0.81
-11.29 0.81
-11.29 0.82
-11.28 0.81
-11.28 0.81
-11.26 0.81
-11.25 0.81
-11.22 0.81
-11.19 0.80
-11.17 0.80
-11.12 0.79
-11.08 0.79
-11.04 0.78
-10.99 0.77
-10.95 0.76
-10.91 0.76
-10.88 0.75
-10.84 0.75
-10.82 0.75
-10.80 0.74
-10.79 0.74
-10.77 0.74
-10.79 0.74
-10.79 0.74
-10.79 0.74
-10.79 0.74
-10.77 0.74
-10.79 0.74
-10.79 0.74
-10.79 0.73
-10.77 0.73
-10.79 0.73
-10.79 0.73
-10.77 0.72
-10.79 0.72
-10.77 0.72
-10.79 0.72
-10.79 0.71
-10.79 0.71
-10.79 0.70
-10.77 0.69
-10.77 0.68
-10.77 0.68
-10.76 0.66
-10.75 0.65
-10.74 0.64
-10.73 0.62
-10.70 0.61
-10.68 0.59
-10.66 0.57
-10.64 0.55
-10.60 0.53
-10.57 0.50
-10.54 0.48
-10.52 0.46
-10.49 0.43
-10.45 0.41
-10.42 0.38
-10.38 0.38
-10.35 0.35
-10.31 0.32
-10.28 0.29
-10.23 0.26
-10.19 0.22
-10.14 0.19
-10.09 0.16
-10.05 0.12
-10.00 0.08
-9.94 0.04
-9.89 -0.01
-9.84 -0.07
-9.83 -0.12
-9.85 -0.15
-9.91 -0.17
-9.99 -0.19
-10.13 -0.19
-10.31 -0.19
-10.55 -0.19
-10.88 -0.18
-11.26 -0.16
-11.79 -0.12
-12.42 -0.06
-13.08 -0.00
-13.69 0.06
-14.22 0.10
-14.66 0.12
-14.96 0.10
-15.10 0.04
-15.19 -0.03
-15.21 -0.13
-15.21 -0.23
-15.22 -0.29
-15.23 -0.34
-15.25 -0.39
-15.29 -0.43
-15.34 -0.46
-15.40 -0.47
-15.48 -0.46
-15.58 -0.44
-15.70 -0.40
-15.85 -0.35
-16.01 -0.30
-16.21 -0.25
-16.43 -0.19
-16.64 -0.14
-16.86 -0.11
-17.07 -0.08
-17.27 -0.06
-17.47 -0.05
-17.65 -0.04
-17.82 -0.04
-18.00 -0.04
-18.17 -0.04
-18.35 -0.03
-18.56 -0.02
-18.43 -0.06
-18.69 -0.04
-18.98 -0.00
-19.29 0.03
-19.64 0.08
-19.95 0.12
-20.28 0.13
-20.55 0.10
-20.81 0.06
-21.00 0.01
-21.19 -0.04
-21.36 -0.09
-21.59 -0.01
-21.84 -0.03
-22.15 -0.02
-22.52 -0.01
-22.90 0.01
-23.21 0.02
-23.44 0.02
-23.63 0.01
-23.66 -0.04
-23.70 -0.09
-23.71 -0.14
-23.72 -0.18
-23.77 -0.22
-23.82 -0.26
-23.92 -0.30
-24.03 -0.33
-24.18 -0.34
-24.34 -0.36
-24.54 -0.36
-24.75 -0.35
-24.97 -0.32
-25.18 -0.29
-25.39 -0.26
-25.59 -0.22
-25.76 -0.18
-25.92 -0.14
-26.07 -0.10
-26.20 -0.07
-26.34 -0.04
-26.46 -0.01
-26.60 0.02
-26.73 0.03
-26.83 0.05
-26.90 0.03
-26.93 -0.00
-26.95 -0.06
-26.98 -0.12
-27.00 -0.18
-27.05 -0.23
-27.11 -0.26
-27.17 -0.30
-27.25 -0.32
-27.33 -0.33
-27.41 -0.35
-27.50 -0.36
-27.60 -0.37
-27.70 -0.38
-27.80 -0.40
-27.90 -0.41
-28.01 -0.42
-28.10 -0.42
-28.19 -0.43
-28.28 -0.43
-28.36 -0.42
-28.46 -0.41
-28.56 -0.39
-28.66 -0.37
-28.79 -0.35
-28.93 -0.32
-29.08 -0.28
-29.25 -0.25
-29.46 -0.21
-29.68 -0.17
-29.91 -0.13
-30.18 -0.08
-30.49 -0.04
-30.82 0.01
-31.20 0.07
-31.57 0.11
-31.90 0.13
-32.19 0.12
-32.41 0.09
-32.52 0.03
-32.54 -0.05
-32.53 -0.12
-32.51 -0.18
-32.51 -0.23
-32.53 -0.26
-32.58 -0.29
-32.65 -0.32
-32.75 -0.33
-32.89 -0.34
-33.04 -0.34
-33.22 -0.33
-33.43 -0.39
-33.66 -0.36
-33.89 -0.34
-34.15 -0.30
-34.40 -0.27
-34.65 -0.23
-34.91 -0.19
-35.15 -0.16
-35.34 -0.13
-35.53 -0.10
-35.65 -0.08
-35.74 -0.07
-35.79 -0.06
-35.80 -0.06
-35.79 -0.06
-35.76 -0.06
-35.72 -0.07
-35.67 -0.08
-35.60 -0.09
-35.53 -0.09
-35.45 -0.11
-35.37 -0.12
-35.30 -0.12
-35.22 -0.13
-35.17 -0.14
-35.13 -0.14
-35.11 -0.14
-35.10 -0.17
-35.10 -0.16
-35.10 -0.15
-35.10 -0.15
-35.10 -0.14
-35.10 -0.14
-35.10 -0.13
-35.10 -0.14
-35.10 -0.14
-35.10 -0.14
-35.10 -0.15
-35.10 -0.16
-35.10 -0.14
-35.10 -0.16
-35.10 -0.18
-35.10 -0.20
-35.10 -0.22
-35.10 -0.24
-35.10 -0.27
-35.11 -0.28
-35.11 -0.30
-35.13 -0.31
-35.13 -0.33
-35.14 -0.34
-35.15 -0.35
-35.16 -0.38
-35.17 -0.40
-35.19 -0.43
-35.21 -0.47
-35.23 -0.53
-35.26 -0.58
-35.30 -0.63
-35.33 -0.68
-35.39 -0.73
-35.46 -0.77
-35.54 -0.81
-35.62 -0.84
-35.71 -0.86
-35.83 -0.87
-35.94 -0.86
-36.06 -0.84
-36.20 -0.83
-36.35 -0.80
-36.47 -0.77
-36.65 -0.74
-36.82 -0.71
-37.01 -0.68
-37.22 -0.64
-37.45 -0.59
-37.67 -0.55
-37.89 -0.50
-38.11 -0.46
-38.30 -0.43
-38.50 -0.40
-38.68 -0.37
-38.87 -0.35
-39.04 -0.32
-39.21 -0.30
-39.42 -0.27
-39.21 -0.29
-39.44 -0.26
-39.72 -0.23
-40.03 -0.18
-40.35 -0.14
-40.72 -0.08
-41.14 -0.02
-41.56 0.03
-42.05 0.11
-42.53 0.16
-42.98 0.20
-43.30 0.21
-43.55 0.21
-43.64 0.18
-43.63 0.15
-43.50 0.09
-43.30 0.03
-43.04 -0.03
-42.77 -0.09
-42.55 -0.12
-42.39 -0.12
-42.31 -0.11
-42.29 -0.08
-42.32 -0.04
-42.39 0.01
-42.44 0.03
-42.47 0.04
-42.45 0.02
-42.38 -0.02
-42.34 -0.07
-42.31 -0.11
-42.34 -0.13
-42.42 -0.14
-42.51 -0.15
-42.64 -0.14
-42.79 -0.14
-42.97 -0.15
-43.17 -0.15
-43.37 -0.17
-43.59 -0.19
-43.80 -0.23
-44.01 -0.26
-44.21 -0.28
-44.43 -0.31
-44.65 -0.32
-44.88 -0.32
-45.12 -0.31
-45.37 -0.30
-45.58 -0.29
-45.81 -0.28
-46.03 -0.28
-46.22 -0.27
-46.39 -0.27
-46.56 -0.27
-46.71 -0.26
-46.85 -0.27
-47.00 -0.27
-47.14 -0.27
-47.30 -0.27
-47.46 -0.26
-47.65 -0.26
-47.83 -0.25
-48.03 -0.24
-48.22 -0.22
-48.40 -0.22
-48.56 -0.21
-48.66 -0.22
-48.71 -0.18
-48.66 -0.21
-48.59 -0.25
-48.51 -0.29
-48.44 -0.32
-48.37 -0.36
-48.33 -0.38
-48.29 -0.41
-48.30 -0.42
-48.33 -0.42
-48.36 -0.42
-48.41 -0.42
-48.44 -0.42
-48.48 -0.42
-48.49 -0.42
-48.48 -0.43
-48.46 -0.43
-48.44 -0.45
-48.44 -0.45
-48.44 -0.45
-48.44 -0.45
-48.44 -0.45
-48.44 -0.45
-48.44 -0.45
-48.44 -0.45
-48.44 -0.44
-48.44 -0.44
-48.44 -0.43
-48.44 -0.43
-48.44 -0.42
-48.44 -0.41
-48.44 -0.40
-48.44 -0.39
-48.44 -0.38
-48.44 -0.36
-48.44 -0.35
-48.44 -0.33
-48.44 -0.32
-48.44 -0.30
-48.44 -0.28
-48.44 -0.26
-48.44 -0.23
-48.44 -0.21
-48.44 -0.18
-48.44 -0.13
-48.44 -0.09
-48.44 -0.03
-48.43 0.02
-48.42 0.08
-48.37 0.12
-48.31 0.15
-48.22 0.14
-48.12 0.13
-48.00 0.12
-47.89 0.12
-47.76 0.13
-47.62 0.14
-47.49 0.15
-47.36 0.16
-47.22 0.16
-47.07 0.16
-46.90 0.15
-46.71 0.13
-46.48 0.10
-46.16 0.05
-45.77 -0.02
-45.35 -0.08
-44.89 -0.15
-44.47 -0.20
-44.16 -0.20
-43.86 -0.18
-43.66 -0.13
-43.52 -0.04
-43.48 0.06
-43.42 0.18
-43.36 0.30
-43.22 0.39
-43.03 0.43
-42.80 0.45
-42.51 0.44
-42.19 0.41
-41.85 0.37
-41.52 0.32
-41.18 0.26
-40.83 0.19
-40.45 0.12
-40.07 0.05
-39.73 -0.01
-39.40 -0.07
-45.05 0.78
-38.20 -0.21
-37.94 -0.22
-37.69 -0.21
-37.49 -0.19
-37.27 -0.15
-37.06 -0.10
-36.85 -0.06
-36.65 -0.02
-36.44 0.02
-36.22 0.07
-35.98 0.16
-35.70 0.17
-35.34 0.16
-34.87 0.12
-34.23 0.04
-33.34 -0.09
-32.38 -0.23
-31.44 -0.37
-30.68 -0.48
-30.15 -0.53
-29.77 -0.55
-29.46 -0.53
-29.25 -0.47
-29.09 -0.39
-28.97 -0.28
-28.88 -0.16
-28.81 -0.04
-28.77 0.08
-28.72 0.20
-28.65 0.29
-28.55 0.35
-28.43 0.40
-28.29 0.41
-28.14 0.41
-27.97 0.40
-32.61 1.10
-28.46 0.48
-28.26 0.44
-28.05 0.40
-27.82 0.35
-27.56 0.30
-27.21 0.24
-26.79 0.17
-26.24 0.09
-25.54 -0.02
-24.47 -0.18
-23.28 -0.35
-21.90 -0.54
-20.82 -0.67
-20.13 -0.73
-19.56 -0.76
-19.17 -0.75
-18.89 -0.71
-18.68 -0.65
-18.53 -0.57
-18.43 -0.48
-18.38 -0.40
-18.36 -0.25
-18.38 -0.07
-18.41 0.15
-18.46 0.40
-18.48 0.61
-18.46 0.76
-18.42 0.86
-18.34 0.92
-18.25 0.94
-18.11 0.94
-18.53 1.00
-18.35 0.94
-18.17 0.87
-17.97 0.77
-17.75 0.66
-17.51 0.54
-17.22 0.41
-16.87 0.26
-16.42 0.07
-15.92 -0.12
-15.25 -0.34
-14.40 -0.57
-13.45 -0.77
-12.51 -0.92
-11.65 -1.01
-11.18 -1.00
-10.95 -0.91
-10.91 -0.73
-11.00 -0.54
-11.23 -0.31
-11.59 -0.07
-12.06 0.18
-12.57 0.39
-12.90 0.54
-13.23 0.66
-13.38 0.73
-13.43 0.77
-13.37 0.78
-13.20 0.76
-12.94 0.72
-12.57 0.66
-12.11 0.58
-11.63 0.48
-11.15 0.39
-10.77 0.30
-10.45 0.22
-10.15 0.14
-9.92 0.05
-9.74 -0.03
-9.59 -0.12
-9.51 -0.19
-9.47 -0.23
-9.49 -0.24
-9.55 -0.22
-9.66 -0.16
-9.79 -0.07
-10.00 0.03
-10.22 0.13
-10.45 0.23
-10.67 0.30
-10.83 0.36
-10.97 0.42
-11.04 0.46
-11.05 0.49
-11.03 0.50
-10.96 0.51
-10.87 0.51
-10.75 0.49
-10.65 0.48
-10.53 0.46
-10.43 0.43
-10.34 0.41
-10.28 0.40
-10.21 0.38
-10.17 0.37
-10.15 0.36
-10.15 0.35
-10.15 0.35
-10.15 0.34
-10.16 0.34
-10.16 0.34
-10.16 0.34
-10.16 0.34
-10.16 0.34
-10.16 0.34
-10.15 0.34
-10.16 0.34
-10.16 0.34
-10.16 0.34
-10.16 0.34
-10.16 0.34
-10.16 0.34
-10.16 0.34
-10.16 0.34
-10.16 0.34
-10.16 0.33
-10.16 0.33
-10.15 0.33
-10.15 0.33
-10.15 0.33
-10.15 0.33
-10.15 0.33
-10.14 0.33
-10.14 0.33
-10.14 0.33
-10.14 0.33
-10.14 0.33
-10.14 0.33
-10.14 0.33
-10.14 0.33
-10.14 0.33
-10.14 0.33
-10.14 0.33
-10.14 0.33
-10.14 0.34
-10.14 0.34
-10.14 0.35
-10.14 0.36
-10.14 0.37
-10.14 0.39
-10.15 0.40
-10.15 0.41
-10.15 0.42
-10.15 0.44
-10.14 0.33
-10.15 0.35
-10.15 0.36
-10.15 0.37
-10.15 0.39
-10.15 0.40
-10.15 0.41
-10.14 0.43
-10.15 0.44
-10.14 0.44
-10.14 0.45
-10.14 0.46
-10.14 0.47
-10.14 0.47
-10.13 0.48
-10.12 0.48
-10.12 0.49
-10.11 0.49
-10.09 0.49
-10.08 0.49
-10.07 0.50
-10.06 0.50
-10.05 0.50
-10.04 0.49
-10.02 0.49
-10.02 0.49
-10.01 0.49
-10.00 0.49
-10.00 0.49
-9.99 0.49
-9.99 0.48
-9.99 0.48
-9.98 0.48
-9.98 0.48
-9.98 0.48
-9.98 0.48
-9.99 0.48
-9.99 0.48
-9.99 0.48
-9.98 0.48
-9.98 0.48
-9.99 0.49
-9.99 0.49
-9.98 0.49
-9.99 0.49
-9.99 0.49
-9.99 0.49
-9.99 0.49
-10.00 0.49
-10.00 0.49
-10.00 0.49
-10.01 0.49
-10.02 0.50
-10.04 0.50
-10.05 0.50
-10.06 0.50
-10.07 0.51
-10.09 0.51
-10.12 0.51
-10.14 0.52
-10.16 0.52
-10.20 0.53
-10.23 0.53
-10.28 0.54
-10.32 0.54
-10.37 0.55
-10.42 0.56
-10.47 0.57
-10.52 0.58
-10.58 0.58
-10.62 0.59
-10.67 0.60
-10.70 0.60
-10.73 0.61
-10.74 0.61
-10.75 0.61
-10.75 0.61
-10.75 0.61
-10.75 0.61
-10.75 0.61
-10.75 0.61
-10.75 0.61
-10.75 0.61
-10.75 0.61
-10.75 0.61
-10.75 0.61
-10.75 0.61
-10.75 0.61
-10.75 0.61
-10.75 0.61
-10.75 0.61
-10.75 0.61
-10.75 0.61
-10.75 0.61
-10.75 0.61
-10.75 0.61
-10.75 0.61
-10.75 0.61
-10.75 0.61
-10.75 0.61
-10.75 0.61
-10.75 0.60
-10.75 0.60
-10.75 0.60
-10.75 0.60
-10.75 0.60
-10.75 0.60
-10.75 0.59
-10.75 0.59
-10.75 0.59
-10.75 0.58
-10.75 0.58
-10.75 0.58
-10.75 0.58
-10.75 0.57
-10.75 0.57
-10.75 0.57
-10.75 0.56
-10.75 0.56
-10.75 0.55
-10.75 0.54
-10.75 0.54
-10.74 0.53
-10.73 0.52
-10.70 0.50
-10.68 0.49
-10.65 0.47
-10.61 0.45
-10.57 0.43
-10.52 0.41
-10.46 0.38
-10.42 0.37
-10.37 0.35
-10.31 0.31
-10.28 0.28
-10.23 0.25
-10.21 0.22
-10.19 0.19
-10.16 0.16
-10.16 0.12
-10.16 0.09
-10.16 0.05
-10.16 -0.00
-10.19 -0.05
-10.24 -0.10
-10.35 -0.12
-10.51 -0.13
-10.74 -0.13
-11.02 -0.12
-11.35 -0.11
-11.82 -0.09
-12.34 -0.06
-12.90 -0.03
-13.43 -0.01
-13.93 0.01
-14.40 0.03
-14.71 0.03
-14.94 -0.01
-15.08 -0.09
-15.20 -0.18
-15.29 -0.27
-15.38 -0.33
-15.50 -0.39
-15.62 -0.43
-15.76 -0.46
-15.95 -0.46
-16.13 -0.44
-16.35 -0.40
-16.57 -0.36
-16.81 -0.31
-17.05 -0.25
-17.26 -0.21
-17.49 -0.16
-17.70 -0.12
-17.89 -0.09
-18.10 -0.05
-18.32 -0.02
-17.85 -0.09
-17.73 -0.11
-18.03 -0.07
-18.38 -0.01
-18.79 0.05
-19.23 0.11
-19.72 0.18
-20.25 0.23
-20.74 0.24
-21.28 0.23
-21.75 0.20
-22.11 0.15
-22.34 0.08
-22.48 0.18
-22.49 0.09
-22.42 -0.02
-22.32 -0.13
-22.25 -0.22
-22.18 -0.30
-22.18 -0.36
-22.21 -0.42
-22.33 -0.46
-22.47 -0.50
-22.66 -0.53
-22.89 -0.54
-23.18 -0.54
-23.50 -0.52
-23.86 -0.48
-24.20 -0.43
-24.55 -0.37
-24.86 -0.31
-25.13 -0.26
-25.39 -0.20
-25.63 -0.14
-25.85 -0.09
-26.08 -0.03
-26.29 0.01
-26.49 0.05
-26.65 0.07
-26.75 0.06
-26.83 0.03
-26.88 -0.03
-26.89 -0.11
-26.90 -0.20
-26.92 -0.28
-26.93 -0.36
-26.98 -0.44
-27.00 -0.52
-27.04 -0.58
-27.08 -0.63
-27.13 -0.66
-27.19 -0.68
-27.25 -0.69
-27.30 -0.69
-27.37 -0.67
-27.44 -0.64
-27.51 -0.61
-27.57 -0.57
-27.65 -0.52
-27.74 -0.47
-27.83 -0.42
-27.95 -0.36
-28.09 -0.31
-29.03 -0.13
-29.20 -0.09
-29.38 -0.05
-29.57 -0.02
-29.78 -0.01
-30.00 -0.01
-30.23 -0.01
-30.48 -0.02
-30.72 -0.04
-31.01 -0.05
-31.35 -0.05
-31.69 -0.05
-32.12 -0.03
-32.59 -0.00
-33.16 0.05
-33.66 0.10
-34.01 0.12
-34.26 0.12
-34.38 0.07
-34.38 -0.00
-34.31 -0.10
-34.24 -0.14
-34.16 -0.23
-34.12 -0.29
-34.11 -0.34
-34.13 -0.38
-34.18 -0.42
-34.24 -0.46
-34.33 -0.48
-34.43 -0.50
-34.57 -0.51
-34.72 -0.50
-34.87 -0.48
-35.04 -0.46
-35.23 -0.44
-35.39 -0.42
-35.54 -0.40
-35.67 -0.40
-35.78 -0.40
-35.86 -0.41
-35.94 -0.43
-36.00 -0.45
-36.05 -0.48
-36.08 -0.51
-36.12 -0.55
-36.15 -0.59
-36.17 -0.63
-36.21 -0.65
-36.24 -0.68
-36.29 -0.69
-36.35 -0.69
-36.40 -0.69
-36.48 -0.68
-36.58 -0.66
-36.68 -0.65
-36.82 -0.62
-36.97 -0.60
-37.13 -0.58
-37.31 -0.55
-37.51 -0.52
-37.71 -0.49
-37.91 -0.46
-38.09 -0.43
-38.27 -0.39
-38.45 -0.36
-38.63 -0.33
-38.78 -0.30
-38.94 -0.28
-39.09 -0.26
-39.25 -0.24
-39.43 -0.21
-39.30 -0.23
-39.51 -0.19
-39.73 -0.16
-39.99 -0.13
-40.25 -0.09
-40.53 -0.04
-40.83 0.00
-41.10 0.04
-41.35 0.07
-41.54 0.05
-41.66 -0.02
-41.74 -0.13
-41.82 -0.26
-41.93 -0.36
-42.07 -0.45
-42.28 -0.51
-42.54 -0.54
-42.88 -0.54
-43.28 -0.52
-43.75 -0.48
-44.20 -0.43
-44.69 -0.37
-45.18 -0.31
-45.63 -0.26
-46.07 -0.21
-46.45 -0.17
-46.77 -0.14
-47.05 -0.13
-47.32 -0.12
-47.58 -0.11
-47.82 -0.10
-48.07 -0.09
-48.30 -0.08
-48.51 -0.18
-48.69 -0.19
-48.82 -0.22
-48.87 -0.26
-48.81 -0.32
-48.72 -0.37
-48.61 -0.42
-48.53 -0.47
-48.45 -0.52
-48.40 -0.55
-48.37 -0.57
-48.38 -0.59
-48.43 -0.59
-48.48 -0.60
-48.53 -0.59
-48.58 -0.59
-48.61 -0.59
-48.63 -0.60
-48.63 -0.60
-48.61 -0.60
-48.59 -0.61
-48.57 -0.61
-48.57 -0.61
-48.58 -0.61
-48.58 -0.61
-48.58 -0.61
-48.58 -0.61
-48.58 -0.61
-48.58 -0.61
-48.58 -0.61
-48.58 -0.61
-48.58 -0.61
-48.58 -0.61
-48.58 -0.61
-48.58 -0.61
-48.58 -0.61
-48.57 -0.61
-48.58 -0.61
-48.58 -0.61
-48.58 -0.61
-48.58 -0.61
-48.58 -0.61
-48.58 -0.61
-48.58 -0.61
-48.58 -0.61
-48.58 -0.61
-48.58 -0.61
-48.58 -0.61
-48.58 -0.60
-48.58 -0.60
-48.58 -0.60
-48.58 -0.60
-48.58 -0.60
-48.58 -0.59
-48.58 -0.59
-48.58 -0.58
-48.58 -0.58
-48.58 -0.57
-48.58 -0.56
-48.58 -0.55
-48.58 -0.53
-48.58 -0.52
-48.58 -0.50
-48.58 -0.49
-48.58 -0.47
-48.58 -0.45
-48.58 -0.43
-48.58 -0.41
-48.58 -0.39
-48.58 -0.36
-48.58 -0.33
-48.58 -0.30
-48.57 -0.27
-48.58 -0.23
-48.57 -0.20
-48.57 -0.16
-48.57 -0.13
-48.56 -0.08
-48.56 -0.02
-48.54 0.06
-48.54 0.16
-48.49 0.26
-48.42 0.32
-48.34 0.38
-48.22 0.41
-48.08 0.42
-47.93 0.42
-47.77 0.39
-47.60 0.35
-47.40 0.29
-47.20 0.22
-46.97 0.14
-46.67 0.05
-46.29 -0.05
-45.87 -0.15
-45.42 -0.25
-44.96 -0.32
-44.61 -0.33
-44.31 -0.30
-44.09 -0.23
-43.95 -0.10
-43.89 0.07
-43.83 0.25
-43.76 0.44
-43.63 0.58
-43.40 0.67
-43.08 0.71
-42.72 0.72
-42.32 0.70
-41.91 0.67
-41.48 0.61
-41.07 0.55
-40.63 0.47
-40.19 0.39
-39.79 0.31
-39.42 0.22
-38.82 0.10
-38.48 0.02
-38.13 -0.06
-37.77 -0.13
-37.36 -0.20
-36.92 -0.24
-36.42 -0.28
-35.89 -0.29
-35.16 -0.33
-34.28 -0.39
-33.43 -0.43
-32.48 -0.48
-31.68 -0.44
-31.17 -0.41
-30.78 -0.35
-30.49 -0.28
-30.30 -0.17
-30.17 -0.03
-30.08 0.12
-30.01 0.26
-29.91 0.39
-29.78 0.48
-29.61 0.54
-29.41 0.58
-29.19 0.60
-28.95 0.60
-28.70 0.58
-28.47 0.56
-28.78 0.60
-28.52 0.56
-28.31 0.51
-28.01 0.45
-27.67 0.37
-27.25 0.27
-26.72 0.16
-25.97 0.02
-24.79 -0.19
-23.31 -0.44
-21.82 -0.67
-20.61 -0.83
-19.82 -0.91
-19.29 -0.93
-18.87 -0.92
-18.60 -0.88
-18.40 -0.81
-18.26 -0.73
-18.56 -0.58
-18.51 -0.46
-18.51 -0.38
-18.54 -0.22
-18.58 -0.01
-18.61 0.25
-18.69 0.54
-18.74 0.79
-18.76 0.98
-18.74 1.10
-18.70 1.16
-18.62 1.19
-18.53 1.18
-18.39 1.14
-18.23 1.06
-18.05 0.95
-17.86 0.79
-17.63 0.61
-17.36 0.42
-17.04 0.18
-16.64 -0.08
-16.20 -0.32
-15.72 -0.55
-15.14 -0.73
-14.55 -0.87
-13.88 -0.98
-13.33 -1.03
-12.94 -1.01
-12.72 -0.92
-12.67 -0.75
-12.79 -0.52
-13.02 -0.25
-13.33 0.04
-13.63 0.31
-13.83 0.51
-14.01 0.66
-14.02 0.74
-13.98 0.77
-13.81 0.78
-13.60 0.76
-13.28 0.72
-12.96 0.67
-12.57 0.61
-12.11 0.52
-11.71 0.44
-11.35 0.36
-11.07 0.29
-10.87 0.22
-10.72 0.15
-10.64 0.09
-10.60 0.02
-10.62 -0.04
-10.73 -0.09
-10.90 -0.12
-11.20 -0.09
-11.63 -0.01
-12.17 0.11
-12.78 0.27
-13.27 0.40
-13.66 0.49
-13.96 0.56
-14.15 0.60
-14.23 0.61
-14.21 0.59
-14.09 0.54
-13.94 0.48
-13.75 0.40
-13.55 0.31
-13.35 0.21
-13.22 0.12
-13.10 0.03
-13.07 -0.04
-13.12 -0.07
-13.28 -0.07
-13.55 -0.00
-13.90 0.11
-14.28 0.24
-14.59 0.36
-14.85 0.44
-15.02 0.49
-15.14 0.52
-15.21 0.52
-15.24 0.51
-15.24 0.49
-15.23 0.47
-15.23 0.43
-15.22 0.40
-15.23 0.37
-15.23 0.36
-15.25 0.36
-15.28 0.37
-15.32 0.39
-15.38 0.42
-15.46 0.46
-15.57 0.50
-15.69 0.53
-15.84 0.57
-16.01 0.61
-16.20 0.64
-16.38 0.67
-16.58 0.70
-16.76 0.73
-16.92 0.75
-17.07 0.77
-17.21 0.80
-17.30 0.81
-17.41 0.82
-17.48 0.83
-17.54 0.83
-17.58 0.83
-17.62 0.83
-17.64 0.82
-17.65 0.82
-17.65 0.81
-17.64 0.80
-17.64 0.79
-17.64 0.78
-17.64 0.78
-17.64 0.77
-17.63 0.77
-17.63 0.77
-17.62 0.77
-17.60 0.77
-17.59 0.76
-17.58 0.77
-17.57 0.77
-17.56 0.77
-17.54 0.78
-17.52 0.78
-17.51 0.79
-17.50 0.80
-17.49 0.80
-17.49 0.80
-17.48 0.81
-17.48 0.81
-17.48 0.82
-17.48 0.83
-17.49 0.83
-17.49 0.84
-17.49 0.84
-17.49 0.84
-17.49 0.84
-17.50 0.84
-17.51 0.84
-17.52 0.84
-17.55 0.85
-17.56 0.85
-17.58 0.86
-17.59 0.86
-17.62 0.86
-17.63 0.87
-17.64 0.87
-17.65 0.87
-17.66 0.87
-17.65 0.87
-17.65 0.88
-17.65 0.89
-17.65 0.90
-17.65 0.91
-17.65 0.92
-17.66 0.93
-17.65 0.94
-17.65 0.95
-17.65 0.96
-17.65 0.97
-17.65 0.97
-17.65 0.98
-17.65 0.99
-17.65 0.99
-17.65 1.00
-17.65 1.00
-17.65 1.01
-17.65 1.01
-17.65 1.01
-17.65 1.02
-17.65 1.02
-17.65 1.02
-17.65 1.02
-17.65 1.02
-17.65 1.02
-17.65 1.02
-17.65 1.02
-17.65 1.02
-17.65 1.02
-17.65 1.02
-17.65 1.01
-17.65 1.01
-17.65 1.01
-17.65 1.01
-17.65 1.01
-17.65 1.01
-17.65 1.01
-17.65 1.01
-17.65 1.02
-17.65 1.02
-17.65 1.02
-17.65 1.02
-17.65 1.03
-17.66 1.03
-17.66 1.04
-17.66 1.04
-17.65 1.05
-17.66 1.05
-17.65 1.06
-17.65 1.06
-17.66 1.07
-17.65 1.07
-17.66 1.08
-17.66 1.08
-17.66 1.09
-17.66 1.09
-17.66 1.10
-17.65 1.10
-17.65 1.11
-17.66 1.11
-17.65 1.12
-17.65 1.12
-17.66 1.13
-17.65 1.13
-17.65 1.14
-17.65 1.14
-17.65 1.15
-17.65 1.15
-17.65 1.16
-17.66 1.17
-17.65 1.17
-17.66 1.18
-17.66 1.19
-17.66 1.20
-17.66 1.21
-17.66 1.21
-17.66 1.22
-17.66 1.23
-17.66 1.23
-17.66 1.24
-17.66 1.24
-17.66 1.25
-17.66 1.26
-17.66 1.26
-17.66 1.27
-17.66 1.27
-17.66 1.27
-17.66 1.28
-17.66 1.28
-17.66 1.28
-17.66 1.28
-17.66 1.29
-17.66 1.29
-17.66 1.29
-17.66 1.30
-17.66 1.30
-17.66 1.30
-17.66 1.31
-17.66 1.31
-17.66 1.32
-17.66 1.32
-17.66 1.33
-17.66 1.33
-17.66 1.34
-17.66 1.35
-17.66 1.35
-17.65 1.36
-17.65 1.36
-17.65 1.37
-17.64 1.37
-17.64 1.38
-17.63 1.38
-17.62 1.37
-17.60 1.37
-17.59 1.37
-17.57 1.37
-17.57 1.37
-17.56 1.37
-17.56 1.37
-17.55 1.36
-17.55 1.36
-17.55 1.36
-17.55 1.36
-17.55 1.36
-17.55 1.36
-17.55 1.36
-17.55 1.36
-17.55 1.36
-17.55 1.36
-17.55 1.36
-17.55 1.36
-17.55 1.36
-17.55 1.36
-17.55 1.36
-17.55 1.36
-17.55 1.36
-17.56 1.36
-17.56 1.36
-17.56 1.36
-17.56 1.36
-17.56 1.36
-17.56 1.36
-17.57 1.37
-17.58 1.37
-17.59 1.37
-17.60 1.38
-17.62 1.38
-17.64 1.40
-17.66 1.41
-17.70 1.42
-17.72 1.43
-17.75 1.45
-17.78 1.46
-17.81 1.48
-17.83 1.49
-17.87 1.50
-17.89 1.52
-17.92 1.53
-17.94 1.54
-17.96 1.55
-17.97 1.56
-18.01 1.57
-18.02 1.58
-18.04 1.59
-18.08 1.60
-18.08 1.60
-18.11 1.61
-18.12 1.62
-18.15 1.62
-18.17 1.63
-18.19 1.64
-18.21 1.64
-18.23 1.65
-18.25 1.65
-18.26 1.65
-18.28 1.65
-18.30 1.66
-18.32 1.66
-18.33 1.66
-18.34 1.66
-18.36 1.66
-18.38 1.67
-18.40 1.67
-18.41 1.67
-18.43 1.67
-18.45 1.67
-18.47 1.67
-18.48 1.67
-18.50 1.68
-18.50 1.68
-18.51 1.68
-18.51 1.68
-18.51 1.68
-18.51 1.68
-18.53 1.68
-18.51 1.68
-18.53 1.68
-18.53 1.68
-18.53 1.68
-18.53 1.68
-18.54 1.68
-18.55 1.69
-18.56 1.69
-18.57 1.69
-15.04 1.16
-18.65 1.70
-18.69 1.71
-18.72 1.72
-18.76 1.72
-18.79 1.73
-18.80 1.73
-18.83 1.73
-18.84 1.74
-18.85 1.74
-18.86 1.74
-18.87 1.74
-18.87 1.74
-18.88 1.75
-18.89 1.75
-18.89 1.75
-18.91 1.75
-18.91 1.75
-18.92 1.76
-18.93 1.76
-18.93 1.76
-18.94 1.76
-18.94 1.76
-18.94 1.76
-18.94 1.76
-18.94 1.76
-18.94 1.76
-18.94 1.76
-18.94 1.76
-18.94 1.76
-18.94 1.76
-18.94 1.76
-18.94 1.76
-18.94 1.76
-18.94 1.76
-18.94 1.76
-18.94 1.76
-18.94 1.76
-18.94 1.76
-18.94 1.76
-18.94 1.76
-18.94 1.76
-18.94 1.76
-18.94 1.76
-18.94 1.76
-18.94 1.76
-18.94 1.76
-18.94 1.76
-18.94 1.76
-18.94 1.76
-18.94 1.76
-18.94 1.76
-18.94 1.76
-18.93 1.76
-18.93 1.76
-18.92 1.76
-18.91 1.75
-18.89 1.75
-18.87 1.75
-18.85 1.74
-18.81 1.74
-18.78 1.73
-18.74 1.72
-18.71 1.71
-18.68 1.70
-14.90 1.13
-16.74 1.40
-16.73 1.40
-16.71 1.39
-16.71 1.39
-16.69 1.38
-16.69 1.37
-16.68 1.36
-16.67 1.35
-16.66 1.34
-16.64 1.32
-16.60 1.30
-16.58 1.28
-16.53 1.26
-16.49 1.23
-16.44 1.19
-16.37 1.15
-16.30 1.10
-16.22 1.05
-16.14 0.98
-16.04 0.91
-15.91 0.83
-15.76 0.74
-15.61 0.64
-15.44 0.53
-15.24 0.41
-15.05 0.29
-14.82 0.15
-14.59 0.02
-14.36 -0.14
-14.11 -0.32
-13.93 -0.48
-13.75 -0.60
-13.63 -0.69
-13.55 -0.76
-13.54 -0.82
-13.58 -0.85
-13.66 -0.87
-13.80 -0.85
-13.98 -0.81
-14.21 -0.74
-14.46 -0.65
-14.72 -0.53
-15.01 -0.40
-15.27 -0.27
-15.53 -0.12
-15.78 0.02
-16.01 0.14
-16.23 0.24
-16.41 0.28
-16.57 0.27
-16.73 0.22
-18.51 0.35
-18.62 0.20
-18.70 0.04
-18.74 -0.12
-18.77 -0.26
-18.80 -0.29
-18.86 -0.36
-18.92 -0.42
-19.00 -0.47
-19.10 -0.50
-19.22 -0.53
-19.36 -0.54
-19.52 -0.53
-19.70 -0.51
-19.92 -0.47
-20.13 -0.43
-20.40 -0.37
-20.74 -0.29
-21.12 -0.21
-21.64 -0.10
-22.26 0.02
-22.93 0.14
-23.53 0.25
-24.03 0.33
-24.35 0.36
-24.60 0.36
-24.68 0.32
-24.67 0.26
-24.53 0.16
-24.30 0.04
-23.99 -0.10
-23.65 -0.26
-23.38 -0.42
-23.12 -0.57
-22.96 -0.69
-22.91 -0.78
-22.96 -0.83
-23.13 -0.86
-23.38 -0.87
-23.72 -0.86
-24.14 -0.83
-24.60 -0.78
-25.10 -0.72
-25.56 -0.66
-25.99 -0.60
-26.38 -0.53
-26.70 -0.48
-27.04 -0.41
-27.34 -0.36
-27.61 -0.30
-27.87 -0.26
-28.10 -0.22
-28.32 -0.19
-28.51 -0.16
-28.70 -0.14
-28.90 -0.12
-28.74 -0.15
-28.99 -0.13
-29.26 -0.11
-29.56 -0.08
-29.94 -0.05
-30.38 -0.00
-30.90 0.05
-31.51 0.11
-32.13 0.17
-32.86 0.22
-33.48 0.24
-33.92 0.22
-34.18 0.18
-34.32 0.11
-34.33 0.01
-34.25 -0.01
-34.10 -0.14
-33.96 -0.26
-33.82 -0.37
-33.73 -0.48
-33.70 -0.57
-33.71 -0.64
-33.79 -0.68
-33.90 -0.72
-34.07 -0.72
-34.28 -0.70
-34.53 -0.65
-34.79 -0.61
-35.08 -0.55
-35.37 -0.50
-35.60 -0.46
-35.82 -0.43
-36.01 -0.41
-36.17 -0.39
-36.33 -0.37
-36.48 -0.36
-36.63 -0.35
-36.81 -0.34
-36.98 -0.34
-37.16 -0.34
-37.35 -0.33
-37.54 -0.33
-37.72 -0.33
-37.89 -0.33
-38.05 -0.32
-38.21 -0.32
-38.35 -0.30
-38.50 -0.29
-38.63 -0.27
-38.75 -0.25
-38.89 -0.23
-39.03 -0.21
-39.18 -0.19
-34.17 -0.95
-32.63 -1.17
-32.82 -1.14
-33.09 -1.08
-33.42 -1.00
-33.81 -0.89
-34.30 -0.77
-34.92 -0.63
-35.67 -0.48
-36.68 -0.29
-37.75 -0.11
-38.70 0.04
-39.51 0.16
-40.08 0.23
-40.50 0.23
-40.83 0.19
-41.10 0.14
-41.33 0.06
-41.50 -0.02
-41.63 -0.11
-41.74 -0.22
-41.82 -0.30
-41.86 -0.36
-41.88 -0.39
-41.85 -0.42
-41.82 -0.45
-41.78 -0.47
-41.75 -0.48
-41.73 -0.49
-41.73 -0.49
-41.73 -0.49
-41.74 -0.48
-41.75 -0.48
-41.76 -0.48
-41.76 -0.48
-41.76 -0.48
-41.77 -0.48
-41.77 -0.47
-41.77 -0.47
-41.76 -0.48
-41.76 -0.48
-41.76 -0.48
-41.76 -0.48
-41.76 -0.48
-41.76 -0.48
-41.76 -0.48
-41.76 -0.48
-41.76 -0.48
-41.77 -0.48
-41.76 -0.47
-41.76 -0.47
-41.76 -0.47
-41.76 -0.47
-41.76 -0.47
-41.76 -0.47
-41.76 -0.47
-41.77 -0.47
-41.76 -0.47
-41.76 -0.46
-41.76 -0.46
-41.76 -0.45
-41.76 -0.44
-41.76 -0.42
-41.76 -0.41
-41.76 -0.39
-41.76 -0.37
-41.76 -0.34
-41.76 -0.31
-41.76 -0.27
-41.76 -0.24
-41.76 -0.19
-41.76 -0.14
-41.76 -0.08
-41.75 -0.01
-41.74 0.06
-41.74 0.14
-41.68 0.23
-41.61 0.29
-41.52 0.34
-41.40 0.37
-41.28 0.38
-41.13 0.38
-40.97 0.37
-40.80 0.35
-40.61 0.31
-40.41 0.27
-40.17 0.21
-39.88 0.15
-39.53 0.07
-39.04 -0.02
-38.49 -0.12
-37.94 -0.20
-37.41 -0.24
-36.93 -0.25
-36.53 -0.23
-36.25 -0.17
-36.05 -0.11
-35.94 -0.04
-35.92 0.04
-35.91 0.12
-35.90 0.19
-35.84 -0.88
-35.82 0.22
-35.78 0.27
-35.75 0.32
-35.69 0.36
-35.56 0.38
-35.45 0.38
-35.25 0.37
-35.07 0.36
-34.85 0.34
-34.61 0.32
-34.32 0.29
-34.02 0.25
-33.70 0.22
-33.36 0.18
-33.03 0.15
-32.72 0.13
-38.98 1.09
-38.72 1.08
-38.41 1.05
-38.07 1.00
-37.68 0.93
-37.16 0.82
-36.45 0.69
-35.42 0.50
-33.72 0.23
-31.63 -0.10
-30.21 -0.31
-29.33 -0.42
-28.73 -0.46
-28.28 -0.44
-27.91 -0.39
-27.58 -0.31
-27.20 -0.23
-26.81 -0.15
-26.36 -0.07
-25.83 -0.02
-25.21 0.00
-24.31 -0.03
-23.21 -0.11
-22.21 -0.20
-21.13 -0.29
-20.40 -0.33
-19.87 -0.34
-19.45 -0.33
-19.14 -0.30
-18.89 -0.26
-18.69 -0.35
-18.53 -0.28
-18.40 -0.18
-18.32 -0.05
-18.27 0.10
-18.24 0.26
-18.19 0.40
-18.12 0.48
-18.05 0.53
-18.00 0.58
-17.93 0.61
-17.87 0.65
-17.82 0.68
-17.78 0.71
-18.65 0.86
-18.64 0.88
-18.63 0.88
-18.64 0.87
-18.64 0.85
-18.64 0.83
-18.65 0.80
-18.66 0.77
-18.69 0.73
-18.71 0.70
-18.73 0.66
-18.76 0.61
-18.78 0.56
-18.80 0.48
-18.84 0.37
-18.87 0.26
-18.92 0.14
-18.98 0.02
-19.03 -0.08
-19.11 -0.16
-19.24 -0.21
-19.42 -0.21
-19.65 -0.18
-19.95 -0.11
-20.33 0.00
-20.76 0.14
-21.27 0.30
-21.84 0.45
-22.43 0.57
-23.01 0.66
-23.48 0.71
-23.82 0.72
-24.00 0.70
-24.08 0.65
-24.03 0.59
-23.92 0.51
-23.77 0.42
-23.57 0.34
-23.38 0.28
-23.23 0.20
-23.11 0.13
-23.05 0.05
-23.04 0.00
-23.08 -0.05
-23.18 -0.08
-23.38 -0.09
-23.63 -0.07
-23.96 -0.01
-24.31 0.06
-24.63 0.15
-24.88 0.22
-25.03 0.27
-25.08 0.29
-25.05 0.28
-24.94 0.26
-24.79 0.23
-24.62 0.19
-24.46 0.15
-24.31 0.11
-24.19 0.08
-24.12 0.06
-24.09 0.04
-24.09 0.04
-24.11 0.04
-24.14 0.04
-24.16 0.05
-24.16 0.06
-24.16 0.07
-24.16 0.08
-24.16 0.09
-24.16 0.09
-24.16 0.10
-24.16 0.10
-24.16 0.10
-24.15 0.09
-24.15 0.09
-24.14 0.09
-24.14 0.08
-24.12 0.08
-24.11 0.07
-24.10 0.07
-24.10 0.07
-24.09 0.06
-24.08 0.06
-24.07 0.06
-24.07 0.06
-24.07 0.06
-24.07 0.06
-24.07 0.06
-24.07 0.06
-24.07 0.06
-24.06 0.06
-24.07 0.06
-24.07 0.06
-24.06 0.06
-24.06 0.06
-24.07 0.06
-24.07 0.06
-24.09 0.07
-24.10 0.07
-24.11 0.07
-24.12 0.07
-24.14 0.07
-24.16 0.08
-24.17 0.08
-24.17 0.08
-24.18 0.08
-24.18 0.08
-24.18 0.08
-24.18 0.09
-24.18 0.09
-24.18 0.09
-24.18 0.10
-24.18 0.10
-24.18 0.11
-24.18 0.11
-24.18 0.11
-24.18 0.12
-24.18 0.12
-24.18 0.12
-24.18 0.12
-24.18 0.12
-24.18 0.12
-24.18 0.12
-24.18 0.12
-24.18 0.12
-24.18 0.12
-24.18 0.12
-24.18 0.12
-24.18 0.12
-24.18 0.12
-24.18 0.12
-24.18 0.12
-24.18 0.12
-24.18 0.12
-24.18 0.12
-24.18 0.12
-24.18 0.12
-24.18 0.12
-24.18 0.12
-24.18 0.12
-24.18 0.12
-24.18 0.12
-24.18 0.12
-24.18 0.12
-24.18 0.12
-24.18 0.12
-24.18 0.12
-24.17 0.12
-24.17 0.12
-24.18 0.12
-24.18 0.12
-24.19 0.12
-24.20 0.12
-24.22 0.13
-24.23 0.13
-24.26 0.13
-24.29 0.14
-24.31 0.14
-24.32 0.14
-24.34 0.14
-24.34 0.14
-24.35 0.14
-24.35 0.14
-24.35 0.14
-24.37 0.14
-24.35 0.14
-24.37 0.14
-24.35 0.13
-24.35 0.13
-24.35 0.13
-24.37 0.13
-24.37 0.13
-24.37 0.13
-24.37 0.13
-24.37 0.13
-24.37 0.13
-24.37 0.13
-24.37 0.13
-24.37 0.13
-24.37 0.13
-24.37 0.13
-24.37 0.13
-24.38 0.13
-24.38 0.13
-24.38 0.13
-24.39 0.13
-24.40 0.13
-24.40 0.13
-24.41 0.13
-24.41 0.13
-24.42 0.13
-24.42 0.13
-24.42 0.13
-24.42 0.14
-24.44 0.14
-24.44 0.14
-24.44 0.14
-24.44 0.14
-24.44 0.14
-24.44 0.15
-24.44 0.15
-24.44 0.15
-24.44 0.16
-24.45 0.17
-24.45 0.17
-24.45 0.18
-24.45 0.18
-24.45 0.19
-24.45 0.20
-24.46 0.21
-24.46 0.22
-24.47 0.24
-24.47 0.25
-24.48 0.27
-24.48 0.28
-24.48 0.30
-24.48 0.31
-24.48 0.32
-24.48 0.34
-24.48 0.35
-24.48 0.36
-24.48 0.37
-24.48 0.38
-24.48 0.39
-24.48 0.40
-24.48 0.41
-24.48 0.41
-24.48 0.42
-24.48 0.42
-24.48 0.43
-24.48 0.43
-24.48 0.44
-24.48 0.45
-24.48 0.46
-24.48 0.47
-24.48 0.38
-24.48 0.40
-24.48 0.41
-24.48 0.42
-24.48 0.44
-24.48 0.46
-24.48 0.47
-24.48 0.49
-24.48 0.51
-24.49 0.53
-24.49 0.55
-24.49 0.56
-24.49 0.58
-24.49 0.59
-24.49 0.60
-24.50 0.62
-24.50 0.63
-24.50 0.65
-24.50 0.66
-24.50 0.67
-24.52 0.68
-24.52 0.69
-24.52 0.71
-24.52 0.72
-24.52 0.73
-24.52 0.74
-24.52 0.76
-24.52 0.77
-24.52 0.78
-24.52 0.80
-24.52 0.81
-24.52 0.82
-24.52 0.83
-24.52 0.84
-24.52 0.86
-24.52 0.87
-24.52 0.88
-24.52 0.89
-24.52 0.90
-24.52 0.92
-24.52 0.93
-24.52 0.94
-24.50 0.95
-24.50 0.96
-24.49 0.97
-24.48 0.98
-24.48 0.99
-24.47 1.00
-24.47 1.01
-24.46 1.01
-24.46 1.02
-24.45 1.02
-24.45 1.03
-24.45 1.04
-24.44 1.04
-24.44 1.05
-24.44 1.05
-24.44 1.05
-24.44 1.06
-24.44 1.06
-24.44 1.07
-24.44 1.07
-24.44 1.08
-24.44 1.09
-24.44 1.09
-24.44 1.10
-24.44 1.11
-24.44 1.12
-24.44 1.12
-24.44 1.13
-24.44 1.14
-24.44 1.15
-24.44 1.15
-24.44 1.16
-24.44 1.16
-24.44 1.17
-24.45 1.17
-24.45 1.18
-24.45 1.18
-24.45 1.19
-24.45 1.20
-24.45 1.20
-24.45 1.21
-24.45 1.21
-24.45 1.22
-24.46 1.23
-24.45 1.24
-24.46 1.25
-24.46 1.26
-24.44 1.26
-24.42 1.27
-24.40 1.27
-24.37 1.27
-24.33 1.26
-24.27 1.26
-24.23 1.25
-24.17 1.24
-24.11 1.23
-24.06 1.23
-24.00 1.22
-23.93 1.21
-23.87 1.20
-23.80 1.18
-23.72 1.15
-23.64 1.13
-23.53 1.10
-23.40 1.06
-23.25 1.01
-23.09 0.97
-22.89 0.91
-22.67 0.85
-22.43 0.79
-22.18 0.72
-21.91 0.65
-21.62 0.58
-21.35 0.50
-21.06 0.43
-20.73 0.34
-20.39 0.26
-20.07 0.17
-19.74 0.08
-19.41 -0.01
-19.11 -0.09
-18.87 -0.17
-18.48 -0.25
-18.31 -0.30
-18.17 -0.34
-18.07 -0.37
-18.01 -0.40
-17.97 -0.43
-17.96 -0.45
-17.97 -0.47
-18.01 -0.48
-18.07 -0.49
-18.13 -0.51
-18.24 -0.51
-18.38 -0.51
-18.43 0.25
-18.63 -0.44
-18.79 -0.45
-19.00 -0.46
-19.24 -0.45
-19.52 -0.44
-19.85 -0.42
-20.23 -0.39
-20.70 -0.35
-21.31 -0.29
-22.05 -0.20
-23.02 -0.08
-23.96 0.02
-24.80 0.12
-25.46 0.18
-25.94 0.20
-26.26 0.19
-26.49 0.16
-26.65 0.10
-26.76 0.02
-26.84 -0.07
-26.91 -0.17
-26.98 -0.27
-27.07 -0.34
-27.18 -0.39
-27.28 -0.45
-27.41 -0.50
-27.53 -0.53
-27.66 -0.56
-27.80 -0.58
-27.94 -0.58
-28.08 -0.57
-28.21 -0.56
-28.35 -0.53
-28.48 -0.51
-28.61 -0.47
-28.75 -0.43
-28.92 -0.38
-28.87 -0.36
-29.08 -0.29
-29.31 -0.22
-29.55 -0.15
-29.85 -0.08
-30.19 -0.00
-30.57 0.07
-31.01 0.13
-31.46 0.19
-31.89 0.21
-32.27 0.20
-32.61 0.17
-32.83 0.11
-32.94 0.01
-32.92 -0.09
-32.87 -0.20
-32.84 -0.31
-32.81 -0.40
-32.84 -0.33
-32.89 -0.40
-32.98 -0.44
-33.12 -0.47
-33.27 -0.50
-33.47 -0.51
-33.70 -0.52
-33.94 -0.54
-34.19 -0.54
-34.49 -0.54
-34.80 -0.53
-35.10 -0.51
-35.41 -0.48
-35.69 -0.45
-35.91 -0.43
-36.12 -0.40
-36.30 -0.36
-36.47 -0.33
-36.62 -0.29
-36.78 -0.25
-36.96 -0.21
-37.12 -0.17
-37.30 -0.13
-37.47 -0.09
-37.65 -0.06
-37.81 -0.02
-37.96 -0.00
-38.09 0.01
-38.20 0.02
-38.29 0.01
-38.33 -0.03
-38.34 -0.10
-38.35 -0.21
-38.35 -0.31
-38.35 -0.41
-38.35 -0.51
-38.36 -0.58
-38.36 -0.65
-38.38 -0.72
-38.40 -0.78
-38.43 -0.85
-38.47 -0.90
-38.51 -0.94
-38.56 -0.96
-38.62 -0.96
-38.70 -0.94
-38.77 -0.90
-38.86 -0.84
-38.95 -0.79
-39.08 -0.73
-39.20 -0.67
-39.38 -0.63
-39.34 -0.65
-39.54 -0.65
-39.78 -0.67
-40.06 -0.67
-40.37 -0.68
-40.73 -0.68
-41.17 -0.67
-41.67 -0.64
-42.32 -0.59
-43.14 -0.51
-44.08 -0.40
-45.02 -0.30
-45.84 -0.22
-46.58 -0.15
-47.13 -0.12
-47.59 -0.09
-48.02 -0.08
-48.38 -0.07
-48.72 -0.09
-48.99 -0.10
-49.13 -0.14
-49.06 -0.20
-48.89 -0.28
-48.72 -0.35
-48.54 -0.42
-48.37 -0.48
-48.23 -0.53
-48.13 -0.57
-48.08 -0.60
-48.08 -0.62
-48.14 -0.63
-48.21 -0.65
-48.33 -0.65
-48.45 -0.66
-48.57 -0.69
-48.69 -0.71
-48.80 -0.74
-48.84 -0.78
-48.83 -0.83
-48.79 -0.88
-48.74 -0.93
-48.69 -0.97
-48.67 -1.01
-48.66 -1.04
-48.67 -1.05
-48.69 -1.07
-48.72 -1.09
-48.73 -1.11
-48.73 -1.12
-48.73 -1.15
-48.73 -1.17
-48.73 -1.20
-48.73 -1.23
-48.73 -1.27
-48.73 -1.31
-48.73 -1.36
-48.73 -1.40
-48.73 -1.45
-48.75 -1.48
-48.75 -1.51
-48.75 -1.54
-48.76 -1.56
-48.76 -1.58
-48.76 -1.59
-48.76 -1.60
-48.76 -1.61
-48.76 -1.62
-48.78 -1.62
-48.78 -1.63
-48.78 -1.63
-48.78 -1.64
-48.78 -1.64
-48.78 -1.64
-48.78 -1.64
-48.78 -1.64
-48.78 -1.64
-48.78 -1.64
-48.78 -1.64
-48.78 -1.63
-48.79 -1.63
-48.78 -1.63
-48.78 -1.63
-48.78 -1.62
-48.78 -1.62
-48.79 -1.62
-48.79 -1.61
-48.78 -1.61
-48.78 -1.60
-48.79 -1.60
-48.79 -1.59
-48.78 -1.58
-48.78 -1.57
-48.78 -1.56
-48.78 -1.54
-48.79 -1.53
-48.78 -1.51
-48.78 -1.49
-48.78 -1.47
-48.78 -1.45
-48.78 -1.42
-48.78 -1.40
-48.78 -1.38
-48.78 -1.35
-48.78 -1.33
-48.78 -1.30
-48.78 -1.27
-48.78 -1.24
-48.78 -1.21
-48.78 -1.17
-48.78 -1.12
-48.78 -1.08
-48.78 -1.03
-48.76 -0.97
-48.76 -0.92
-48.75 -0.87
-48.75 -0.82
-48.74 -0.78
-48.74 -0.73
-48.74 -0.70
-48.73 -0.67
-48.73 -0.64
-48.72 -0.61
-48.72 -0.57
-48.72 -0.54
-48.72 -0.50
-48.72 -0.46
-48.71 -0.41
-48.71 -0.35
-48.71 -0.30
-48.69 -0.24
-48.69 -0.18
-48.68 -0.12
-48.67 -0.06
-48.67 0.00
-48.66 0.09
-48.61 0.17
-48.54 0.24
-48.45 0.29
-48.33 0.32
-48.20 0.33
-48.04 0.33
-47.87 0.31
-47.68 0.27
-47.51 0.22
-47.30 0.17
-47.06 0.10
-46.81 0.03
-46.47 -0.04
-46.09 -0.12
-45.70 -0.18
-45.27 -0.22
-44.93 -0.22
-44.65 -0.16
-44.44 -0.07
-44.29 0.06
-44.17 0.22
-43.99 0.37
-43.78 0.49
-43.48 0.58
-43.10 0.62
-42.66 0.63
-42.24 0.63
-41.81 0.62
-41.37 0.59
-40.92 0.55
-40.50 0.51
-40.07 0.46
-39.66 0.40
-39.31 0.35
-38.66 0.25
-38.32 0.20
-37.97 0.15
-37.53 0.09
-37.03 0.01
-36.36 -0.08
-35.41 -0.22
-34.00 -0.42
-32.48 -0.61
-31.08 -0.77
-30.18 -0.84
-29.61 -0.85
-29.17 -0.84
-28.86 -0.80
-28.64 -0.74
-28.47 -0.66
-28.33 -0.56
-29.12 -0.31
-29.08 -0.15
-29.04 0.00
-29.04 0.16
-29.04 0.30
-29.02 0.42
-29.00 0.50
-28.96 0.55
-28.92 0.58
-28.87 0.59
-28.80 0.58
-28.72 0.56
-28.63 0.52
-28.50 0.47
-28.35 0.40
-28.16 0.32
-27.91 0.23
-27.65 0.14
-27.29 0.03
-26.85 -0.09
-26.37 -0.21
-25.75 -0.33
-24.95 -0.44
-24.18 -0.52
-23.39 -0.58
-22.70 -0.61
-22.18 -0.59
-21.82 -0.54
-21.64 -0.48
-21.58 -0.40
-21.64 -0.31
-21.79 -0.20
-22.03 -0.08
-22.36 0.06
-22.72 0.22
-23.00 0.25
-23.23 0.36
-23.32 0.44
-23.34 0.49
-23.26 0.51
-23.11 0.51
-22.88 0.48
-22.60 0.43
-22.33 0.37
-22.05 0.29
-21.82 0.23
-21.64 0.17
-21.52 0.12
-21.45 0.08
-21.43 0.05
-21.45 0.04
-21.50 0.03
-21.57 0.02
-21.66 -0.04
-21.82 -0.03
-22.05 -0.01
-22.35 0.04
-22.71 0.10
-23.00 0.16
-23.26 0.21
-23.43 0.22
-23.54 0.24
-23.58 0.24
-23.58 0.24
-23.54 0.23
-23.49 0.20
-23.44 0.18
-23.42 0.16
-23.42 0.13
-23.42 0.10
-23.43 0.07
-23.46 0.04
-23.50 0.01
-23.54 -0.01
-23.64 -0.01
-23.81 0.00
-24.00 0.03
-24.19 0.08
-24.35 0.12
-24.47 0.16
-24.55 0.19
-24.57 0.20
-24.57 0.21
-24.55 0.21
-24.54 0.21
-24.54 0.21
-24.54 0.21
-24.54 0.20
-24.55 0.20
-24.56 0.19
-24.57 0.19
-24.60 0.18
-24.62 0.18
-24.65 0.18
-24.70 0.18
-24.75 0.18
-24.79 0.19
-24.83 0.19
-24.86 0.19
-24.90 0.19
-24.91 0.19
-24.93 0.20
-24.93 0.19
-24.93 0.19
-24.93 0.19
-24.93 0.19
-24.93 0.18
-24.94 0.18
-24.94 0.17
-24.94 0.17
-24.95 0.16
-24.97 0.16
-24.98 0.16
-24.99 0.16
-25.00 0.15
-25.01 0.15
-25.01 0.15
-25.02 0.14
-25.02 0.14
-25.03 0.14
-25.03 0.14
-25.05 0.14
-25.05 0.14
-25.05 0.14
-25.06 0.14
-25.06 0.15
-25.07 0.15
-25.07 0.16
-25.08 0.17
-25.08 0.17
-25.09 0.19
-25.10 0.20
-25.11 0.22
-25.13 0.23
-25.14 0.25
-25.15 0.27
-25.16 0.29
-25.17 0.31
-25.18 0.33
-25.20 0.34
-25.22 0.36
-25.23 0.37
-25.24 0.38
-25.25 0.38
-25.26 0.39
-25.29 0.40
-25.30 0.41
-25.31 0.41
-25.32 0.41
-25.35 0.42
-25.37 0.43
-25.38 0.43
-25.40 0.44
-25.41 0.45
-25.44 0.46
-25.46 0.47
-25.47 0.47
-25.50 0.49
-25.51 0.50
-25.52 0.51
-25.53 0.52
-25.53 0.53
-25.54 0.54
-25.54 0.55
-25.54 0.56
-25.54 0.57
-25.54 0.58
-25.54 0.59
-25.54 0.60
-25.54 0.60
-25.54 0.61
-25.54 0.62
-25.54 0.63
-25.54 0.64
-25.54 0.65
-25.54 0.66
-25.54 0.67
-25.54 0.68
-25.54 0.69
-25.54 0.69
-25.54 0.70
-25.54 0.71
-25.55 0.72
-25.55 0.73
-25.56 0.74
-25.58 0.74
-25.59 0.75
-25.60 0.75
-25.61 0.76
-25.62 0.77
-25.63 0.77
-25.64 0.78
-25.66 0.78
-25.67 0.79
-25.68 0.80
-25.69 0.81
-25.71 0.82
-25.73 0.82
-25.74 0.83
-25.76 0.84
-25.77 0.85
-25.78 0.86
-25.81 0.87
-25.83 0.88
-25.84 0.89
-25.86 0.90
-25.89 0.92
-25.91 0.93
-25.93 0.94
-25.94 0.96
-25.97 0.97
-25.98 0.98
-25.99 0.99
-25.99 1.00
-26.00 1.00
-26.00 1.01
-26.00 1.02
-26.01 1.03
-26.01 1.03
-26.01 1.04
-26.02 1.04
-26.02 1.05
-26.04 1.06
-26.04 1.06
-26.05 1.07
-26.06 1.08
-26.07 1.08
-26.07 1.09
-26.07 1.09
-26.07 1.10
-26.07 1.11
-26.07 1.12
-26.07 1.12
-26.08 1.13
-26.08 1.14
-26.08 1.14
-26.08 1.15
-26.09 1.15
-26.09 1.16
-26.11 1.16
-26.13 1.17
-26.14 1.17
-26.16 1.18
-26.20 1.19
-26.24 1.20
-26.29 1.21
-26.35 1.22
-26.41 1.23
-26.49 1.24
-26.55 1.25
-26.64 1.27
-26.73 1.28
-26.81 1.30
-26.89 1.31
-26.97 1.32
-27.05 1.33
-27.11 1.34
-27.17 1.35
-27.22 1.36
-27.26 1.37
-27.28 1.37
-27.28 1.37
-27.27 1.37
-27.27 1.37
-27.26 1.37
-27.25 1.36
-27.23 1.36
-27.22 1.36
-27.21 1.36
-27.20 1.36
-27.20 1.36
-27.20 1.36
-27.19 1.36
-27.19 1.36
-27.19 1.36
-27.19 1.36
-27.18 1.35
-27.17 1.35
-27.15 1.35
-27.13 1.35
-27.10 1.35
-27.06 1.34
-27.02 1.33
-26.97 1.33
-26.91 1.32
-26.85 1.31
-26.79 1.30
-26.72 1.29
-26.65 1.28
-26.58 1.27
-26.50 1.25
-26.42 1.24
-26.34 1.22
-26.23 1.20
-26.11 1.18
-25.97 1.15
-25.79 1.12
-25.60 1.08
-25.38 1.04
-25.13 0.98
-24.85 0.93
-24.56 0.87
-24.25 0.81
-23.92 0.74
-23.56 0.67
-23.20 0.60
-22.79 0.52
-22.35 0.43
-21.96 0.35
-21.59 0.27
-21.21 0.19
-20.84 0.11
-20.50 0.04
-20.15 -0.04
-19.83 -0.11
-19.55 -0.18
-19.31 -0.23
-19.11 -0.27
-18.98 -0.30
-18.86 -0.32
-18.79 -0.34
-18.74 -0.36
-18.73 -0.37
-18.74 -0.38
-18.79 -0.39
-18.85 -0.39
-18.93 -0.39
-19.03 -0.38
-19.17 -0.37
-19.33 -0.36
-19.51 -0.34
-19.71 -0.32
-19.94 -0.30
-20.18 -0.26
-20.46 -0.24
-20.81 -0.20
-21.20 -0.16
-21.71 -0.11
-22.35 -0.04
-23.09 0.05
-23.78 0.13
-24.35 0.19
-24.84 0.23
-25.15 0.23
-25.36 0.22
-25.44 0.18
-25.41 0.13
-25.29 0.06
-25.07 -0.02
-24.80 -0.11
-24.57 -0.20
-24.31 -0.30
-24.14 -0.38
-24.02 -0.45
-24.00 -0.50
-24.03 -0.54
-24.14 -0.56
-24.31 -0.57
-24.53 -0.56
-24.78 -0.55
-25.08 -0.51
-25.39 -0.47
-25.67 -0.42
-25.94 -0.38
-26.20 -0.32
-26.43 -0.27
-26.65 -0.22
-26.88 -0.16
-27.08 -0.11
-27.30 -0.06
-27.51 -0.01
-27.70 0.04
-27.87 0.07
-27.99 0.10
-28.09 0.10
-28.16 0.07
-28.17 0.02
-28.17 -0.05
-28.13 -0.13
-28.11 -0.22
-28.10 -0.30
-28.09 -0.38
-28.09 -0.45
-28.10 -0.51
-28.11 -0.56
-28.13 -0.60
-28.17 -0.62
-28.20 -0.63
-28.25 -0.62
-28.29 -0.60
-28.34 -0.58
-28.39 -0.55
-28.44 -0.51
-28.49 -0.47
-28.55 -0.43
-28.58 -0.38
-28.64 -0.34
-28.69 -0.31
-28.74 -0.28
-28.80 -0.26
-28.87 -0.25
-28.95 -0.25
-29.05 -0.25
-29.16 -0.25
-29.09 -0.28
-29.23 -0.29
-29.38 -0.29
-29.54 -0.29
-29.71 -0.28
-29.91 -0.28
-30.13 -0.26
-30.37 -0.23
-30.63 -0.20
-30.93 -0.15
-31.29 -0.10
-31.70 -0.03
-32.15 0.04
-32.68 0.12
-33.20 0.20
-33.62 0.24
-33.86 0.23
-33.98 0.19
-33.96 0.11
-33.83 0.00
-33.60 -0.11
-33.33 -0.24
-33.11 -0.35
-32.88 -0.46
-32.76 -0.39
-32.72 -0.45
-32.74 -0.47
-32.83 -0.48
-32.96 -0.47
-33.13 -0.45
-33.36 -0.41
-33.63 -0.36
-33.90 -0.31
-34.17 -0.26
-34.46 -0.19
-34.73 -0.13
-35.00 -0.07
-35.25 -0.01
-35.46 0.03
-35.56 0.06
-35.56 -0.09
-35.54 1.90
-35.37 -0.06
-35.00 -0.14
-34.86 -0.22
-34.51 -0.31
-34.22 -0.39
-34.04 -0.45
-33.88 -0.49
-33.83 -0.51
-33.83 -0.51
-33.93 -0.50
-34.04 -0.47
-34.22 -0.44
-34.40 -0.40
-34.63 -0.35
-34.87 -0.29
-35.11 -0.23
-35.34 -0.17
-35.54 -0.10
-35.69 -0.05
-35.80 -0.00
-35.87 0.03
-35.87 0.05
-35.78 -0.04
-35.65 1.90
-35.38 -0.06
-34.91 -0.16
-34.66 -0.25
-34.22 -0.36
-33.82 -0.45
-33.57 -0.50
-33.33 -0.55
-33.22 -0.57
-33.20 -0.58
-33.28 -0.58
-33.42 -0.56
-33.64 -0.54
-33.88 -0.51
-34.18 -0.48
-34.49 -0.45
-34.81 -0.43
-35.16 -0.40
-35.49 -0.38
-35.78 -0.36
-36.02 -0.36
-36.24 -0.35
-36.43 -0.35
-36.59 -0.35
-36.74 -0.35
-36.90 -0.35
-37.06 -0.35
-37.23 -0.34
-37.42 -0.33
-37.60 -0.32
-37.79 -0.31
-37.97 -0.30
-38.14 -0.29
-38.30 -0.28
-38.45 -0.28
-38.62 -0.28
-38.75 -0.28
-38.88 -0.28
-39.01 -0.28
-39.13 -0.27
-39.25 -0.27
-39.40 -0.26
-39.55 -0.25
-39.38 -0.29
-39.55 -0.27
-39.74 -0.25
-39.96 -0.22
-40.18 -0.20
-40.44 -0.16
-40.69 -0.13
-40.95 -0.10
-41.21 -0.07
-41.50 -0.03
-41.79 0.01
-42.08 0.05
-42.37 0.07
-42.59 0.07
-42.74 0.05
-42.82 -0.00
-42.85 -0.07
-42.87 -0.15
-42.89 -0.22
-42.96 -0.26
-43.03 -0.28
-43.15 -0.28
-43.27 -0.26
-43.43 -0.23
-43.59 -0.19
-43.76 -0.14
-43.93 -0.09
-44.10 -0.05
-44.26 -0.00
-44.39 0.02
-44.46 0.03
-44.47 0.01
-44.40 -0.04
-44.32 -0.11
-44.23 -0.19
-44.18 -0.23
-44.19 -0.24
-44.19 -0.24
-44.24 -0.23
-44.28 -0.22
-44.35 -0.21
-44.42 -0.20
-44.49 -0.19
-44.57 -0.19
-44.65 -0.19
-44.73 -0.20
-44.81 -0.22
-44.90 -0.24
-45.00 -0.26
-45.09 -0.27
-45.19 -0.29
-45.30 -0.30
-45.41 -0.31
-45.54 -0.32
-45.67 -0.32
-45.79 -0.32
-45.93 -0.32
-46.06 -0.32
-46.18 -0.31
-46.31 -0.31
-46.41 -0.31
-46.52 -0.30
-46.63 -0.30
-46.72 -0.30
-46.82 -0.30
-46.91 -0.30
-47.00 -0.30
-47.11 -0.30
-47.21 -0.30
-47.32 -0.29
-47.45 -0.28
-47.59 -0.27
-47.76 -0.26
-47.92 -0.25
-48.12 -0.23
-48.30 -0.24
-48.48 -0.24
-48.64 -0.24
-48.78 -0.25
-48.86 -0.27
-48.88 -0.30
-48.82 -0.34
-48.75 -0.38
-48.67 -0.41
-48.61 -0.44
-48.56 -0.47
-48.52 -0.49
-48.51 -0.51
-48.53 -0.52
-48.57 -0.53
-48.60 -0.53
-48.64 -0.53
-48.66 -0.53
-48.67 -0.54
-48.67 -0.54
-48.66 -0.55
-48.65 -0.55
-48.65 -0.55
-48.65 -0.55
-48.65 -0.55
-48.65 -0.55
-48.65 -0.55
-48.65 -0.55
-48.65 -0.55
-48.65 -0.55
-48.65 -0.55
-48.65 -0.55
-48.65 -0.55
-48.65 -0.55
-48.65 -0.55
-48.65 -0.55
-48.65 -0.55
-48.65 -0.55
-48.65 -0.55
-48.65 -0.55
-48.65 -0.55
-48.65 -0.55
-48.65 -0.55
-48.65 -0.55
-48.65 -0.55
-48.65 -0.55
-48.65 -0.55
-48.65 -0.55
-48.65 -0.55
-48.65 -0.55
-48.65 -0.55
-48.65 -0.55
-48.65 -0.55
-48.65 -0.55
-48.65 -0.55
-48.65 -0.54
-48.65 -0.54
-48.65 -0.54
-48.65 -0.54
-48.65 -0.53
-48.65 -0.53
-48.65 -0.53
-48.65 -0.52
-48.65 -0.51
-48.65 -0.51
-48.65 -0.50
-48.65 -0.50
-48.65 -0.49
-48.65 -0.48
-48.65 -0.48
-48.65 -0.47
-48.65 -0.47
-48.65 -0.47
-48.65 -0.46
-48.65 -0.46
-48.65 -0.45
-48.65 -0.45
-48.65 -0.45
-48.65 -0.45
-48.65 -0.45
-48.65 -0.44
-48.65 -0.44
-48.65 -0.44
-48.65 -0.44
-48.65 -0.44
-48.65 -0.44
-48.65 -0.44
-48.65 -0.44
-48.65 -0.44
-48.65 -0.44
-48.65 -0.44
-48.65 -0.44
-48.65 -0.44
-48.65 -0.44
-48.65 -0.44
-48.65 -0.45
-48.65 -0.45
-48.65 -0.45
-48.65 -0.45
-48.65 -0.45
-48.65 -0.45
-48.65 -0.45
-48.65 -0.45
-48.65 -0.45
-48.65 -0.45
-48.65 -0.45
-48.65 -0.45
-48.65 -0.45
-48.65 -0.45
-48.65 -0.44
-48.65 -0.44
-48.65 -0.43
-48.65 -0.43
-48.65 -0.42
-48.65 -0.42
-48.65 -0.41
-48.65 -0.40
-48.65 -0.39
-48.65 -0.38
-48.65 -0.37
-48.65 -0.36
-48.65 -0.34
-48.65 -0.33
-48.65 -0.32
-48.65 -0.31
-48.65 -0.29
-48.65 -0.28
-48.65 -0.26
-48.65 -0.24
-48.65 -0.22
-48.65 -0.20
-48.64 -0.16
-48.64 -0.13
-48.64 -0.09
-48.64 -0.04
-48.64 0.02
-48.63 0.08
-48.57 0.13
-48.51 0.17
-48.43 0.18
-48.33 0.19
-48.21 0.18
-48.08 0.16
-47.95 0.13
-47.80 0.11
-47.65 0.07
-47.51 0.04
-47.36 0.01
-47.20 -0.01
-47.05 -0.03
-46.92 -0.04
-46.81 -0.01
-46.72 0.05
-46.63 0.14
-46.53 0.23
-46.37 0.30
-46.14 0.32
-45.85 0.32
-45.46 0.28
-44.99 0.22
-44.46 0.14
-43.82 0.04
-43.11 -0.07
-42.49 -0.18
-42.00 -0.25
-41.61 -0.27
-41.35 -0.25
-41.10 -0.18
-40.92 -0.07
-40.78 0.05
-40.62 0.16
-40.42 0.23
-40.22 0.27
-39.97 0.28
-39.72 0.26
-39.47 0.23
-39.19 0.18
-38.94 0.13
-38.67 0.07
-38.41 -0.00
-38.11 -0.08
-37.77 -0.15
-37.45 -0.21
-37.08 -0.25
-36.70 -0.27
-36.31 -0.28
-35.90 -0.29
-35.40 -0.31
-34.85 -0.33
-34.31 -0.35
-33.80 -0.36
-33.34 -0.36
-32.98 -0.29
-32.67 -0.26
-32.46 -0.23
-32.37 -0.18
-32.34 -0.11
-32.36 -0.03
-32.43 0.06
-32.46 0.16
-32.42 0.23
-32.36 0.28
-32.21 0.29
-32.00 0.28
-31.74 0.24
-31.47 0.20
-31.17 0.16
-30.89 0.11
-30.59 0.07
-30.30 0.03
-30.01 -0.02
-29.73 -0.06
-29.50 -0.08
-29.30 -0.07
-29.12 -0.04
-28.99 0.00
-28.87 0.06
-28.74 0.12
-29.09 0.24
-28.95 0.27
-28.80 0.29
-28.67 0.30
-28.52 0.30
-28.37 0.30
-28.23 0.30
-28.06 0.29
-27.94 0.28
-27.83 0.27
-27.75 0.27
-27.71 0.27
-27.67 0.27
-27.64 0.26
-27.63 0.26
-27.61 0.26
-27.60 0.26
-27.60 0.25
-27.60 0.25
-27.60 0.25
-27.60 0.25
-27.60 0.24
-27.60 0.24
-27.60 0.24
-27.60 0.24
-27.60 0.24
-27.60 0.24
-27.60 0.24
-27.60 0.24
-27.60 0.24
-27.61 0.24
-27.63 0.24
-27.63 0.24
-27.64 0.24
-27.65 0.24
-27.67 0.24
-27.68 0.25
-27.71 0.25
-27.73 0.25
-27.74 0.25
-27.76 0.25
-27.78 0.25
-27.79 0.25
-27.80 0.25
-27.81 0.26
-27.81 0.25
-27.82 0.26
-27.83 0.26
-27.84 0.26
-27.86 0.26
-27.87 0.26
-27.88 0.26
-27.90 0.27
-27.91 0.27
-27.93 0.27
-27.94 0.27
-27.95 0.27
-27.96 0.27
-27.98 0.28
-27.99 0.27
-28.01 0.27
-28.02 0.26
-28.02 0.26
-28.03 0.26
-28.03 0.26
-28.04 0.26
-28.04 0.26
-28.05 0.26
-28.05 0.26
-28.05 0.26
-28.05 0.26
-28.04 0.26
-28.04 0.26
-28.04 0.26
-28.05 0.26
-28.05 0.26
-28.05 0.26
-28.05 0.26
-28.05 0.25
-28.05 0.25
-28.05 0.25
-28.06 0.25
-28.06 0.24
-28.06 0.24
-28.06 0.24
-28.08 0.24
-28.08 0.23
-28.09 0.23
-28.09 0.23
-28.10 0.23
-28.10 0.23
-28.10 0.23
-28.10 0.23
-28.10 0.23
-28.10 0.23
-28.10 0.23
-28.10 0.23
-28.10 0.22
-28.10 0.22
-28.11 0.23
-28.10 0.22
-28.10 0.22
-28.10 0.22
-28.10 0.22
-28.10 0.22
-28.11 0.22
-28.11 0.22
-28.11 0.22
-28.11 0.22
-28.11 0.21
-28.11 0.21
-28.11 0.21
-28.11 0.21
-28.10 0.21
-28.10 0.21
-28.11 0.20
-28.10 0.20
-28.11 0.20
-28.10 0.20
-28.10 0.20
-28.10 0.19
-28.10 0.19
-28.10 0.19
-28.11 0.19
-28.10 0.18
-28.10 0.18
-28.11 0.18
-28.11 0.17
-28.10 0.16
-28.10 0.16
-28.11 0.16
-28.11 0.15
-28.11 0.15
-28.11 0.15
-28.11 0.14
-28.11 0.14
-28.11 0.14
-28.11 0.14
-28.10 0.14
-28.10 0.14
-28.11 0.14
-28.11 0.14
-28.10 0.14
-28.11 0.14
-28.11 0.14
-28.11 0.14
-28.10 0.14
-28.10 0.14
-28.10 0.14
-28.10 0.14
-28.10 0.14
-28.10 0.14
-28.10 0.14
-28.10 0.14
-28.10 0.14
-28.10 0.14
-28.10 0.14
-28.10 0.14
-28.10 0.14
-28.10 0.14
-28.09 0.13
-28.09 0.14
-28.09 0.14
-28.09 0.13
-28.08 0.14
-28.08 0.14
-28.06 0.13
-28.06 0.13
-28.06 0.13
-28.06 0.13
-28.06 0.13
-28.06 0.13
-28.06 0.13
-28.06 0.13
-28.06 0.13
-28.08 0.13
-28.06 0.13
-28.06 0.13
-28.08 0.13
-28.08 0.13
-28.08 0.13
-28.09 0.14
-28.09 0.14
-28.10 0.14
-28.10 0.14
-28.11 0.14
-28.11 0.14
-28.12 0.14
-28.12 0.14
-28.12 0.14
-28.12 0.14
-28.12 0.14
-28.12 0.14
-28.12 0.14
-28.12 0.14
-28.11 0.14
-28.11 0.14
-28.11 0.14
-28.11 0.14
-28.11 0.14
-28.11 0.14
-28.11 0.14
-28.11 0.14
-28.11 0.14
-28.11 0.13
-28.10 0.13
-28.10 0.13
-28.10 0.13
-28.11 0.14
-28.10 0.13
-28.10 0.13
-28.10 0.13
-28.10 0.13
-28.10 0.13
-28.10 0.13
-28.10 0.13
-28.10 0.13
-28.10 0.13
-28.10 0.13
-28.10 0.13
-28.09 0.13
-28.09 0.13
-28.09 0.12
-28.08 0.12
-28.08 0.12
-28.08 0.12
-28.08 0.12
-28.08 0.12
-28.08 0.12
-28.08 0.12
-28.08 0.12
-28.08 0.12
-28.08 0.12
-28.08 0.12
-28.08 0.12
-28.09 0.12
-28.08 0.12
-28.09 0.12
-28.09 0.12
-28.09 0.12
-28.09 0.12
-28.09 0.12
-28.09 0.12
-28.09 0.12
-28.09 0.12
-28.09 0.12
-28.09 0.12
-28.09 0.12
-28.09 0.12
-28.10 0.13
-28.09 0.13
-28.09 0.13
-28.09 0.13
-28.09 0.13
-28.10 0.13
-28.09 0.13
-28.09 0.14
-28.09 0.14
-28.09 0.14
-28.09 0.14
-28.09 0.14
-28.09 0.14
-28.09 0.14
-28.09 0.14
-28.09 0.14
-28.09 0.14
-28.08 0.14
-28.08 0.14
-28.08 0.14
-28.08 0.14
-28.08 0.14
-28.06 0.14
-28.06 0.14
-28.06 0.14
-28.06 0.14
-28.06 0.14
-28.06 0.14
-28.06 0.14
-28.06 0.14
-28.06 0.14
-28.06 0.14
-28.06 0.14
-28.08 0.14
-28.08 0.14
-28.08 0.14
-28.08 0.14
-28.08 0.14
-28.08 0.14
-28.09 0.14
-28.09 0.14
-28.09 0.14
-28.10 0.15
-28.10 0.15
-28.10 0.15
-28.11 0.15
-28.10 0.15
-28.11 0.15
-28.11 0.15
-28.11 0.15
-28.11 0.15
-28.10 0.15
-28.11 0.15
-28.10 0.15
-28.10 0.15
-28.11 0.15
-28.10 0.15
-28.10 0.15
-28.10 0.15
-28.10 0.15
-28.10 0.15
-28.10 0.15
-28.10 0.15
-28.10 0.15
-28.10 0.15
-28.10 0.15
-28.10 0.15
-28.10 0.15
-28.10 0.15
-28.10 0.15
-28.10 0.15
-28.10 0.15
-28.10 0.15
-28.10 0.15
-28.10 0.15
-28.10 0.15
-28.10 0.15
-28.10 0.15
-28.10 0.15
-28.10 0.15
-28.10 0.15
-28.10 0.15
-28.10 0.15
-28.10 0.15
-28.10 0.15
-28.10 0.15
-28.10 0.15
-28.11 0.15
-28.11 0.15
-28.11 0.15
-28.11 0.15
-28.11 0.15
-28.11 0.15
-28.11 0.15
-28.11 0.15
-28.11 0.15
-28.11 0.15
-28.11 0.15
-28.11 0.15
-28.11 0.15
-28.11 0.15
-28.11 0.15
-28.11 0.16
-28.11 0.16
-28.11 0.17
-28.11 0.18
-28.11 0.20
-28.11 0.21
-28.11 0.23
-28.11 0.25
-28.11 0.28
-28.11 0.30
-28.10 0.32
-28.10 0.35
-28.10 0.37
-28.10 0.39
-28.09 0.41
-28.08 0.42
-28.06 0.44
-28.06 0.45
-28.05 0.46
-28.05 0.47
-28.04 0.49
-28.04 0.50
-28.04 0.51
-28.04 0.53
-28.04 0.54
-28.04 0.56
-28.04 0.57
-28.04 0.59
-28.04 0.61
-28.04 0.63
-28.04 0.64
-28.04 0.66
-28.05 0.67
-28.05 0.68
-28.04 0.69
-28.04 0.70
-28.04 0.70
-28.04 0.71
-28.04 0.71
-28.04 0.72
-28.04 0.72
-28.04 0.72
-28.04 0.72
-28.03 0.72
-28.03 0.72
-28.03 0.72
-28.03 0.72
-28.03 0.72
-28.03 0.71
-28.03 0.71
-28.02 0.70
-28.02 0.69
-28.02 0.68
-28.02 0.66
-28.02 0.65
-28.01 0.63
-28.01 0.61
-28.01 0.59
-27.99 0.57
-27.98 0.54
-27.97 0.51
-27.96 0.47
-27.95 0.42
-27.93 0.36
-27.91 0.29
-27.89 0.23
-27.88 0.16
-27.86 0.09
-27.83 0.01
-27.82 -0.06
-27.81 -0.13
-27.82 -0.19
-27.84 -0.24
-27.88 -0.30
-27.93 -0.36
-27.97 -0.42
-28.03 -0.47
-28.10 -0.51
-28.17 -0.55
-28.24 -0.57
-28.31 -0.59
-28.37 -0.59
-28.43 -0.59
-28.51 -0.57
-28.58 -0.54
-28.65 -0.50
-28.75 -0.46
-28.86 -0.41
-28.97 -0.35
-28.93 -0.31
-29.09 -0.24
-29.26 -0.17
-29.46 -0.09
-29.68 -0.02
-29.90 0.05
-30.15 0.11
-30.34 0.15
-30.51 0.16
-30.61 0.13
-30.66 0.06
-30.63 -0.03
-30.59 -0.15
-30.55 -0.26
-30.51 -0.35
-30.49 -0.42
-30.49 -0.47
-30.51 -0.52
-30.54 -0.56
-30.59 -0.60
-30.64 -0.62
-30.72 -0.64
-30.85 -0.64
-31.01 -0.63
-31.22 -0.60
-31.49 -0.55
-31.83 -0.49
-32.23 -0.42
-32.75 -0.33
-33.41 -0.22
-34.03 -0.12
-34.58 -0.02
-35.14 0.06
-35.57 0.13
-35.82 0.15
-35.99 0.15
-36.01 0.10
-35.94 0.03
-35.77 -0.07
-35.53 -0.19
-35.25 -0.31
-34.94 -0.45
-34.68 -0.57
-34.46 -0.67
-34.33 -0.74
-34.28 -0.80
-34.31 -0.82
-34.41 -0.81
-34.58 -0.77
-34.80 -0.71
-35.06 -0.64
-35.33 -0.55
-35.59 -0.46
-35.83 -0.38
-36.04 -0.30
-36.21 -0.23
-36.37 -0.17
-36.51 -0.12
-36.63 -0.08
-36.74 -0.05
-36.85 -0.03
-36.97 -0.02
-37.08 -0.01
-37.21 0.00
-37.31 0.00
-37.41 -0.01
-37.46 -0.03
-37.52 -0.06
-37.58 -0.07
-37.64 -0.08
-37.69 -0.07
-37.75 -0.07
-37.81 -0.06
-37.86 -0.06
-37.91 -0.04
-37.95 -0.03
-37.98 -0.02
-38.02 -0.00
-38.04 0.01
-38.05 0.03
-38.03 0.04
-37.99 0.03
-37.92 0.01
-37.82 -0.01
-37.72 -0.03
-37.60 -0.06
-37.51 -0.07
-37.44 -0.08
-37.39 -0.08
-37.37 -0.08
-37.38 -0.08
-37.41 -0.07
-37.44 -0.06
-37.50 -0.04
-37.56 -0.02
-37.61 0.01
-37.67 0.03
-37.69 0.04
-37.68 0.04
-37.65 0.02
-37.60 0.01
-37.53 -0.01
-37.44 -0.04
-37.37 -0.07
-37.34 -0.08
-37.33 -0.09
-37.34 -0.09
-37.37 -0.09
-37.42 -0.08
-37.47 -0.07
-37.53 -0.06
-37.60 -0.04
-37.67 -0.02
-37.74 0.01
-37.81 0.03
-37.83 0.04
-37.82 0.04
-37.79 0.03
-37.73 0.02
-37.65 -0.01
-37.53 -0.03
-37.45 -0.06
-37.38 -0.08
-37.34 -0.09
-37.33 -0.09
-37.34 -0.09
-37.37 -0.09
-37.42 -0.08
-37.47 -0.06
-37.54 -0.04
-37.61 -0.02
-37.68 0.00
-37.75 0.03
-37.77 0.04
-37.77 0.04
-37.74 0.03
-37.68 0.02
-37.60 -0.01
-37.51 -0.03
-37.43 -0.06
-37.37 -0.07
-37.34 -0.08
-37.34 -0.09
-37.36 -0.09
-37.39 -0.09
-37.44 -0.07
-37.51 -0.06
-37.57 -0.04
-37.64 -0.02
-37.71 0.00
-37.77 0.03
-37.80 0.04
-37.79 0.04
