-7.77 0.37
-7.77 0.37
-7.77 0.37
-7.77 0.37
-7.77 0.37
-7.77 0.37
-7.77 0.37
-7.77 0.37
-7.77 0.37
-7.77 0.37
-7.77 0.37
-7.77 0.37
-7.77 0.37
-7.77 0.37
-7.77 0.37
-7.77 0.37
-7.77 0.37
-7.77 0.37
-7.77 0.37
-7.77 0.37
-7.76 0.37
-7.76 0.37
-7.76 0.37
-7.76 0.37
-7.76 0.37
-7.77 0.37
-7.76 0.37
-7.76 0.37
-7.76 0.37
-7.76 0.37
-7.77 0.37
-7.77 0.37
-7.77 0.37
-7.77 0.37
-7.76 0.37
-7.76 0.37
-7.77 0.37
-7.76 0.37
-7.76 0.37
-7.77 0.37
-7.76 0.37
-7.76 0.37
-7.76 0.37
-7.76 0.37
-7.76 0.37
-7.76 0.37
-7.76 0.37
-7.76 0.37
-7.76 0.37
-7.76 0.37
-7.76 0.37
-7.76 0.37
-7.76 0.37
-7.76 0.37
-7.76 0.37
-7.76 0.37
-7.76 0.37
-7.76 0.37
-7.76 0.37
-7.76 0.37
-7.76 0.37
-7.76 0.37
-7.76 0.37
-7.76 0.37
-7.76 0.37
-7.76 0.37
-7.77 0.36
-7.76 0.36
-7.76 0.36
-7.76 0.36
-7.76 0.36
-7.76 0.36
-7.76 0.36
-7.77 0.36
-7.76 0.36
-7.76 0.36
-7.77 0.36
-7.76 0.36
-7.77 0.36
-7.77 0.36
-7.77 0.36
-7.77 0.36
-7.77 0.36
-7.77 0.36
-7.77 0.36
-7.77 0.36
-7.77 0.36
-7.77 0.36
-7.77 0.36
-7.77 0.36
-7.78 0.36
-7.78 0.36
-7.77 0.36
-7.77 0.36
-7.78 0.36
-7.78 0.36
-7.78 0.36
-7.78 0.36
-7.77 0.36
-7.78 0.36
-7.78 0.36
-7.78 0.36
-7.77 0.35
-7.78 0.36
-7.77 0.35
-7.77 0.35
-7.78 0.36
-7.78 0.36
-7.77 0.35
-7.78 0.36
-7.78 0.36
-7.78 0.36
-7.78 0.36
-7.77 0.35
-7.78 0.36
-7.78 0.36
-7.78 0.36
-7.78 0.36
-7.78 0.36
-7.78 0.36
-7.77 0.35
-7.77 0.35
-7.78 0.36
-7.78 0.36
-7.78 0.36
-7.78 0.36
-7.77 0.35
-7.78 0.35
-7.78 0.35
-7.77 0.35
-7.77 0.35
-7.78 0.35
-7.77 0.35
-7.78 0.35
-7.78 0.35
-7.77 0.35
-7.78 0.35
-7.77 0.35
-7.78 0.35
-7.77 0.35
-7.77 0.35
-7.78 0.35
-7.78 0.35
-7.77 0.35
-7.78 0.35
-7.78 0.35
-7.78 0.35
-7.77 0.35
-7.77 0.35
-7.77 0.35
-7.77 0.35
-7.78 0.35
-7.78 0.35
-7.78 0.35
-7.77 0.35
-7.77 0.35
-7.78 0.35
-7.78 0.35
-7.78 0.35
-7.78 0.35
-7.78 0.35
-7.77 0.35
-7.78 0.35
-7.78 0.36
-7.78 0.36
-7.78 0.36
-7.78 0.36
-7.78 0.36
-7.78 0.36
-7.78 0.36
-7.78 0.36
-7.78 0.36
-7.78 0.36
-7.78 0.36
-7.78 0.36
-7.78 0.36
-7.78 0.36
-7.78 0.36
-7.78 0.36
-7.79 0.37
-7.79 0.37
-7.79 0.37
-7.79 0.37
-7.80 0.37
-7.80 0.37
-7.80 0.38
-7.81 0.38
-7.81 0.38
-7.82 0.39
-7.82 0.39
-7.84 0.39
-7.84 0.40
-7.84 0.40
-7.84 0.41
-7.84 0.41
-7.84 0.41
-7.84 0.42
-7.84 0.42
-7.84 0.42
-7.84 0.43
-7.84 0.43
-7.84 0.44
-7.84 0.44
-7.84 0.44
-7.84 0.45
-7.84 0.45
-7.84 0.45
-7.82 0.45
-7.84 0.46
-7.84 0.46
-7.82 0.46
-7.82 0.47
-7.82 0.47
-7.82 0.47
-7.82 0.48
-7.82 0.48
-7.82 0.48
-7.82 0.48
-7.82 0.48
-7.82 0.49
-7.82 0.49
-7.82 0.49
-7.82 0.49
-7.82 0.50
-7.81 0.50
-7.81 0.51
-7.81 0.52
-7.81 0.52
-7.81 0.53
-7.82 0.54
-7.82 0.55
-7.82 0.56
-7.82 0.58
-7.82 0.59
-7.82 0.60
-7.82 0.61
-7.82 0.63
-7.82 0.64
-7.82 0.66
-7.82 0.68
-7.84 0.71
-7.82 0.73
-7.84 0.76
-7.84 0.79
-7.84 0.81
-7.84 0.84
-7.84 0.87
-7.84 0.89
-7.84 0.92
-7.84 0.95
-7.84 0.98
-7.84 1.02
-7.84 1.06
-7.84 1.09
-7.84 1.13
-7.84 1.17
-7.84 1.20
-7.84 1.22
-7.85 1.26
-7.84 1.28
-7.84 1.30
-7.84 1.33
-7.84 1.35
-7.84 1.38
-7.84 1.40
-7.82 1.43
-7.82 1.45
-7.81 1.48
-7.80 1.50
-7.79 1.52
-7.78 1.54
-7.77 1.56
-7.73 1.58
-7.71 1.60
-7.69 1.62
-7.64 1.64
-7.61 1.67
-7.55 1.69
-7.49 1.71
-7.42 1.72
-7.34 1.74
-7.24 1.74
-7.13 1.75
-7.03 1.76
-6.91 1.76
-6.79 1.76
-6.66 1.77
-6.55 1.77
-6.43 1.78
-6.30 1.79
-6.20 1.80
-6.12 1.82
-6.05 1.83
-6.00 1.85
-5.97 1.85
-5.97 1.88
-5.97 1.90
-5.98 1.90
-5.98 1.90
-5.99 1.90
-5.99 1.90
-6.00 1.90
-6.02 1.90
-6.03 1.90
-6.04 1.90
-6.06 1.90
-6.09 1.90
-6.11 1.90
-6.13 1.90
-6.17 1.90
-6.19 1.90
-6.21 1.90
-6.22 1.90
-6.24 1.90
-6.24 1.90
-6.24 1.90
-6.24 1.90
-6.24 1.90
-6.24 1.90
-6.24 1.90
-6.24 1.90
-6.24 1.90
-6.24 1.90
-6.24 1.90
-6.24 1.90
-6.24 1.90
-6.24 1.90
-6.24 1.90
-6.24 1.90
-6.24 1.90
-6.24 1.90
-6.22 1.90
-6.24 1.90
-6.24 1.90
-6.24 1.90
-6.24 1.90
-6.24 1.90
-6.24 1.90
-6.25 1.90
-6.26 1.90
-6.27 1.90
-6.29 1.90
-6.30 1.90
-6.34 1.90
-6.37 1.90
-6.41 1.90
-6.44 1.90
-6.48 1.90
-6.50 1.90
-6.53 1.90
-6.56 1.90
-6.58 1.90
-6.60 1.90
-6.62 1.90
-6.62 1.90
-6.62 1.90
-6.62 1.90
-6.62 1.90
-6.62 1.90
-6.62 1.90
-6.62 1.90
-6.62 1.90
-6.62 1.90
-6.62 1.90
-6.62 1.90
-6.62 1.90
-6.62 1.90
-6.62 1.90
-6.62 1.90
-6.62 1.90
-6.62 1.90
-6.63 1.90
-6.62 1.90
-6.63 1.90
-6.63 1.90
-6.63 1.90
-6.63 1.90
-6.63 1.90
-6.63 1.90
-6.64 1.90
-6.64 1.90
-6.64 1.90
-6.64 1.90
-6.64 1.90
-6.64 1.90
-6.64 1.90
-6.64 1.90
-6.64 1.90
-6.64 1.90
-6.64 1.90
-6.64 1.90
-6.64 1.90
-6.64 1.90
-6.64 1.90
-6.64 1.90
-6.64 1.90
-6.64 1.90
-6.64 1.90
-6.64 1.90
-6.64 1.90
-6.64 1.90
-6.64 1.90
-6.64 1.90
-6.64 1.90
-6.64 1.90
-6.64 1.90
-6.64 1.90
-6.64 1.90
-6.64 1.90
-6.64 1.90
-6.64 1.90
-6.64 1.90
-6.64 1.90
-6.64 1.90
-6.64 1.90
-6.64 1.90
-6.64 1.90
-6.64 1.90
-6.64 1.90
-6.64 1.90
-6.64 1.90
-6.64 1.90
-6.64 1.90
-6.64 1.90
-6.64 1.90
-6.64 1.90
-6.64 1.90
-6.64 1.90
-6.64 1.90
-6.64 1.90
-6.64 1.90
-6.64 1.90
-6.64 1.90
-6.64 1.90
-6.64 1.90
-6.64 1.90
-6.64 1.90
-6.64 1.90
-6.64 1.90
-6.64 1.90
-6.64 1.90
-6.64 1.90
-6.64 1.90
-6.64 1.90
-6.64 1.90
-6.64 1.90
-6.64 1.90
-6.64 1.90
-6.64 1.90
-6.63 1.90
-6.63 1.90
-6.63 1.90
-6.63 1.90
-6.63 1.90
-6.64 1.90
-6.64 1.90
-6.64 1.90
-6.64 1.90
-6.64 1.90
-6.63 1.90
-6.64 1.90
-6.64 1.90
-6.64 1.90
-6.64 1.90
-6.64 1.90
-6.64 1.90
-6.64 1.90
-6.64 1.90
-6.64 1.90
-6.64 1.90
-6.64 1.90
-6.64 1.90
-6.64 1.90
-6.64 1.90
-6.64 1.90
-6.64 1.90
-6.64 1.90
-6.64 1.90
-6.64 1.90
-6.64 1.90
-6.64 1.90
-6.64 1.90
-6.64 1.90
-6.64 1.90
-6.64 1.90
-6.64 1.90
-6.64 1.90
-6.64 1.90
-6.64 1.90
-6.64 1.90
-6.64 1.90
-6.64 1.90
-6.65 1.90
-6.64 1.90
-6.64 1.90
-6.64 1.90
-6.65 1.90
-6.65 1.90
-6.64 1.90
-6.65 1.90
-6.65 1.90
-6.65 1.90
-6.65 1.90
-6.65 1.90
-6.65 1.90
-6.65 1.90
-6.65 1.90
-6.65 1.90
-6.65 1.90
-6.66 1.90
-6.66 1.90
-6.66 1.90
-6.66 1.90
-6.66 1.90
-6.66 1.90
-6.66 1.90
-6.66 1.90
-6.66 1.90
-6.67 1.90
-6.67 1.90
-6.67 1.90
-6.67 1.90
-6.67 1.90
-6.67 1.90
-6.67 1.90
-6.68 1.90
-6.68 1.90
-6.68 1.90
-6.68 1.90
-6.68 1.90
-6.68 1.90
-6.70 1.90
-6.70 1.90
-6.70 1.90
-6.71 1.90
-6.71 1.90
-6.71 1.90
-6.72 1.90
-6.73 1.90
-6.73 1.90
-6.74 1.90
-6.75 1.90
-6.75 1.90
-6.76 1.90
-6.78 1.90
-6.79 1.90
-6.80 1.90
-6.81 1.90
-6.82 1.90
-6.83 1.90
-6.85 1.90
-6.86 1.90
-6.86 1.90
-6.87 1.90
-6.87 1.90
-6.87 1.90
-6.87 1.90
-6.87 1.90
-6.87 1.90
-6.87 1.90
-6.86 1.90
-6.87 1.90
-6.86 1.90
-6.86 1.90
-6.86 1.90
-6.86 1.90
-6.85 1.90
-6.85 1.90
-6.83 1.90
-6.82 1.90
-6.80 1.90
-6.78 1.90
-6.73 1.90
-6.68 1.90
-6.63 1.90
-6.57 1.90
-6.49 1.90
-6.40 1.90
-6.29 1.90
-6.19 1.90
-6.07 1.90
-5.95 1.90
-5.82 1.90
-5.68 1.90
-5.53 1.90
-5.37 1.90
-5.16 1.90
-4.92 1.90
-4.60 1.90
-4.18 1.90
-3.68 1.90
-3.11 1.90
-2.51 1.90
-1.88 1.90
-1.26 1.90
-0.72 1.90
-0.29 1.90
0.04 1.90
0.31 1.90
0.53 1.90
0.70 1.90
0.85 1.90
0.96 1.90
1.07 1.90
1.16 1.90
1.24 1.90
1.31 1.90
1.38 1.90
1.43 1.90
1.47 1.90
1.51 1.90
1.54 1.90
1.56 1.90
1.59 1.90
1.61 1.90
1.64 1.90
1.67 1.90
1.70 1.90
1.74 1.90
1.77 1.90
1.82 1.90
1.86 1.90
1.91 1.83
1.96 1.76
2.00 1.67
2.04 1.59
2.06 1.50
2.07 1.41
2.06 1.33
2.06 1.26
2.04 1.21
2.02 1.15
1.99 1.11
1.97 1.07
1.92 1.03
1.87 1.00
1.83 0.96
1.78 0.92
1.71 0.89
1.66 0.86
1.59 0.84
1.52 0.81
1.45 0.79
1.37 0.77
1.29 0.78
1.22 0.76
1.15 0.73
1.07 0.71
1.00 0.69
0.92 0.67
0.84 0.65
0.76 0.63
0.68 0.62
0.57 0.61
0.47 0.60
0.35 0.58
0.20 0.58
0.05 0.58
-0.14 0.58
-0.36 0.58
-0.60 0.59
-0.88 0.59
-1.19 0.60
-1.48 0.60
-1.77 0.59
-2.02 0.57
-2.23 0.54
-2.40 0.51
-2.53 0.47
-2.63 0.43
-2.69 0.38
-2.73 0.33
-2.74 0.28
-2.74 0.22
-2.74 0.16
-2.74 0.08
-2.74 0.01
-2.74 -0.06
-2.79 -0.12
-2.94 -0.16
-3.12 -0.19
-3.41 -0.19
-3.72 -0.18
-4.08 -0.16
-4.45 -0.14
-4.77 -0.13
-5.08 -0.12
-5.36 -0.11
-5.61 -0.12
-5.88 -0.12
-6.12 -0.12
-6.35 -0.12
-6.58 -0.13
-6.80 -0.09
-7.00 -0.10
-7.20 -0.10
-7.38 -0.10
-7.55 -0.11
-7.73 -0.11
-7.94 -0.11
-7.94 -0.14
-8.20 -0.13
-8.49 -0.12
-8.84 -0.11
-9.29 -0.08
-9.88 -0.04
-10.64 0.04
-11.64 0.15
-12.84 0.29
-13.80 0.38
-14.56 0.44
-15.08 0.45
-15.45 0.44
-15.68 0.40
-15.84 0.36
-15.96 0.30
-16.03 0.25
-16.07 0.18
-16.08 0.09
-16.08 -0.01
-16.07 -0.10
-16.08 -0.19
-16.13 -0.25
-16.19 -0.31
-16.29 -0.33
-16.39 -0.36
-16.54 -0.38
-16.71 -0.41
-16.87 -0.44
-17.03 -0.46
-17.19 -0.49
-17.37 -0.50
-17.55 -0.52
-17.71 -0.53
-17.89 -0.50
-18.08 -0.51
-18.30 -0.51
-18.26 -0.56
-18.55 -0.55
-18.88 -0.53
-19.33 -0.49
-19.86 -0.44
-20.54 -0.36
-21.43 -0.25
-22.60 -0.09
-23.88 0.08
-25.00 0.22
-25.74 0.31
-26.27 0.35
-26.68 0.38
-26.98 0.38
-27.21 0.37
-27.38 0.35
-27.51 0.32
-27.60 0.27
-27.65 0.22
-27.66 0.16
-27.65 0.10
-27.61 0.03
-27.56 -0.04
-27.48 -0.11
-27.41 -0.18
-27.35 -0.25
-27.32 -0.31
-27.29 -0.38
-27.29 -0.45
-27.30 -0.51
-27.34 -0.57
-27.38 -0.62
-27.44 -0.67
-27.51 -0.71
-27.60 -0.74
-27.70 -0.77
-27.81 -0.78
-27.91 -0.80
-28.03 -0.81
-28.16 -0.81
-28.27 -0.82
-28.39 -0.83
-28.52 -0.84
-28.69 -0.84
-22.72 -1.75
-28.39 -0.92
-28.66 -0.89
-29.02 -0.85
-29.48 -0.78
-30.08 -0.70
-30.89 -0.59
-31.97 -0.43
-33.41 -0.23
-34.69 -0.04
-35.59 0.08
-36.21 0.16
-36.68 0.22
-37.07 0.24
-37.35 0.26
-37.56 0.26
-37.74 0.26
-37.87 0.25
-37.95 0.24
-37.99 0.22
-37.99 0.19
-37.97 0.16
-37.91 0.12
-37.82 0.07
-37.71 0.01
-37.57 -0.06
-37.39 -0.12
-37.23 -0.18
-37.07 -0.24
-36.92 -0.28
-36.80 -0.32
-36.69 -0.35
-36.62 -0.38
-36.60 -0.40
-36.61 -0.43
-36.65 -0.44
-36.71 -0.44
-36.80 -0.44
-36.90 -0.43
-37.01 -0.42
-37.13 -0.41
-37.24 -0.39
-37.37 -0.37
-37.49 -0.35
-37.61 -0.34
-37.73 -0.32
-37.83 -0.30
-37.94 -0.29
-38.04 -0.27
-38.13 -0.25
-38.22 -0.23
-38.32 -0.21
-38.41 -0.18
-38.50 -0.16
-38.62 -0.13
-38.73 -0.11
-39.56 0.03
-39.69 0.06
-39.79 0.08
-39.85 0.09
-39.88 0.09
-39.86 0.09
-39.82 0.09
-39.74 0.09
-39.65 0.08
-39.54 0.08
-39.49 0.09
-39.35 0.09
-39.21 0.08
-39.08 0.08
-38.91 0.08
-38.73 0.07
-38.51 0.05
-38.27 0.04
-37.98 0.02
-37.62 -0.01
-37.20 -0.05
-36.75 -0.10
-36.18 -0.15
-35.49 -0.21
-34.61 -0.31
-33.74 -0.39
-32.88 -0.48
-32.21 -0.54
-31.75 -0.57
-31.40 -0.57
-31.17 -0.57
-31.04 -0.56
-30.96 -0.53
-30.96 -0.50
-30.99 -0.45
-31.06 -0.41
-31.17 -0.35
-31.34 -0.28
-31.54 -0.19
-31.81 -0.09
-32.10 0.02
-32.41 0.14
-32.65 0.24
-32.90 0.33
-32.98 0.40
-32.98 0.45
-32.84 0.48
-32.60 0.49
-32.31 0.50
-31.99 0.52
-31.66 0.53
-31.28 0.54
-30.91 0.55
-30.55 0.56
-30.21 0.57
-29.86 0.57
-29.55 0.58
-29.26 0.58
-28.99 0.58
-28.47 0.54
-28.20 0.53
-27.90 0.53
-27.56 0.51
-27.08 0.49
-26.49 0.44
-25.66 0.35
-24.31 0.19
-22.57 -0.04
-20.82 -0.27
-19.69 -0.40
-18.93 -0.47
-18.39 -0.50
-18.16 -0.47
-17.82 -0.46
-17.52 -0.43
-17.24 -0.40
-16.97 -0.35
-16.71 -0.30
-16.45 -0.25
-16.20 -0.20
-15.97 -0.14
-15.77 -0.09
-15.61 -0.03
-15.48 0.03
-15.37 0.09
-15.22 0.13
-15.05 0.15
-14.79 0.18
-14.47 0.19
-14.03 0.18
-13.48 0.16
-12.81 0.11
-12.09 0.05
-11.29 -0.03
-10.67 -0.08
-10.21 -0.11
-9.84 -0.12
-9.56 -0.12
-9.36 -0.11
-9.21 -0.10
-9.10 -0.08
-9.02 -0.07
-8.98 -0.05
-8.95 -0.04
-8.94 -0.02
-8.94 -0.00
-8.97 0.02
-8.98 0.04
-8.98 0.06
-8.97 0.07
-8.94 0.09
-8.92 0.10
-8.90 0.10
-8.86 0.11
-8.83 0.12
-8.78 0.13
-8.75 0.14
-8.71 0.15
-8.68 0.16
-8.65 0.17
-8.63 0.18
-8.62 0.20
-8.61 0.21
-8.61 0.22
-8.61 0.23
-8.61 0.18
-8.61 0.19
-8.61 0.21
-8.61 0.22
-8.62 0.24
-8.63 0.25
-8.63 0.27
-8.63 0.28
-8.64 0.30
-8.65 0.32
-8.67 0.33
-8.68 0.35
-8.68 0.37
-8.69 0.38
-8.71 0.40
-8.72 0.43
-8.73 0.45
-8.76 0.47
-8.77 0.49
-8.79 0.52
-8.82 0.55
-8.83 0.58
-8.85 0.61
-8.87 0.65
-8.88 0.68
-8.90 0.71
-8.91 0.74
-8.91 0.76
-8.92 0.79
-8.93 0.82
-8.93 0.85
-8.94 0.88
-8.94 0.92
-8.95 0.95
-8.94 0.98
-8.94 1.01
-8.95 1.04
-8.95 1.08
-8.95 1.11
-8.95 1.14
-8.95 1.18
-8.95 1.22
-8.95 1.25
-8.95 1.29
-8.95 1.33
-8.95 1.36
-8.95 1.39
-8.95 1.42
-8.95 1.44
-8.95 1.47
-8.95 1.49
-8.95 1.51
-8.94 1.53
-8.94 1.55
-8.93 1.56
-8.93 1.58
-8.93 1.59
-8.93 1.61
-8.92 1.62
-8.92 1.63
-8.92 1.64
-8.91 1.65
-8.91 1.66
-8.91 1.67
-8.91 1.68
-8.91 1.69
-8.90 1.70
-8.91 1.71
-8.91 1.72
-8.91 1.73
-8.91 1.74
-8.91 1.75
-8.91 1.76
-8.91 1.77
-8.90 1.78
-8.91 1.80
-8.90 1.81
-8.90 1.82
-8.90 1.84
-8.90 1.85
-8.88 1.87
-8.87 1.89
-8.87 1.90
-8.86 1.90
-8.85 1.90
-8.83 1.90
-8.82 1.90
-8.79 1.90
-8.77 1.90
-8.76 1.90
-8.73 1.90
-8.71 1.90
-8.70 1.90
-8.69 1.90
-8.68 1.90
-8.68 1.90
-8.67 1.90
-8.67 1.90
-8.67 1.90
-8.67 1.90
-8.67 1.90
-8.67 1.90
-8.67 1.90
-8.67 1.90
-8.67 1.90
-8.65 1.90
-8.65 1.90
-8.64 1.90
-8.63 1.90
-8.62 1.90
-8.61 1.90
-8.60 1.90
-8.58 1.90
-8.57 1.90
-8.56 1.90
-8.56 1.90
-8.56 1.90
-8.55 1.90
-8.55 1.90
-8.55 1.90
-8.55 1.90
-8.55 1.90
-8.55 1.90
-8.55 1.90
-8.55 1.90
-8.55 1.90
-8.55 1.90
-8.55 1.90
-8.55 1.90
-8.55 1.90
-8.55 1.90
-8.55 1.90
-8.55 1.90
-8.55 1.90
-8.55 1.90
-8.55 1.90
-8.55 1.90
-8.55 1.90
-8.55 1.90
-8.55 1.90
-8.55 1.90
-8.55 1.90
-8.55 1.90
-8.55 1.90
-8.55 1.90
-8.55 1.90
-8.54 1.90
-8.55 1.90
-8.55 1.90
-8.54 1.90
-8.54 1.90
-8.53 1.90
-8.53 1.90
-8.53 1.90
-8.53 1.90
-8.52 1.90
-8.52 1.90
-8.52 1.90
-8.52 1.90
-8.52 1.90
-8.52 1.90
-8.52 1.90
-8.50 1.90
-8.50 1.90
-8.50 1.90
-8.50 1.90
-8.50 1.90
-8.50 1.90
-8.50 1.90
-8.50 1.90
-8.50 1.90
-8.50 1.90
-8.50 1.90
-8.50 1.90
-8.50 1.90
-8.50 1.90
-8.50 1.90
-8.50 1.90
-8.49 1.90
-8.49 1.90
-8.49 1.90
-8.49 1.90
-8.50 1.90
-8.49 1.90
-8.49 1.90
-8.49 1.90
-8.49 1.90
-8.49 1.90
-8.49 1.90
-8.49 1.90
-8.49 1.90
-8.49 1.90
-8.49 1.90
-8.48 1.90
-8.48 1.90
-8.48 1.90
-8.47 1.90
-8.47 1.90
-8.47 1.90
-8.46 1.90
-8.45 1.90
-8.45 1.90
-8.42 1.90
-8.41 1.90
-8.41 1.90
-8.39 1.90
-8.38 1.90
-8.37 1.90
-8.35 1.90
-8.34 1.90
-8.32 1.90
-8.31 1.90
-8.30 1.90
-8.29 1.90
-8.27 1.90
-8.27 1.90
-8.26 1.90
-8.25 1.90
-8.25 1.90
-8.24 1.90
-8.24 1.90
-8.24 1.90
-8.23 1.90
-8.23 1.90
-8.23 1.90
-8.23 1.90
-8.23 1.90
-8.23 1.90
-8.23 1.90
-8.23 1.90
-8.23 1.90
-8.23 1.90
-8.22 1.90
-8.22 1.90
-8.23 1.90
-8.22 1.90
-8.22 1.90
-8.22 1.90
-8.22 1.90
-8.22 1.90
-8.22 1.90
-8.22 1.90
-8.22 1.90
-8.22 1.90
-8.22 1.90
-8.22 1.90
-8.22 1.90
-8.22 1.90
-8.22 1.90
-8.22 1.90
-8.22 1.90
-8.22 1.90
-8.22 1.90
-8.22 1.90
-8.22 1.90
-8.22 1.90
-8.23 1.90
-8.22 1.90
-8.23 1.90
-8.22 1.90
-8.22 1.90
-8.22 1.90
-8.22 1.90
-8.22 1.90
-8.22 1.90
-8.22 1.90
-8.22 1.90
-8.22 1.90
-8.22 1.90
-8.22 1.90
-8.22 1.90
-8.22 1.90
-8.22 1.90
-8.22 1.90
-8.22 1.90
-8.22 1.90
-8.22 1.90
-8.23 1.90
-8.23 1.90
-8.22 1.90
-8.22 1.90
-8.22 1.90
-8.22 1.90
-8.22 1.90
-8.23 1.90
-8.23 1.90
-8.22 1.90
-8.22 1.90
-8.22 1.90
-8.23 1.90
-8.23 1.90
-8.22 1.90
-8.22 1.90
-8.23 1.90
-8.22 1.90
-8.22 1.90
-8.22 1.90
-8.22 1.90
-8.22 1.90
-8.22 1.90
-8.22 1.90
-8.23 1.90
-8.23 1.90
-8.23 1.90
-8.23 1.90
-8.23 1.90
-8.23 1.90
-8.23 1.90
-8.22 1.90
-8.23 1.90
-8.22 1.90
-8.23 1.90
-8.23 1.90
-8.23 1.90
-8.23 1.90
-8.23 1.90
-8.23 1.90
-8.23 1.90
-8.23 1.90
-8.23 1.90
-8.23 1.90
-8.22 1.90
-8.22 1.90
-8.22 1.90
-8.22 1.90
-8.22 1.90
-8.22 1.90
-8.22 1.90
-8.22 1.90
-8.22 1.90
-8.22 1.90
-8.22 1.90
-8.22 1.90
-8.22 1.90
-8.22 1.90
-8.22 1.90
-8.22 1.90
-8.22 1.90
-8.22 1.90
-8.22 1.90
-8.22 1.90
-8.22 1.90
-8.22 1.90
-8.23 1.90
-8.22 1.90
-8.22 1.90
-8.23 1.90
-8.23 1.90
-8.22 1.90
-8.22 1.90
-8.22 1.90
-8.23 1.90
-8.22 1.90
-8.23 1.90
-8.23 1.90
-8.23 1.90
-8.23 1.90
-8.23 1.90
-8.23 1.90
-8.23 1.90
-8.23 1.90
-8.23 1.90
-8.23 1.90
-8.23 1.90
-8.23 1.90
-8.23 1.90
-8.23 1.90
-8.23 1.90
-8.23 1.90
-8.23 1.90
-8.23 1.90
-8.23 1.90
-8.23 1.90
-8.23 1.90
-8.23 1.90
-8.23 1.90
-8.23 1.90
-8.23 1.90
-8.23 1.90
-8.23 1.90
-8.22 1.90
-8.23 1.90
-8.22 1.90
-8.22 1.90
-8.22 1.90
-8.22 1.90
-8.22 1.90
-8.22 1.90
-8.22 1.90
-8.22 1.90
-8.22 1.90
-8.22 1.90
-8.22 1.90
-8.22 1.90
-8.22 1.90
-8.22 1.90
-8.22 1.90
-8.22 1.90
-8.22 1.90
-8.22 1.90
-8.22 1.90
-8.22 1.90
-8.22 1.90
-8.22 1.90
-8.20 1.90
-8.20 1.90
-8.19 1.90
-8.19 1.90
-8.18 1.90
-8.16 1.90
-8.15 1.90
-8.12 1.90
-8.11 1.90
-8.09 1.90
-8.08 1.90
-8.06 1.90
-8.03 1.90
-8.01 1.90
-8.00 1.90
-7.97 1.90
-7.96 1.90
-7.95 1.90
-7.94 1.90
-7.93 1.90
-7.93 1.90
-7.93 1.90
-7.93 1.90
-7.93 1.90
-7.93 1.90
-7.93 1.90
-7.93 1.90
-7.93 1.90
-7.93 1.90
-7.93 1.90
-7.93 1.90
-7.93 1.90
-7.93 1.90
-7.92 1.90
-7.93 1.90
-7.92 1.90
-7.92 1.90
-7.92 1.90
-7.92 1.90
-7.92 1.90
-7.92 1.90
-7.92 1.90
-7.91 1.90
-7.91 1.90
-7.91 1.90
-7.91 1.90
-7.91 1.90
-7.91 1.90
-7.91 1.90
-7.89 1.90
-7.89 1.90
-7.89 1.90
-7.89 1.90
-7.89 1.90
-7.89 1.90
-7.89 1.90
-7.89 1.90
-7.89 1.90
-7.89 1.90
-7.89 1.90
-7.89 1.90
-7.89 1.90
-7.88 1.90
-7.89 1.90
-7.88 1.90
-7.88 1.90
-7.88 1.90
-7.88 1.90
-7.88 1.90
-7.88 1.90
-7.87 1.90
-7.86 1.90
-7.86 1.90
-7.85 1.90
-7.85 1.90
-7.84 1.90
-7.82 1.90
-7.81 1.90
-7.81 1.90
-7.80 1.90
-7.79 1.89
-7.78 1.85
-7.77 1.81
-7.76 1.77
-7.76 1.73
-7.74 1.68
-7.74 1.64
-7.73 1.59
-7.73 1.53
-7.72 1.47
-7.72 1.40
-7.72 1.34
-7.72 1.27
-7.72 1.21
-7.72 1.14
-7.72 1.07
-7.72 1.00
-7.71 0.93
-7.71 0.85
-7.71 0.78
-7.71 0.71
-7.71 0.64
-7.71 0.59
-7.71 0.53
-7.71 0.48
-7.71 0.43
-7.71 0.38
-7.71 0.34
-7.71 0.29
-7.71 0.25
-7.71 0.20
-7.71 0.15
-7.71 0.11
-7.71 0.11
-7.71 0.07
-7.72 0.03
-7.72 -0.01
-7.72 -0.05
-7.73 -0.08
-7.79 -0.11
-7.85 -0.14
-7.92 -0.17
-8.01 -0.20
-8.12 -0.23
-8.25 -0.26
-8.40 -0.29
-8.57 -0.31
-8.78 -0.34
-9.01 -0.37
-9.31 -0.40
-9.66 -0.41
-10.11 -0.43
-10.67 -0.42
-11.42 -0.39
-12.40 -0.34
-13.31 -0.31
-14.23 -0.29
-14.94 -0.30
-15.50 -0.32
-15.95 -0.35
-16.36 -0.38
-16.74 -0.40
-17.07 -0.43
-17.39 -0.45
-17.69 -0.46
-18.01 -0.40
-18.07 -0.44
-18.49 -0.44
-19.06 -0.41
-19.78 -0.36
-20.78 -0.26
-22.20 -0.10
-23.71 0.08
-25.05 0.23
-25.93 0.32
-26.53 0.34
-26.96 0.33
-27.29 0.30
-27.55 0.23
-27.75 0.15
-27.91 0.07
-28.03 -0.02
-28.11 -0.12
-28.19 -0.21
-28.28 -0.29
-28.37 -0.35
-28.48 -0.41
-28.61 -0.45
-29.02 -0.45
-29.17 -0.48
-29.35 -0.50
-29.55 -0.52
-29.80 -0.53
-30.08 -0.53
-30.40 -0.53
-30.79 -0.51
-31.28 -0.48
-31.90 -0.42
-32.67 -0.36
-33.65 -0.25
-34.54 -0.14
-35.36 -0.04
-36.05 0.04
-36.53 0.09
-36.88 0.11
-37.14 0.13
-37.36 0.13
-37.52 0.12
-37.64 0.10
-37.72 0.08
-37.76 0.05
-37.77 0.02
-37.75 -0.01
-37.71 -0.05
-37.68 -0.07
-37.66 -0.09
-37.65 -0.10
-37.65 -0.11
-37.66 -0.12
-37.68 -0.12
-37.69 -0.13
-37.72 -0.14
-37.75 -0.15
-37.77 -0.16
-37.81 -0.16
-37.84 -0.17
-37.88 -0.18
-37.91 -0.19
-37.95 -0.19
-37.98 -0.20
-38.02 -0.20
-38.04 -0.21
-38.07 -0.21
-38.11 -0.21
-38.14 -0.22
-38.18 -0.22
-38.21 -0.23
-38.25 -0.23
-38.27 -0.24
-38.30 -0.24
-38.34 -0.24
-38.36 -0.24
-38.38 -0.25
-38.42 -0.25
-38.43 -0.25
-38.45 -0.25
-38.48 -0.26
-38.49 -0.27
-38.51 -0.27
-38.51 -0.28
-38.52 -0.30
-38.53 -0.31
-38.53 -0.33
-38.53 -0.35
-38.53 -0.38
-38.53 -0.41
-38.53 -0.45
-38.53 -0.50
-38.53 -0.54
-38.53 -0.59
-38.55 -0.65
-38.56 -0.71
-38.56 -0.77
-38.58 -0.82
-38.60 -0.86
-38.63 -0.90
-38.66 -0.92
-38.71 -0.94
-38.75 -0.96
-38.82 -0.98
-38.89 -0.98
-38.96 -0.99
-39.05 -0.99
-39.16 -0.98
-39.30 -0.97
-39.47 -0.95
-39.36 -0.97
-39.58 -0.94
-39.85 -0.90
-40.16 -0.85
-40.54 -0.80
-40.99 -0.73
-41.54 -0.65
-42.23 -0.54
-43.10 -0.41
-44.08 -0.27
-44.99 -0.13
-45.79 -0.01
-46.41 0.08
-46.87 0.15
-47.27 0.20
-47.57 0.24
-47.81 0.27
-47.99 0.30
-48.13 0.32
-48.21 0.33
-48.23 0.33
-48.21 0.33
-48.14 0.32
-48.04 0.31
-47.92 0.30
-47.80 0.30
-47.66 0.30
-47.52 0.30
-47.38 0.30
-47.22 0.31
-47.04 0.31
-46.82 0.31
-46.53 0.30
-46.15 0.28
-45.68 0.26
-45.08 0.22
-44.34 0.16
-43.56 0.11
-42.75 0.05
-42.04 0.01
-41.38 -0.01
-40.83 -0.02
-40.37 -0.01
-39.99 0.02
-39.68 0.04
-39.38 0.06
-38.91 0.03
-38.65 0.03
-38.38 0.03
-38.10 0.02
-37.74 0.00
-37.34 -0.02
-36.85 -0.06
-36.29 -0.10
-35.57 -0.17
-34.58 -0.27
-33.43 -0.40
-32.22 -0.53
-31.35 -0.62
-30.74 -0.67
-30.22 -0.71
-29.88 -0.73
-29.63 -0.73
-29.45 -0.72
-29.30 -0.70
-29.20 -0.67
-29.16 -0.64
-29.14 -0.60
-29.15 -0.55
-29.17 -0.49
-29.22 -0.42
-29.28 -0.35
-29.35 -0.27
-29.43 -0.20
-29.53 -0.13
-29.61 -0.07
-29.70 -0.00
-29.78 0.05
-29.84 0.11
-29.84 0.15
-29.80 0.18
-29.73 0.20
-29.62 0.22
-29.47 0.23
-29.31 0.25
-29.14 0.26
-28.95 0.27
-28.75 0.27
-28.56 0.28
-28.90 0.36
-28.71 0.36
-28.51 0.36
-28.31 0.35
-28.06 0.34
-27.76 0.32
-27.41 0.29
-26.97 0.24
-26.38 0.17
-25.54 0.07
-24.33 -0.10
-22.93 -0.29
-21.58 -0.47
-20.55 -0.60
-19.82 -0.68
-19.31 -0.72
-18.93 -0.73
-18.65 -0.73
-18.43 -0.73
-18.50 -0.68
-18.39 -0.66
-18.32 -0.64
-18.30 -0.61
-18.31 -0.57
-18.34 -0.54
-18.41 -0.50
-18.50 -0.45
-18.55 -0.41
-18.70 -0.35
-18.86 -0.32
-19.06 -0.25
-19.27 -0.15
-19.53 -0.05
-19.82 0.07
-20.13 0.19
-20.37 0.30
-20.60 0.39
-20.77 0.46
-20.90 0.52
-20.96 0.56
-20.96 0.61
-20.90 0.65
-20.78 0.69
-20.62 0.73
-20.40 0.76
-20.16 0.79
-19.86 0.81
-19.54 0.83
-19.23 0.85
-18.91 0.87
-18.61 0.89
-18.24 0.90
-17.95 0.90
-17.66 0.90
-17.32 0.88
-16.92 0.85
-16.44 0.80
-15.82 0.72
-14.84 0.60
-13.35 0.40
-11.53 0.15
-10.13 -0.04
-9.24 -0.15
-8.70 -0.20
-8.34 -0.21
-8.08 -0.21
-7.92 -0.20
-7.82 -0.19
-7.80 -0.16
-7.82 -0.14
-7.91 -0.11
-8.04 -0.07
-8.23 -0.03
-8.48 0.03
-8.79 0.10
-9.16 0.17
-9.62 0.25
-10.17 0.34
-10.83 0.45
-11.60 0.57
-12.49 0.71
-13.25 0.84
-13.88 0.94
-14.39 1.03
-14.74 1.09
-14.97 1.14
-15.09 1.16
-15.14 1.18
-15.12 1.18
-15.04 1.17
-14.90 1.16
-14.69 1.14
-14.41 1.11
-14.06 1.07
-13.65 0.98
-13.23 0.92
-12.79 0.87
-12.35 0.82
-11.89 0.77
-11.50 0.73
-11.21 0.70
-10.98 0.68
-10.83 0.68
-10.73 0.68
-10.69 0.69
-10.69 0.71
-10.74 0.74
-10.81 0.77
-10.89 0.80
-10.98 0.84
-11.07 0.88
-11.15 0.93
-11.21 0.97
-11.25 1.00
-11.26 1.04
-11.25 1.07
-11.21 1.09
-11.17 1.11
-11.10 1.12
-11.02 1.14
-10.91 1.15
-10.81 1.16
-10.69 1.18
-10.57 1.20
-10.44 1.21
-10.31 1.23
-10.19 1.25
-10.05 1.27
-9.92 1.29
-9.79 1.31
-9.67 1.34
-9.54 1.37
-9.41 1.40
-9.28 1.42
-9.14 1.45
-9.00 1.47
-8.86 1.49
-8.72 1.50
-8.61 1.51
-8.49 1.52
-8.39 1.54
-8.30 1.55
-8.22 1.57
-8.15 1.59
-8.09 1.61
-8.04 1.63
-8.01 1.65
-7.99 1.67
-7.97 1.69
-7.96 1.71
-7.97 1.74
-7.97 1.76
-7.97 1.79
-7.99 1.82
-7.99 1.85
-7.99 1.87
-7.99 1.90
-7.99 1.90
-7.99 1.90
-7.99 1.90
-7.99 1.90
-7.99 1.90
-7.99 1.90
-7.99 1.90
-7.99 1.90
-7.99 1.90
-7.99 1.90
-7.99 1.90
-7.99 1.90
-7.99 1.90
-7.99 1.90
-7.99 1.90
-7.97 1.90
-7.99 1.90
-7.99 1.90
-7.99 1.90
-7.99 1.90
-7.99 1.90
-7.99 1.90
-7.99 1.90
-7.99 1.90
-7.99 1.90
-7.99 1.90
-7.99 1.90
-7.99 1.90
-7.99 1.90
-7.99 1.90
-7.99 1.90
-7.99 1.90
-7.99 1.90
-7.99 1.90
-7.99 1.90
-7.99 1.90
-7.99 1.90
-7.99 1.90
-7.99 1.90
-7.99 1.90
-7.99 1.90
-7.99 1.90
-7.99 1.90
-7.99 1.90
-7.99 1.90
-7.99 1.90
-8.00 1.90
-8.00 1.90
-8.00 1.90
-8.00 1.90
-8.01 1.90
-8.01 1.90
-8.02 1.90
-8.03 1.90
-8.04 1.90
-8.06 1.90
-8.07 1.90
-8.08 1.90
-8.09 1.90
-8.09 1.90
-8.10 1.90
-8.11 1.90
-8.11 1.90
-8.11 1.90
-8.11 1.90
-8.11 1.90
-8.11 1.90
-8.11 1.90
-8.11 1.90
-8.11 1.90
-8.11 1.90
-8.11 1.90
-8.11 1.90
-8.11 1.90
-8.11 1.90
-8.11 1.90
-8.11 1.90
-8.11 1.90
-8.11 1.90
-8.11 1.90
-8.11 1.90
-8.11 1.90
-8.11 1.90
-8.11 1.90
-8.11 1.90
-8.11 1.90
-8.11 1.90
-8.11 1.90
-8.11 1.90
-8.11 1.90
-8.11 1.90
-8.11 1.90
-8.11 1.90
-8.11 1.90
-8.11 1.90
-8.11 1.90
-8.11 1.90
-8.10 1.90
-8.11 1.90
-8.11 1.90
-8.11 1.90
-8.10 1.90
-8.11 1.90
-8.11 1.90
-8.11 1.90
-8.10 1.90
-8.11 1.90
-8.10 1.90
-8.11 1.90
-8.10 1.90
-8.11 1.90
-8.11 1.90
-8.11 1.90
-8.10 1.90
-8.11 1.90
-8.11 1.90
-8.11 1.90
-8.10 1.90
-8.10 1.90
-8.10 1.90
-8.10 1.90
-8.10 1.90
-8.10 1.90
-8.10 1.90
-8.10 1.90
-8.10 1.90
-8.10 1.90
-8.10 1.90
-8.10 1.90
-8.10 1.90
-8.10 1.90
-8.10 1.90
-8.11 1.90
-8.11 1.90
-8.10 1.90
-8.10 1.90
-8.11 1.90
-8.11 1.90
-8.10 1.90
-8.10 1.90
-8.10 1.90
-8.10 1.90
-8.11 1.90
-8.10 1.90
-8.10 1.90
-8.11 1.90
-8.11 1.90
-8.11 1.90
-8.10 1.90
-8.11 1.90
-8.11 1.90
-8.11 1.90
-8.11 1.90
-8.11 1.90
-8.11 1.90
-8.11 1.90
-8.11 1.90
-8.11 1.90
-8.11 1.90
-8.11 1.90
-8.11 1.90
-8.11 1.90
-8.11 1.90
-8.11 1.90
-8.11 1.90
-8.11 1.90
-8.11 1.90
-8.11 1.90
-8.11 1.90
-8.11 1.90
-8.11 1.90
-8.12 1.90
-8.11 1.90
-8.12 1.90
-8.12 1.90
-8.12 1.90
-8.12 1.90
-8.12 1.90
-8.12 1.90
-8.12 1.90
-8.12 1.90
-8.12 1.90
-8.12 1.90
-8.12 1.90
-8.12 1.90
-8.12 1.90
-8.12 1.90
-8.12 1.90
-8.12 1.90
-8.12 1.90
-8.12 1.90
-8.12 1.90
-8.12 1.90
-8.12 1.90
-8.12 1.90
-8.12 1.90
-8.12 1.90
-8.12 1.90
-8.12 1.90
-8.11 1.90
-8.12 1.90
-8.11 1.90
-8.11 1.90
-8.11 1.90
-8.11 1.90
-8.11 1.90
-8.11 1.90
-8.11 1.90
-8.11 1.90
-8.10 1.90
-8.10 1.90
-8.10 1.90
-8.10 1.90
-8.10 1.90
-8.10 1.90
-8.10 1.90
-8.10 1.90
-8.10 1.90
-8.11 1.90
-8.10 1.90
-8.11 1.90
-8.11 1.90
-8.11 1.90
-8.11 1.90
-8.11 1.90
-8.10 1.90
-8.10 1.90
-8.11 1.90
-8.11 1.90
-8.10 1.90
-8.10 1.90
-8.11 1.90
-8.11 1.90
-8.10 1.90
-8.10 1.90
-8.10 1.90
-8.10 1.90
-8.10 1.90
-8.10 1.90
-8.10 1.90
-8.09 1.90
-8.09 1.90
-8.08 1.90
-8.07 1.90
-8.07 1.90
-8.04 1.90
-8.03 1.90
-8.02 1.90
-8.01 1.90
-7.99 1.90
-7.97 1.90
-7.97 1.90
-7.97 1.90
-7.97 1.90
-7.96 1.90
-7.96 1.90
-7.97 1.90
-7.96 1.90
-7.96 1.90
-7.97 1.90
-7.96 1.90
-7.96 1.90
-7.96 1.90
-7.96 1.90
-7.96 1.90
-7.96 1.90
-7.95 1.90
-7.95 1.90
-7.95 1.90
-7.94 1.90
-7.94 1.90
-7.93 1.90
-7.93 1.90
-7.93 1.90
-7.92 1.90
-7.92 1.90
-7.93 1.90
-7.93 1.90
-7.92 1.90
-7.93 1.90
-7.93 1.90
-7.93 1.90
-7.93 1.90
-7.93 1.90
-7.93 1.90
-7.93 1.90
-7.92 1.90
-7.93 1.90
-7.93 1.90
-7.93 1.90
-7.93 1.90
-7.93 1.90
-7.93 1.90
-7.93 1.90
-7.92 1.90
-7.93 1.90
-7.93 1.90
-7.93 1.90
-7.93 1.90
-7.93 1.90
-7.93 1.90
-7.93 1.90
-7.93 1.90
-7.93 1.90
-7.93 1.90
-7.93 1.90
-7.93 1.90
-7.93 1.90
-7.94 1.90
-7.93 1.90
-7.94 1.90
-7.94 1.90
-7.94 1.90
-7.95 1.90
-7.95 1.90
-7.96 1.90
-7.96 1.90
-7.96 1.90
-7.96 1.90
-7.97 1.90
-7.97 1.90
-7.97 1.90
-7.96 1.90
-7.97 1.90
-7.97 1.90
-7.97 1.90
-7.97 1.90
-7.96 1.90
-7.97 1.90
-7.97 1.90
-7.96 1.90
-7.97 1.90
-7.97 1.90
-7.97 1.90
-7.96 1.90
-7.96 1.90
-7.96 1.90
-7.96 1.90
-7.96 1.90
-7.96 1.90
-7.96 1.90
-7.96 1.90
-7.96 1.90
-7.96 1.90
-7.96 1.90
-7.96 1.90
-7.96 1.90
-7.96 1.90
-7.96 1.90
-7.96 1.90
-7.96 1.90
-7.96 1.90
-7.96 1.90
-7.96 1.90
-7.96 1.90
-7.96 1.90
-7.96 1.90
-7.96 1.90
-7.96 1.90
-7.96 1.90
-7.96 1.90
-7.96 1.90
-7.96 1.90
-7.95 1.90
-7.95 1.90
-7.95 1.90
-7.95 1.90
-7.95 1.90
-7.95 1.90
-7.94 1.90
-7.93 1.90
-7.93 1.90
-7.92 1.90
-7.91 1.90
-7.89 1.90
-7.88 1.90
-7.87 1.90
-7.86 1.90
-7.84 1.90
-7.82 1.90
-7.80 1.90
-7.79 1.90
-7.78 1.90
-8.04 1.90
-8.03 1.90
-8.03 1.88
-8.02 1.83
-8.01 1.79
-8.01 1.74
-8.01 1.68
-8.01 1.63
-8.01 1.56
-8.01 1.50
-8.01 1.44
-8.01 1.38
-8.01 1.32
-8.01 1.27
-8.01 1.21
-8.02 1.15
-8.03 1.09
-8.03 1.03
-8.04 0.98
-7.91 0.90
-7.91 0.85
-7.93 0.81
-7.95 0.76
-7.96 0.72
-8.00 0.69
-8.02 0.66
-8.04 0.62
-8.06 0.60
-8.08 0.57
-8.08 0.54
-8.09 0.52
-8.09 0.49
-8.09 0.47
-8.09 0.44
-8.09 0.42
-8.08 0.38
-8.08 0.35
-8.09 0.32
-8.08 0.29
-8.08 0.26
-8.08 0.23
-8.08 0.20
-8.08 0.20
-8.08 0.48
-8.08 0.46
-8.08 0.43
-8.08 0.40
-8.08 0.36
-8.07 0.33
-8.07 0.29
-8.07 0.26
-8.08 0.22
-8.07 0.17
-8.08 0.12
-8.08 0.06
-8.08 0.00
-8.08 -0.05
-8.08 -0.11
-8.10 -0.16
-8.15 -0.21
-8.22 -0.26
-8.31 -0.30
-8.44 -0.34
-8.58 -0.38
-8.76 -0.44
-8.98 -0.49
-9.23 -0.56
-9.53 -0.64
-9.91 -0.69
-10.42 -0.73
-11.06 -0.72
-11.96 -0.67
-13.04 -0.57
-14.06 -0.49
-14.99 -0.41
-15.66 -0.36
-16.19 -0.33
-16.65 -0.31
-17.06 -0.53
-17.43 -0.53
-17.78 -0.52
-18.11 -0.52
-18.48 -0.51
-18.18 -0.59
-18.77 -0.54
-19.54 -0.45
-20.67 -0.31
-22.29 -0.10
-23.93 0.12
-25.28 0.29
-26.07 0.38
-26.64 0.43
-27.06 0.44
-27.37 0.43
-27.64 0.40
-27.83 0.35
-27.99 0.31
-28.12 0.26
-28.25 0.21
-28.35 0.16
-29.14 0.21
-29.19 0.15
-29.24 0.08
-29.25 -0.00
-29.24 -0.09
-29.24 -0.16
-29.24 -0.23
-29.25 -0.28
-29.26 -0.33
-29.28 -0.37
-29.32 -0.41
-29.35 -0.45
-29.40 -0.48
-29.46 -0.51
-29.53 -0.54
-29.61 -0.57
-29.70 -0.60
-29.80 -0.62
-29.93 -0.64
-30.08 -0.64
-30.23 -0.65
-30.41 -0.66
-30.63 -0.66
-30.89 -0.65
-31.20 -0.63
-31.57 -0.60
-32.01 -0.56
-32.57 -0.50
-33.33 -0.42
-34.17 -0.32
-34.91 -0.24
-35.61 -0.17
-36.17 -0.12
-36.65 -0.09
-37.01 -0.07
-37.33 -0.06
-37.60 -0.05
-37.87 -0.04
-38.11 -0.04
-38.32 -0.05
-38.52 -0.06
-38.70 -0.08
-38.86 -0.11
-39.01 -0.13
-39.16 -0.15
-39.30 -0.17
-39.44 -0.18
-39.59 -0.20
-39.32 -0.28
-39.49 -0.30
-39.69 -0.31
-39.91 -0.32
-40.15 -0.33
-40.40 -0.34
-40.68 -0.34
-41.00 -0.33
-41.33 -0.32
-41.69 -0.29
-42.11 -0.26
-42.59 -0.21
-43.21 -0.15
-43.87 -0.07
-44.50 -0.01
-45.08 0.05
-45.56 0.10
-45.94 0.12
-46.22 0.12
-46.34 0.09
-46.40 0.06
-46.38 0.03
-46.29 -0.01
-46.18 -0.05
-46.07 -0.08
-45.95 -0.11
-45.88 -0.12
-45.83 -0.14
-45.83 -0.15
-45.81 -0.16
-45.84 -0.18
-45.86 -0.19
-45.90 -0.20
-45.93 -0.20
-45.96 -0.21
-46.00 -0.22
-46.03 -0.23
-46.06 -0.23
-46.09 -0.25
-46.10 -0.26
-46.13 -0.27
-46.14 -0.28
-46.16 -0.29
-46.17 -0.31
-46.18 -0.32
-46.19 -0.33
-46.21 -0.34
-46.21 -0.35
-46.22 -0.36
-46.22 -0.37
-46.23 -0.37
-46.24 -0.38
-46.25 -0.38
-46.25 -0.39
-46.26 -0.45
-46.28 -0.46
-46.29 -0.47
-46.30 -0.47
-46.32 -0.48
-46.34 -0.49
-46.37 -0.49
-46.40 -0.49
-46.43 -0.49
-46.45 -0.48
-46.47 -0.49
-46.51 -0.48
-46.54 -0.48
-46.56 -0.47
-46.59 -0.47
-46.61 -0.47
-46.63 -0.46
-46.67 -0.46
-46.68 -0.46
-46.70 -0.45
-46.72 -0.45
-46.75 -0.45
-46.76 -0.44
-46.78 -0.44
-46.79 -0.44
-46.81 -0.44
-46.82 -0.43
-46.83 -0.43
-46.84 -0.43
-46.85 -0.43
-46.85 -0.43
-46.86 -0.42
-46.87 -0.42
-46.87 -0.42
-46.89 -0.41
-46.90 -0.41
-46.90 -0.40
-46.90 -0.39
-46.91 -0.38
-46.91 -0.37
-46.91 -0.36
-46.91 -0.31
-46.91 -0.29
-46.91 -0.27
-46.91 -0.25
-46.91 -0.22
-46.92 -0.19
-46.91 -0.15
-46.91 -0.12
-46.91 -0.08
-46.91 -0.03
-46.91 0.03
-46.90 0.08
-46.86 0.13
-46.78 0.17
-46.67 0.20
-46.51 0.22
-46.28 0.25
-45.99 0.28
-45.61 0.30
-45.12 0.31
-44.57 0.31
-43.95 0.30
-43.25 0.27
-42.51 0.24
-41.89 0.22
-41.33 0.21
-40.78 0.19
-40.30 0.18
-39.88 0.17
-39.50 0.16
-38.72 0.09
-38.37 0.08
-38.05 0.08
-37.69 0.07
-37.26 0.05
-36.68 0.00
-35.95 -0.07
-34.87 -0.19
-33.41 -0.37
-31.77 -0.57
-30.59 -0.70
-29.77 -1.90
-29.24 -0.67
-28.86 -0.68
-28.64 -0.67
-28.43 -0.65
-28.27 -0.64
-29.07 -0.47
-28.99 -0.44
-28.94 -0.40
-28.93 -0.34
-28.94 -0.28
-28.96 -0.22
-29.01 -0.15
-29.07 -0.08
-29.14 -0.01
-29.20 0.06
-29.28 0.14
-29.37 0.20
-29.39 0.26
-29.40 0.31
-29.38 0.35
-29.34 0.40
-29.28 0.44
-29.22 0.48
-29.15 0.52
-29.05 0.56
-28.94 0.58
-28.82 0.60
-28.70 0.62
-28.56 0.64
-28.39 0.64
-28.18 0.64
-27.94 0.63
-27.61 0.61
-27.21 0.57
-26.70 0.52
-26.02 0.45
-24.95 0.32
-23.54 0.13
-22.02 -0.06
-20.84 -0.21
-19.98 -0.30
-19.32 -0.37
-18.86 -0.40
-25.89 0.70
-17.78 -0.47
-17.49 -0.47
-17.21 -0.49
-16.98 -0.49
-16.75 -0.48
-16.53 -0.60
-16.34 -0.58
-16.18 -0.54
-16.04 -0.49
-15.96 -0.43
-15.93 -0.36
-15.96 -0.28
-16.01 -0.20
-16.10 -0.11
-16.20 -0.02
-16.33 0.07
-16.44 0.17
-16.53 0.25
-16.60 0.30
-16.64 0.35
-16.65 0.40
-16.63 0.45
-16.59 0.51
-16.52 0.57
-16.43 0.62
-16.31 0.68
-16.16 0.72
-15.98 0.74
-15.77 0.74
-15.52 0.73
-15.22 0.72
-14.84 0.68
-14.28 0.62
-13.49 0.53
-12.56 0.42
-11.46 0.28
-10.39 0.14
-9.61 0.05
-8.98 -0.02
-8.48 -0.07
-8.10 -0.11
-7.81 -0.12
-7.61 -0.11
-7.42 -0.11
-7.93 -0.00
-7.86 0.02
-7.80 0.04
-7.77 0.05
-7.74 0.06
-7.74 0.07
-7.76 0.08
-7.79 0.10
-7.82 0.11
-7.88 0.13
-7.94 0.16
-8.01 0.18
-8.01 0.20
-8.09 0.19
-8.17 0.22
-8.26 0.25
-8.35 0.28
-8.44 0.31
-8.52 0.34
-8.60 0.37
-8.68 0.40
-8.75 0.43
-8.82 0.45
-8.88 0.47
-8.94 0.50
-8.99 0.52
-9.03 0.55
-9.07 0.57
-9.09 0.60
-9.10 0.62
-9.10 0.65
-9.09 0.67
-9.09 0.70
-9.08 0.73
-9.07 0.75
-9.06 0.78
-9.05 0.80
-9.03 0.82
-9.02 0.84
-9.01 0.85
-9.00 0.88
-9.00 0.90
-8.99 0.93
-9.00 0.96
-9.00 0.99
-9.00 1.02
-9.00 1.05
-9.00 1.08
-9.00 1.11
-9.00 1.14
-9.00 1.17
-9.00 1.20
-9.00 1.22
-9.00 1.25
-9.00 1.29
-9.00 1.32
-9.00 1.35
-9.00 1.38
-9.00 1.41
-9.00 1.44
-9.00 1.46
-9.00 1.48
-9.00 1.50
-9.00 1.53
-9.00 1.54
-8.99 1.57
-8.99 1.59
-8.98 1.60
-8.97 1.62
-8.95 1.64
-8.93 1.65
-8.92 1.67
-8.90 1.68
-8.87 1.69
-8.86 1.70
-8.84 1.71
-8.82 1.72
-8.79 1.73
-8.78 1.74
-8.77 1.75
-8.76 1.76
-8.73 1.77
-8.73 1.78
-8.72 1.79
-8.71 1.79
-8.71 1.80
-8.71 1.81
-8.70 1.82
-8.70 1.83
-8.70 1.84
-8.70 1.85
-8.70 1.87
-8.69 1.88
-8.69 1.89
-8.69 1.90
-8.68 1.90
-8.68 1.90
-8.67 1.90
-8.67 1.90
-8.67 1.90
-8.67 1.90
-8.65 1.90
-8.65 1.90
-8.65 1.90
-8.67 1.90
-8.67 1.90
-8.67 1.90
-8.67 1.90
-8.67 1.90
-8.67 1.90
-8.67 1.90
-8.67 1.90
-8.67 1.90
-8.67 1.90
-8.67 1.90
-8.67 1.90
-8.67 1.90
-8.67 1.90
-8.67 1.90
-8.67 1.90
-8.67 1.90
-8.67 1.90
-8.67 1.90
-8.67 1.90
-8.67 1.90
-8.67 1.90
-8.67 1.90
-8.67 1.90
-8.67 1.90
-8.67 1.90
-8.67 1.90
-8.67 1.90
-8.67 1.90
-8.67 1.90
-8.67 1.90
-8.67 1.90
-8.67 1.90
-8.67 1.90
-8.67 1.90
-8.67 1.90
-8.67 1.90
-8.67 1.90
-8.67 1.90
-8.67 1.90
-8.67 1.90
-8.67 1.90
-8.67 1.90
-8.67 1.90
-8.67 1.90
-8.67 1.90
-8.67 1.90
-8.67 1.90
-8.67 1.90
-8.67 1.90
-8.67 1.90
-8.67 1.90
-8.67 1.90
-8.67 1.90
-8.67 1.90
-8.67 1.90
-8.67 1.90
-8.67 1.90
-8.67 1.90
-8.67 1.90
-8.67 1.90
-8.67 1.90
-8.67 1.90
-8.67 1.90
-8.67 1.90
-8.67 1.90
-8.67 1.90
-8.67 1.90
-8.67 1.90
-8.67 1.90
-8.67 1.90
-8.67 1.90
-8.67 1.90
-8.67 1.90
-8.67 1.90
-8.67 1.90
-8.67 1.90
-8.67 1.90
-8.67 1.90
-8.67 1.90
-8.67 1.90
-8.67 1.90
-8.67 1.90
-8.68 1.90
-8.67 1.90
-8.67 1.90
-8.68 1.90
-8.67 1.90
-8.67 1.90
-8.67 1.90
-8.67 1.90
-8.67 1.90
-8.67 1.90
-8.67 1.90
-8.67 1.90
-8.67 1.90
-8.67 1.90
-8.67 1.90
-8.67 1.90
-8.67 1.90
-8.67 1.90
-8.67 1.90
-8.67 1.90
-8.68 1.90
-8.67 1.90
-8.67 1.90
-8.67 1.90
-8.67 1.90
-8.67 1.90
-8.67 1.90
-8.67 1.90
-8.67 1.90
-8.67 1.90
-8.67 1.90
-8.67 1.90
-8.67 1.90
-8.67 1.90
-8.67 1.90
-8.67 1.90
-8.67 1.90
-8.67 1.90
-8.67 1.90
-8.67 1.90
-8.67 1.90
-8.67 1.90
-8.67 1.90
-8.67 1.90
-8.67 1.90
-8.67 1.90
-8.67 1.90
-8.67 1.90
-8.67 1.90
-8.67 1.90
-8.67 1.90
-8.67 1.90
-8.67 1.90
-8.67 1.90
-8.67 1.90
-8.67 1.90
-8.67 1.90
-8.67 1.90
-8.67 1.90
-8.67 1.90
-8.67 1.90
-8.67 1.90
-8.67 1.90
-8.67 1.90
-8.67 1.90
-8.67 1.90
-8.67 1.90
-8.67 1.90
-8.67 1.90
-8.67 1.90
-8.67 1.90
-8.67 1.90
-8.67 1.90
-8.67 1.90
-8.67 1.90
-8.67 1.90
-8.67 1.90
-8.67 1.90
-8.67 1.90
-8.67 1.90
-8.67 1.90
-8.67 1.90
-8.67 1.90
-8.67 1.90
-8.67 1.90
-8.67 1.90
-8.67 1.90
-8.67 1.90
-8.67 1.90
-8.67 1.90
-8.67 1.90
-8.67 1.90
-8.67 1.90
-8.67 1.90
-8.67 1.90
-8.67 1.90
-8.67 1.90
-8.67 1.90
-8.67 1.90
-8.67 1.90
-8.67 1.90
-8.67 1.90
-8.67 1.90
-8.67 1.90
-8.67 1.90
-8.67 1.90
-8.67 1.90
-8.67 1.90
-8.67 1.90
-8.67 1.90
-8.67 1.90
-8.67 1.90
-8.67 1.90
-8.67 1.90
-8.67 1.90
-8.67 1.90
-8.67 1.90
-8.67 1.90
-8.67 1.90
-8.67 1.90
-8.67 1.90
-8.67 1.90
-8.67 1.90
-8.67 1.90
-8.67 1.90
-8.67 1.90
-8.67 1.90
-8.67 1.90
-8.67 1.90
-8.67 1.90
-8.67 1.90
-8.67 1.90
-8.67 1.90
-8.67 1.90
-8.67 1.90
-8.67 1.90
-8.67 1.90
-8.67 1.90
-8.67 1.90
-8.67 1.90
-8.67 1.90
-8.67 1.90
-8.67 1.90
-8.67 1.90
-8.67 1.90
-8.67 1.90
-8.67 1.90
-8.67 1.90
-8.67 1.90
-8.67 1.90
-8.67 1.90
-8.67 1.90
-8.67 1.90
-8.67 1.90
-8.67 1.90
-8.67 1.90
-8.67 1.90
-8.67 1.90
-8.67 1.90
-8.67 1.90
-8.67 1.90
-8.67 1.90
-8.67 1.90
-8.67 1.90
-8.67 1.90
-8.67 1.90
-8.68 1.90
-8.67 1.90
-8.67 1.90
-8.67 1.90
-8.67 1.90
-8.67 1.90
-8.67 1.90
-8.68 1.90
-8.67 1.90
-8.67 1.90
-8.67 1.90
-8.67 1.90
-8.67 1.90
-8.67 1.90
-8.67 1.90
-8.67 1.90
-8.67 1.90
-8.67 1.90
-8.67 1.90
-8.67 1.90
-8.67 1.90
-8.67 1.90
-8.67 1.90
-8.67 1.90
-8.67 1.90
-8.67 1.90
-8.67 1.90
-8.67 1.90
-8.67 1.90
-8.67 1.90
-8.67 1.90
-8.67 1.90
-8.68 1.90
-8.68 1.90
-8.68 1.90
-8.68 1.90
-8.68 1.90
-8.68 1.90
-8.68 1.90
-8.68 1.90
-8.68 1.90
-8.68 1.90
-8.67 1.90
-8.68 1.90
-8.68 1.90
-8.68 1.90
-8.68 1.90
-8.68 1.90
-8.68 1.90
-8.68 1.90
-8.68 1.90
-8.68 1.90
-8.68 1.90
-8.68 1.90
-8.68 1.90
-8.68 1.90
-8.68 1.90
-8.68 1.90
-8.68 1.90
-8.68 1.90
-8.68 1.90
-8.68 1.90
-8.68 1.90
-8.68 1.90
-8.68 1.90
-8.68 1.90
-8.68 1.90
-8.68 1.90
-8.68 1.90
-8.68 1.90
-8.68 1.90
-8.68 1.90
-8.68 1.90
-8.68 1.90
-8.68 1.90
-8.68 1.90
-8.68 1.90
-8.68 1.90
-8.68 1.90
-8.68 1.90
-8.68 1.90
-8.68 1.90
-8.68 1.90
-8.68 1.90
-8.68 1.90
-8.68 1.90
-8.67 1.90
-8.67 1.90
-8.67 1.90
-8.68 1.90
-8.67 1.90
-8.68 1.90
-8.67 1.90
-8.68 1.90
-8.67 1.90
-8.68 1.90
-8.67 1.90
-8.67 1.90
-8.68 1.90
-8.68 1.90
-8.68 1.90
-8.67 1.90
-8.67 1.90
-8.67 1.90
-8.67 1.90
-8.67 1.90
-8.67 1.90
-8.67 1.90
-8.67 1.90
-8.67 1.90
-8.67 1.90
-8.67 1.90
-8.67 1.90
-8.67 1.90
-8.67 1.90
-8.67 1.90
-8.67 1.90
-8.67 1.90
-8.67 1.90
-8.67 1.90
-8.67 1.90
-8.67 1.90
-8.67 1.90
-8.67 1.90
-8.67 1.90
-8.67 1.90
-8.67 1.90
-8.67 1.90
-8.67 1.90
-8.65 1.90
-8.65 1.90
-8.65 1.90
-8.65 1.90
-8.65 1.90
-8.65 1.90
-8.65 1.90
-8.64 1.90
-8.64 1.90
-8.64 1.90
-8.64 1.90
-8.64 1.90
-8.64 1.90
-8.64 1.90
-8.64 1.90
-8.64 1.90
-8.64 1.90
-8.64 1.90
-8.63 1.90
-8.63 1.90
-8.62 1.90
-8.62 1.90
-8.61 1.90
-8.60 1.90
-8.58 1.90
-8.57 1.90
-8.56 1.90
-8.55 1.90
-8.53 1.90
-8.52 1.90
-8.50 1.90
-8.48 1.90
-8.47 1.90
-8.46 1.90
-8.45 1.90
-8.44 1.90
-8.41 1.90
-8.41 1.90
-8.40 1.87
-8.39 1.84
-8.38 1.79
-8.38 1.74
-8.39 1.69
-8.39 1.63
-8.38 1.58
-8.38 1.53
-8.39 1.48
-8.39 1.43
-8.39 1.38
-8.39 1.33
-8.39 1.28
-8.40 1.24
-8.41 1.18
-8.42 1.12
-8.45 1.06
-8.46 1.01
-8.49 0.95
-8.52 0.90
-8.54 0.85
-8.57 0.81
-8.61 0.77
-8.64 0.73
-8.68 0.69
-8.71 0.66
-8.75 0.62
-8.78 0.59
-8.83 0.56
-8.86 0.53
-8.88 0.49
-8.92 0.46
-8.95 0.43
-8.98 0.40
-9.00 0.37
-9.01 0.37
-9.03 0.35
-9.06 0.32
-9.07 0.30
-9.08 0.27
-9.09 0.25
-9.10 0.22
-9.11 0.20
-9.11 0.17
-9.13 0.14
-9.13 0.11
-9.14 0.08
-9.14 0.05
-9.14 0.01
-9.14 -0.03
-9.14 -0.07
-9.18 -0.09
-9.25 -0.10
-9.36 -0.11
-9.49 -0.11
-9.67 -0.10
-9.90 -0.10
-10.19 -0.09
-10.55 -0.07
-11.02 -0.04
-11.59 -0.01
-12.39 0.07
-13.10 0.13
-13.69 0.15
-14.18 0.15
-14.55 0.12
-14.82 0.05
-14.94 -0.06
-15.02 -0.15
-15.08 -0.23
-15.14 -0.28
-15.20 -0.31
-15.27 -0.33
-15.34 -0.35
-15.40 -0.38
-15.50 -0.41
-15.59 -0.45
-15.70 -0.49
-15.83 -0.52
-15.98 -0.54
-16.15 -0.55
-16.37 -0.56
-16.59 -0.56
-16.81 -0.52
-17.04 -0.53
-17.27 -0.53
-17.49 -0.54
-17.71 -0.54
-17.93 -0.54
-18.15 -0.54
-18.40 -0.53
-18.18 -0.58
-18.51 -0.55
-18.92 -0.51
-19.44 -0.46
-20.13 -0.38
-21.06 -0.26
-22.33 -0.09
-23.65 0.09
-24.85 0.25
-25.68 0.35
-26.28 0.41
-26.69 0.44
-27.02 0.44
-27.26 0.43
-27.45 0.40
-27.58 0.36
-27.67 0.33
-27.73 0.28
-27.75 0.24
-27.74 0.19
-27.72 0.14
-27.65 0.07
-27.57 0.01
-27.46 -0.07
-27.35 -0.14
-27.23 -0.22
-27.13 -0.29
-27.05 -0.36
-26.99 -0.42
-26.97 -0.47
-26.98 -0.51
-27.00 -0.55
-27.06 -0.58
-27.13 -0.61
-27.21 -0.64
-27.32 -0.65
-27.43 -0.67
-27.55 -0.68
-27.67 -0.69
-27.80 -0.70
-27.94 -0.71
-28.06 -0.72
-28.19 -0.73
-28.32 -0.75
-28.47 -0.76
-28.65 -0.76
-28.86 -0.75
-29.08 -0.74
-29.35 -0.72
-29.70 -0.69
-30.11 -0.65
-30.64 -0.60
-31.34 -0.52
-32.21 -0.41
-33.51 -0.24
-34.66 -0.09
-35.65 0.04
-36.33 0.12
-36.82 0.17
-37.22 0.20
-37.51 0.21
-37.74 0.20
-37.91 0.19
-38.04 0.16
-38.13 0.14
-38.18 0.10
-38.19 0.07
-38.18 0.03
-38.13 -0.01
-38.06 -0.06
-37.99 -0.11
-37.94 -0.15
-37.88 -0.19
-37.84 -0.22
-37.82 -0.24
-37.81 -0.27
-37.81 -0.29
-37.82 -0.31
-37.84 -0.34
-37.87 -0.35
-37.90 -0.36
-37.94 -0.37
-37.98 -0.38
-38.03 -0.38
-38.07 -0.39
-38.13 -0.39
-38.18 -0.39
-38.24 -0.39
-38.29 -0.38
-38.35 -0.38
-38.41 -0.37
-38.47 -0.36
-38.51 -0.36
-38.56 -0.35
-38.60 -0.34
-38.64 -0.34
-38.67 -0.33
-38.71 -0.31
-38.73 -0.30
-38.77 -0.29
-38.78 -0.27
-38.81 -0.26
-38.82 -0.24
-38.86 -0.23
-38.87 -0.22
-38.90 -0.20
-38.93 -0.19
-38.96 -0.18
-39.00 -0.18
-39.02 -0.17
-39.06 -0.17
-39.11 -0.16
-39.17 -0.15
-39.23 -0.14
-39.30 -0.13
-39.36 -0.12
-39.74 -0.07
-39.82 -0.06
-39.89 -0.05
-39.96 -0.04
-40.03 -0.03
-40.09 -0.02
-40.15 -0.01
-40.19 0.01
-40.25 0.02
-40.25 0.03
-40.23 0.04
-40.17 0.03
-40.09 0.02
-40.00 0.02
-39.88 0.02
-39.74 0.02
-39.47 -0.01
-39.32 -0.00
-39.20 0.01
-39.10 0.03
-38.98 0.04
-38.85 0.05
-38.70 0.05
-38.51 0.05
-38.30 0.04
-38.05 0.03
-37.75 0.01
-37.41 -0.01
-37.00 -0.03
-36.55 -0.07
-35.98 -0.11
-35.25 -0.18
-34.45 -0.26
-33.65 -0.34
-32.84 -0.42
-32.20 -0.48
-31.76 -0.50
-31.45 -0.51
-31.24 -0.50
-31.10 -0.46
-31.05 -0.43
-31.05 -0.39
-31.09 -0.35
-31.19 -0.29
-31.31 -0.24
-31.49 -0.16
-31.70 -0.08
-31.96 0.02
-32.21 0.12
-32.42 0.21
-32.61 0.29
-32.67 0.35
-32.65 0.38
-32.52 0.41
-32.33 0.42
-32.08 0.44
-31.81 0.46
-31.50 0.47
-31.17 0.49
-30.85 0.51
-30.53 0.52
-30.18 0.53
-29.87 0.54
-29.57 0.55
-29.30 0.55
-29.00 0.55
-28.62 0.54
-28.35 0.53
-28.09 0.53
-27.74 0.51
-27.34 0.47
-26.82 0.42
-26.12 0.35
-24.95 0.20
-23.34 -0.01
-21.59 -0.24
-20.32 -0.39
-19.40 -0.48
-18.74 -0.53
-18.30 -0.55
-18.13 -0.53
-17.83 -0.53
-17.58 -0.52
-17.34 -0.52
-17.12 -0.52
-16.92 -0.52
-16.75 -0.56
-16.59 -0.54
-16.49 -0.51
-16.42 -0.46
-16.42 -0.40
-16.44 -0.34
-16.50 -0.27
-16.59 -0.19
-16.68 -0.12
-16.80 -0.04
-16.91 0.03
-17.04 0.11
-17.13 0.17
-17.19 0.21
-17.22 0.25
-17.24 0.28
-17.22 0.30
-17.19 0.33
-17.13 0.36
-17.05 0.39
-16.95 0.43
-16.83 0.47
-16.69 0.51
-16.54 0.54
-16.39 0.57
-16.25 0.60
-16.08 0.62
-15.93 0.63
-15.80 0.64
-15.67 0.64
-15.55 0.64
-15.44 0.64
-15.35 0.65
-15.27 0.66
-15.19 0.67
-15.12 0.68
-15.05 0.69
-14.99 0.71
-14.93 0.72
-14.89 0.73
-14.84 0.75
-14.79 0.76
-14.75 0.77
-14.71 0.78
-14.67 0.80
-14.63 0.81
-14.59 0.82
-14.53 0.83
-14.48 0.84
-14.43 0.85
-14.37 0.86
-14.31 0.87
-14.24 0.88
-14.16 0.89
-14.08 0.90
-13.99 0.91
-13.88 0.92
-13.78 0.92
-13.66 0.93
-13.56 0.94
-13.46 0.94
-13.35 0.95
-13.26 0.95
-13.18 0.96
-13.11 0.97
-13.04 0.97
-13.01 0.99
-12.97 0.97
-12.96 0.98
-12.96 1.00
-12.95 1.02
-12.95 1.04
-12.95 1.06
-12.95 1.08
-12.95 1.09
-12.95 1.11
-12.95 1.13
-12.95 1.15
-12.95 1.16
-12.95 1.18
-12.95 1.21
-12.95 1.23
-12.95 1.26
-12.95 1.29
-12.95 1.33
-12.95 1.36
-12.95 1.39
-12.94 1.42
-12.94 1.45
-12.92 1.48
-12.90 1.50
-12.88 1.52
-12.85 1.55
-12.81 1.57
-12.77 1.60
-12.72 1.63
-12.65 1.65
-12.58 1.68
-12.51 1.70
-12.43 1.72
-12.35 1.74
-12.27 1.76
-12.20 1.79
-12.12 1.82
-12.05 1.85
-11.99 1.89
-11.93 1.90
-11.87 1.90
-11.82 1.90
-11.76 1.90
-11.72 1.90
-11.66 1.90
-11.63 1.90
-11.58 1.90
-11.53 1.90
-11.50 1.90
-11.45 1.90
-11.42 1.90
-11.37 1.90
-11.34 1.90
-11.30 1.90
-11.26 1.90
-11.21 1.90
-11.18 1.90
-11.13 1.90
-11.08 1.90
-11.05 1.90
-11.02 1.90
-10.98 1.90
-10.96 1.90
-10.93 1.90
-10.92 1.90
-10.91 1.90
-10.91 1.90
-10.91 1.90
-10.91 1.90
-10.91 1.90
-10.91 1.90
-10.90 1.90
-10.91 1.90
-10.91 1.90
-10.91 1.90
-10.90 1.90
-10.91 1.90
-10.90 1.90
-10.90 1.90
-10.91 1.90
-10.90 1.90
-10.91 1.90
-10.90 1.90
-10.91 1.90
-10.91 1.90
-10.91 1.90
-10.91 1.90
-10.91 1.90
-10.91 1.90
-10.91 1.90
-10.91 1.90
-10.90 1.90
-10.91 1.90
-10.91 1.90
-10.91 1.90
-10.91 1.90
-10.91 1.90
-10.91 1.90
-10.91 1.90
-10.91 1.90
-10.91 1.90
-10.91 1.90
-10.91 1.90
-10.91 1.90
-10.91 1.90
-10.91 1.90
-10.91 1.90
-10.91 1.90
-10.90 1.90
-10.90 1.90
-10.90 1.90
-10.90 1.90
-10.90 1.90
-10.90 1.90
-10.90 1.90
-10.90 1.90
-10.90 1.90
-10.91 1.90
-10.90 1.90
-10.90 1.90
-10.90 1.90
-10.91 1.90
-10.90 1.90
-10.90 1.90
-10.90 1.90
-10.90 1.90
-10.90 1.90
-10.91 1.90
-10.90 1.90
-10.91 1.90
-10.90 1.90
-10.90 1.90
-10.90 1.90
-10.90 1.90
-10.90 1.90
-10.90 1.90
-10.89 1.90
-10.88 1.90
-10.88 1.90
-10.87 1.90
-10.87 1.90
-10.85 1.90
-10.85 1.90
-10.85 1.90
-10.84 1.90
-10.85 1.90
-10.84 1.90
-10.84 1.90
-10.84 1.90
-10.84 1.90
-10.85 1.90
-10.84 1.90
-10.84 1.90
-10.84 1.90
-10.84 1.90
-10.84 1.90
-10.84 1.90
-10.84 1.90
-10.84 1.90
-10.84 1.90
-10.84 1.90
-10.84 1.90
-10.84 1.90
-10.84 1.90
-10.84 1.90
-10.84 1.90
-10.84 1.90
-10.84 1.90
-10.84 1.90
-10.84 1.90
-10.84 1.90
-10.84 1.90
-10.84 1.90
-10.84 1.90
-10.84 1.90
-10.84 1.90
-10.85 1.90
-10.85 1.90
-10.84 1.90
-10.84 1.90
-10.85 1.90
-10.85 1.90
-10.84 1.90
-10.84 1.90
-10.85 1.90
-10.84 1.90
-10.84 1.90
-10.84 1.90
-10.84 1.90
-10.84 1.90
-10.85 1.90
-10.84 1.90
-10.84 1.90
-10.84 1.90
-10.84 1.90
-10.84 1.90
-10.84 1.90
-10.83 1.90
-10.83 1.90
-10.82 1.90
-10.82 1.90
-10.81 1.90
-10.81 1.90
-10.80 1.90
-10.80 1.90
-10.79 1.90
-10.79 1.90
-10.79 1.90
-10.79 1.90
-10.77 1.90
-10.77 1.90
-10.77 1.90
-10.77 1.90
-10.77 1.90
-10.77 1.90
-10.76 1.90
-10.77 1.90
-10.76 1.90
-10.76 1.90
-10.76 1.90
-10.76 1.90
-10.76 1.90
-10.76 1.90
-10.76 1.90
-10.76 1.90
-10.76 1.90
-10.76 1.90
-10.76 1.90
-10.76 1.90
-10.76 1.90
-10.76 1.90
-10.76 1.90
-10.76 1.90
-10.76 1.90
-10.76 1.90
-10.76 1.90
-10.76 1.90
-10.76 1.90
-10.76 1.90
-10.76 1.90
-10.76 1.90
-10.76 1.90
-10.76 1.90
-10.76 1.90
-10.76 1.90
-10.76 1.90
-10.76 1.90
-10.76 1.90
-10.76 1.90
-10.76 1.90
-10.76 1.90
-10.76 1.90
-10.76 1.90
-10.76 1.90
-10.76 1.90
-10.76 1.90
-10.76 1.90
-10.76 1.90
-10.77 1.90
-10.76 1.90
-10.76 1.90
-10.76 1.90
-10.76 1.90
-10.76 1.90
-10.76 1.90
-10.76 1.90
-10.76 1.90
-10.77 1.90
-10.76 1.90
-10.76 1.90
-10.76 1.90
-10.76 1.90
-10.76 1.90
-10.77 1.90
-10.76 1.90
-10.76 1.90
-10.76 1.90
-10.76 1.90
-10.76 1.90
-10.76 1.90
-10.76 1.90
-10.76 1.90
-10.76 1.90
-10.76 1.90
-10.76 1.90
-10.76 1.90
-10.76 1.90
-10.76 1.90
-10.76 1.90
-10.76 1.90
-10.76 1.90
-10.76 1.90
-10.76 1.90
-10.76 1.90
-10.76 1.90
-10.76 1.90
-10.76 1.90
-10.76 1.90
-10.76 1.90
-10.76 1.90
-10.76 1.90
-10.76 1.90
-10.76 1.90
-10.76 1.90
-10.76 1.90
-10.76 1.90
-10.76 1.90
-10.76 1.90
-10.76 1.90
-10.76 1.90
-10.76 1.90
-10.76 1.90
-10.76 1.90
-10.76 1.90
-10.76 1.90
-10.76 1.90
-10.76 1.90
-10.76 1.90
-10.76 1.90
-10.76 1.90
-10.76 1.90
-10.76 1.90
-10.76 1.90
-10.76 1.90
-10.76 1.90
-10.76 1.90
-10.76 1.90
-10.76 1.90
-10.76 1.90
-10.76 1.90
-10.76 1.90
-10.76 1.90
-10.76 1.90
-10.76 1.90
-10.76 1.90
-10.76 1.90
-10.76 1.90
-10.76 1.90
-10.76 1.90
-10.76 1.90
-10.76 1.90
-10.76 1.90
-10.76 1.90
-10.76 1.90
-10.76 1.90
-10.76 1.90
-10.76 1.90
-10.76 1.90
-10.76 1.90
-10.76 1.90
-10.76 1.90
-10.76 1.90
-10.76 1.90
-10.76 1.90
-10.76 1.90
-10.76 1.90
-10.76 1.90
-10.76 1.90
-10.76 1.90
-10.76 1.90
-10.76 1.90
-10.76 1.90
-10.76 1.90
-10.76 1.90
-10.76 1.90
-10.76 1.90
-10.76 1.90
-10.76 1.90
-10.76 1.90
-10.76 1.90
-10.76 1.90
-10.76 1.90
-10.76 1.90
-10.76 1.90
-10.76 1.90
-10.76 1.90
-10.76 1.90
-10.76 1.90
-10.76 1.90
-10.77 1.90
-10.77 1.90
-10.76 1.90
-10.77 1.90
-10.77 1.90
-10.77 1.90
-10.76 1.90
-10.77 1.90
-10.76 1.90
-10.77 1.90
-10.77 1.90
-10.77 1.90
-10.77 1.90
-10.77 1.90
-10.76 1.90
-10.76 1.90
-10.76 1.90
-10.76 1.90
-10.76 1.90
-10.76 1.90
-10.76 1.90
-10.77 1.90
-10.76 1.90
-10.76 1.90
-10.76 1.90
-10.76 1.90
-10.76 1.90
-10.76 1.90
-10.76 1.90
-10.76 1.90
-10.76 1.90
-10.76 1.90
-10.76 1.90
-10.76 1.90
-10.76 1.90
-10.76 1.90
-10.76 1.90
-10.76 1.90
-10.76 1.90
-10.76 1.90
-10.76 1.90
-10.76 1.90
-10.76 1.90
-10.76 1.90
-10.76 1.90
-10.76 1.90
-10.76 1.90
-10.76 1.90
-10.76 1.90
-10.76 1.90
-10.76 1.90
-10.76 1.90
-10.76 1.90
-10.76 1.90
-10.76 1.90
-10.76 1.90
-10.76 1.90
-10.76 1.90
-10.76 1.90
-10.76 1.90
-10.76 1.90
-10.77 1.90
-10.77 1.90
-10.77 1.90
-10.79 1.90
-10.79 1.90
-10.80 1.90
-10.81 1.90
-10.82 1.90
-10.84 1.90
-10.85 1.90
-10.85 1.90
-10.87 1.90
-10.88 1.90
-10.89 1.90
-10.89 1.90
-10.89 1.90
-10.89 1.90
-10.90 1.90
-10.90 1.90
-10.90 1.90
-10.90 1.90
-10.90 1.90
-10.90 1.90
-10.91 1.90
-10.91 1.90
-10.91 1.90
-10.92 1.90
-10.92 1.90
-10.92 1.90
-10.92 1.90
-10.92 1.90
-10.93 1.90
-10.93 1.90
-10.93 1.90
-10.93 1.90
-10.93 1.90
-10.93 1.90
-10.93 1.90
-10.93 1.90
-10.93 1.90
-10.93 1.90
-10.93 1.90
-10.93 1.90
-10.93 1.90
-10.93 1.90
-10.93 1.90
-10.93 1.90
-10.93 1.90
-10.93 1.90
-10.93 1.90
-10.93 1.90
-10.93 1.90
-10.93 1.90
-10.93 1.90
-10.93 1.90
-10.93 1.90
-10.93 1.90
-10.93 1.90
-10.93 1.90
-10.93 1.90
-10.93 1.90
-10.93 1.90
-10.93 1.90
-10.93 1.90
-10.93 1.90
-10.93 1.90
-10.93 1.90
-10.95 1.90
-10.93 1.90
-10.93 1.90
-10.93 1.90
-10.93 1.90
-10.93 1.90
-10.92 1.90
-10.92 1.90
-10.92 1.90
-10.92 1.90
-10.91 1.90
-10.91 1.90
-10.90 1.90
-10.89 1.90
-10.88 1.90
-10.85 1.90
-10.84 1.90
-10.81 1.90
-10.79 1.90
-10.74 1.90
-10.69 1.90
-10.65 1.90
-10.59 1.90
-10.54 1.90
-10.49 1.90
-10.43 1.90
-10.37 1.90
-10.32 1.90
-10.28 1.90
-10.23 1.90
-10.20 1.90
-10.16 1.90
-10.14 1.90
-10.11 1.90
-10.08 1.90
-10.05 1.90
-10.02 1.90
-10.00 1.90
-9.98 1.90
-9.96 1.90
-9.94 1.90
-9.93 1.90
-9.93 1.90
-9.93 1.90
-9.93 1.90
-9.93 1.90
-9.93 1.90
-9.93 1.90
-9.93 1.90
-9.93 1.90
-9.93 1.90
-9.93 1.90
-9.93 1.90
-9.92 1.90
-9.91 1.90
-9.90 1.90
-9.86 1.90
-9.82 1.90
-9.77 1.90
-9.71 1.90
-9.63 1.90
-9.55 1.90
-9.44 1.90
-9.30 1.90
-9.15 1.90
-8.98 1.90
-8.79 1.90
-8.61 1.90
-8.44 1.90
-8.25 1.90
-8.09 1.90
-7.93 1.90
-7.77 1.90
-7.97 1.90
-7.84 1.90
-7.71 1.90
-7.61 1.90
-7.49 1.90
-7.38 1.90
-7.25 1.90
-7.12 1.90
-7.00 1.90
-6.86 1.90
-6.73 1.90
-6.59 1.90
-6.45 1.90
-6.33 1.90
-6.20 1.90
-6.10 1.90
-6.00 1.90
-5.94 1.90
-5.88 1.90
-5.82 1.90
-5.77 1.90
-5.73 1.90
-5.68 1.90
-5.64 1.90
-5.57 1.90
-5.49 1.90
-5.38 1.90
-5.24 1.87
-5.05 1.79
-4.81 1.71
-4.46 1.61
-4.00 1.50
-3.47 1.38
-2.89 1.26
-2.27 1.13
-1.62 1.00
-1.03 0.87
-0.60 0.78
-0.26 0.69
-0.00 0.61
0.15 0.54
0.24 0.48
0.26 0.43
0.23 0.39
0.15 0.36
0.01 0.34
-0.18 0.32
-0.41 0.31
-0.73 0.31
-1.10 0.32
-1.51 0.34
-1.96 0.35
-2.36 0.36
-2.71 0.35
-2.98 0.32
-3.21 0.30
-3.36 0.26
-3.44 0.21
-3.45 0.16
-3.42 0.11
-3.36 0.06
-3.26 -0.00
-3.18 -0.05
-3.18 -0.09
-3.18 -0.12
-3.27 -0.13
-3.39 -0.13
-3.55 -0.14
-3.76 -0.13
-3.98 -0.14
-4.21 -0.14
-4.45 -0.14
-4.68 -0.14
-4.89 -0.15
-5.11 -0.12
-5.30 -0.12
-5.50 -0.12
-5.71 -0.12
-5.91 -0.12
-6.11 -0.13
-6.33 -0.13
-6.53 -0.14
-6.73 -0.15
-6.93 -0.18
-7.11 -0.20
-7.29 -0.23
-7.47 -0.27
-7.64 -0.30
-7.82 -0.33
-8.04 -0.36
-8.04 -0.43
-8.33 -0.45
-8.69 -0.47
-9.14 -0.47
-9.75 -0.47
-10.60 -0.43
-11.79 -0.36
-13.24 -0.26
-14.49 -0.18
-15.42 -0.14
-16.12 -0.13
-16.67 -0.14
-17.12 -0.15
-17.51 -0.17
-17.89 -0.17
-18.28 -0.17
-18.08 -0.25
-18.62 -0.16
-19.36 -0.10
-20.38 0.01
-21.90 0.19
-23.39 0.37
-24.69 0.52
-25.54 0.59
-26.15 0.63
-26.55 0.64
-26.87 0.64
-27.10 0.63
-27.28 0.62
-27.40 0.59
-27.48 0.55
-27.51 0.50
-27.51 0.44
-27.48 0.38
-27.42 0.32
-27.34 0.26
-27.21 0.19
-27.07 0.12
-26.91 0.05
-26.69 -0.04
-26.46 -0.12
-26.24 -0.21
-26.04 -0.29
-25.83 -0.36
-25.64 -0.42
-25.48 -0.49
-25.36 -0.55
-25.25 -0.60
-25.18 -0.65
-25.17 -0.69
-25.18 -0.72
-25.24 -0.74
-25.32 -0.76
-25.44 -0.77
-25.58 -0.78
-25.74 -0.78
-25.91 -0.78
-26.11 -0.77
-26.32 -0.76
-26.54 -0.75
-26.76 -0.74
-26.98 -0.73
-27.21 -0.71
-27.42 -0.71
-27.63 -0.71
-27.82 -0.71
-28.03 -0.70
-28.24 -0.70
-28.65 -0.66
-28.93 -0.64
-29.26 -0.61
-29.68 -0.57
-30.21 -0.51
-30.92 -0.46
-31.84 -0.34
-33.17 -0.16
-34.50 0.01
-35.55 0.15
-36.22 0.22
-36.73 0.27
-37.12 0.30
-37.41 0.31
-37.62 0.31
-37.80 0.30
-37.91 0.28
-37.98 0.25
-38.02 0.22
-38.02 0.18
-37.98 0.14
-37.92 0.09
-37.83 0.04
-37.72 -0.02
-37.58 -0.09
-37.44 -0.14
-37.31 -0.20
-37.20 -0.25
-37.12 -0.29
-37.06 -0.33
-37.05 -0.36
-37.07 -0.39
-37.11 -0.42
-37.18 -0.45
-37.26 -0.47
-37.36 -0.49
-37.47 -0.50
-37.59 -0.51
-37.72 -0.52
-37.83 -0.54
-37.96 -0.55
-38.09 -0.56
-38.21 -0.57
-38.34 -0.58
-38.47 -0.58
-38.58 -0.58
-38.71 -0.57
-38.85 -0.56
-39.00 -0.54
-39.16 -0.51
-39.33 -0.49
-39.54 -0.46
-39.77 -0.43
-40.03 -0.39
-40.32 -0.34
-40.68 -0.29
-41.05 -0.24
-41.47 -0.17
-41.93 -0.11
-42.49 -0.02
-43.13 0.07
-43.78 0.17
-44.32 0.24
-44.78 0.30
-45.04 0.32
-45.23 0.33
-45.27 0.33
-45.23 0.32
-45.08 0.30
-44.86 0.27
-44.55 0.22
-44.18 0.17
-43.72 0.10
-43.19 0.02
-42.65 -0.07
-42.19 -0.13
-41.83 -0.18
-41.53 -0.21
-41.31 -0.22
-41.12 -0.22
-40.98 -0.22
-40.85 -0.23
-40.75 -0.23
-40.65 -0.23
-40.59 -0.23
-40.52 -0.22
-40.47 -0.20
-40.44 -0.18
-40.41 -0.16
-40.39 -0.13
-40.38 -0.10
-40.39 -0.08
-40.39 -0.04
-40.39 -0.01
-40.39 0.02
-40.38 0.05
-40.33 0.07
-40.24 0.07
-40.12 0.07
-39.97 0.06
-39.82 0.06
-39.64 0.05
-39.46 0.05
-39.27 0.05
-39.23 0.07
-39.04 0.06
-38.86 0.06
-38.64 0.04
-38.42 0.03
-38.15 0.01
-37.86 -0.02
-37.47 -0.06
-37.07 -0.09
-36.65 -0.12
-36.15 -0.16
-35.53 -0.22
-34.73 -0.31
-33.96 -0.40
-33.19 -0.49
-32.48 -0.57
-31.97 -0.63
-31.60 -0.66
-31.37 -0.66
-31.25 -0.65
-31.22 -0.62
-31.27 -0.57
-31.38 -0.52
-31.55 -0.46
-31.78 -0.39
-32.08 -0.31
-32.50 -0.16
-32.96 -0.08
-33.44 0.03
-33.86 0.12
-34.13 0.20
-34.38 0.27
-34.45 0.31
-34.43 0.34
-34.30 0.35
-34.07 0.36
-33.74 0.36
-33.26 0.36
-32.69 0.34
-32.12 0.33
-31.58 0.32
-31.07 0.32
-30.61 0.32
-30.19 0.33
-29.79 0.35
-29.45 0.38
-29.12 0.42
-28.82 0.45
-28.55 0.49
-28.27 0.52
-27.97 0.54
-27.63 0.54
-27.15 0.52
-26.57 0.48
-25.75 0.41
-24.44 0.25
-22.57 0.02
-20.83 -0.19
-19.65 -0.31
-18.86 -0.37
-18.30 -0.40
-17.95 -0.38
-17.58 -0.37
-17.25 -0.35
-16.90 -0.36
-16.56 -0.33
-16.16 -0.30
-15.78 -0.27
-15.40 -0.22
-15.01 -0.18
-14.56 -0.16
-14.06 -0.14
-13.55 -0.12
-13.09 -0.09
-12.70 -0.06
-12.36 -0.02
-12.09 0.03
-11.82 0.09
-11.56 0.14
-11.33 0.16
-11.06 0.17
-10.80 0.17
-10.54 0.16
-10.30 0.15
-10.07 0.14
-9.83 0.14
-9.61 0.14
-9.40 0.14
-9.18 0.14
-8.98 0.13
-8.76 0.12
-8.55 0.11
-8.34 0.10
-8.16 0.09
-7.97 0.08
-7.79 0.08
-7.63 0.08
-7.92 0.15
-7.76 0.15
-7.61 0.15
-7.46 0.15
-7.27 0.14
-7.09 0.13
-6.87 0.12
-6.67 0.11
-6.45 0.09
-6.25 0.08
-6.05 0.07
-5.85 -0.01
-5.71 -0.01
-5.64 0.01
-5.62 0.03
-5.65 0.07
-5.72 0.11
-5.82 0.14
-5.94 0.18
-6.07 0.22
-6.22 0.26
-6.36 0.30
-6.50 0.35
-6.63 0.40
-6.75 0.46
-6.85 0.52
-6.95 0.57
-7.04 0.62
-7.12 0.67
-7.18 0.71
-7.23 0.74
-7.27 0.78
-7.29 0.82
-7.31 0.86
-7.31 0.90
-7.29 0.94
-7.27 0.99
-7.26 1.02
-7.24 1.06
-7.20 1.10
-7.17 1.13
-7.15 1.18
-7.11 1.22
-7.08 1.27
-7.04 1.31
-7.01 1.35
-6.98 1.39
-6.95 1.42
-6.91 1.46
-6.89 1.48
-6.86 1.51
-6.83 1.54
-6.80 1.57
-6.78 1.60
-6.75 1.63
-6.73 1.65
-6.70 1.67
-6.67 1.69
-6.65 1.72
-6.63 1.74
-6.60 1.77
-6.59 1.80
-6.57 1.83
-6.56 1.85
-6.53 1.87
-6.52 1.90
-6.52 1.90
-6.51 1.90
-6.50 1.90
-6.49 1.90
-6.49 1.90
-6.49 1.90
-6.49 1.90
-6.49 1.90
-6.49 1.90
-6.49 1.90
-6.49 1.90
-6.49 1.90
-6.49 1.90
-6.49 1.90
-6.49 1.90
-6.49 1.90
-6.49 1.90
-6.49 1.90
-6.49 1.90
-6.49 1.90
-6.49 1.90
-6.49 1.90
-6.49 1.90
-6.50 1.90
-6.49 1.90
-6.49 1.90
-6.49 1.90
-6.49 1.90
-6.50 1.90
-6.50 1.90
-6.50 1.90
-6.49 1.90
-6.49 1.90
-6.49 1.90
-6.49 1.90
-6.49 1.90
-6.49 1.90
-6.50 1.90
-6.49 1.90
-6.50 1.90
-6.50 1.90
-6.49 1.90
-6.50 1.90
-6.50 1.90
-6.50 1.90
-6.50 1.90
-6.50 1.90
-6.50 1.90
-6.50 1.90
-6.50 1.90
-6.50 1.90
-6.50 1.90
-6.50 1.90
-6.50 1.90
-6.51 1.90
-6.51 1.90
-6.50 1.90
-6.50 1.90
-6.51 1.90
-6.50 1.90
-6.50 1.90
-6.50 1.90
-6.50 1.90
-6.50 1.90
-6.50 1.90
-6.50 1.90
-6.50 1.90
-6.50 1.90
-6.50 1.90
-6.50 1.90
-6.50 1.90
-6.51 1.90
-6.51 1.90
-6.51 1.90
-6.51 1.90
-6.51 1.90
-6.52 1.90
-6.52 1.90
-6.52 1.90
-6.52 1.90
-6.52 1.90
-6.52 1.90
-6.52 1.90
-6.52 1.90
-6.52 1.90
-6.52 1.90
-6.52 1.90
-6.52 1.90
-6.52 1.90
-6.52 1.90
-6.52 1.90
-6.52 1.90
-6.52 1.90
-6.52 1.90
-6.52 1.90
-6.52 1.90
-6.52 1.90
-6.52 1.90
-6.52 1.90
-6.52 1.90
-6.52 1.90
-6.52 1.90
-6.52 1.90
-6.52 1.90
-6.52 1.90
-6.52 1.90
-6.52 1.90
-6.52 1.90
-6.52 1.90
-6.52 1.90
-6.52 1.90
-6.52 1.90
-6.52 1.90
-6.52 1.90
-6.52 1.90
-6.52 1.90
-6.52 1.90
-6.52 1.90
-6.52 1.90
-6.52 1.90
-6.52 1.90
-6.52 1.90
-6.52 1.90
-6.52 1.90
-6.52 1.90
-6.52 1.90
-6.52 1.90
-6.52 1.90
-6.52 1.90
-6.52 1.90
-6.52 1.90
-6.52 1.90
-6.52 1.90
-6.52 1.90
-6.52 1.90
-6.52 1.90
-6.52 1.90
-6.52 1.90
-6.52 1.90
-6.52 1.90
-6.52 1.90
-6.52 1.90
-6.52 1.90
-6.52 1.90
-6.52 1.90
-6.52 1.90
-6.52 1.90
-6.52 1.90
-6.52 1.90
-6.52 1.90
-6.52 1.90
-6.52 1.90
-6.52 1.90
-6.52 1.90
-6.52 1.90
-6.52 1.90
-6.52 1.90
-6.52 1.90
-6.52 1.90
-6.52 1.90
-6.52 1.90
-6.52 1.90
-6.52 1.90
-6.52 1.90
-6.52 1.90
-6.52 1.90
-6.52 1.90
-6.52 1.90
-6.52 1.90
-6.52 1.90
-6.52 1.90
-6.52 1.90
-6.52 1.90
-6.52 1.90
-6.52 1.90
-6.52 1.90
-6.52 1.90
-6.52 1.90
-6.52 1.90
-6.52 1.90
-6.52 1.90
-6.52 1.90
-6.52 1.90
-6.52 1.90
-6.52 1.90
-6.52 1.90
-6.52 1.90
-6.52 1.90
-6.52 1.90
-6.52 1.90
-6.52 1.90
-6.52 1.90
-6.52 1.90
-6.52 1.90
-6.52 1.90
-6.52 1.90
-6.52 1.90
-6.52 1.90
-6.52 1.90
-6.52 1.90
-6.52 1.90
-6.52 1.90
-6.52 1.90
-6.52 1.90
-6.52 1.90
-6.52 1.90
-6.52 1.90
-6.52 1.90
-6.52 1.90
-6.52 1.90
-6.52 1.90
-6.52 1.90
-6.52 1.90
-6.52 1.90
-6.52 1.90
-6.52 1.90
-6.52 1.90
-6.52 1.90
-6.52 1.90
-6.52 1.90
-6.52 1.90
-6.52 1.90
-6.52 1.90
-6.52 1.90
-6.52 1.90
-6.52 1.90
-6.52 1.90
-6.52 1.90
-6.52 1.90
-6.52 1.90
