.0000
-2.13 0.00°-2.56 0.0000
-2.59 0.0000
-2.63 0.0000
-2.66 0.0000
-2.69 0.0000
-2.70 0.0000
-2.73 0.0000
-2.76 0.0000
-2.78 0.0000
-2.79 0.0000
-2.81 0.0000
-2.82 0.0000
-2.84 0.0000
-2.86 0.0000
-2.86 0.0000
-2.87 0.0000
-2.87 0.0000
-2.87 0.0000
-2.87 0.0000
-2.87 0.0000
-2.87 0.0000
-2.87 0.0000
-2.87 0.0000
-2.87 0.0000
-2.87 0.0000
-2.87 0.0000
-2.87 0.0000
-2.87 0.0000
-2.87 0.0000
-2.87 0.0000
-2.87 0.0000
-2.87 0.0000
-2.87 0.0000
-2.87 0.0000
-2.87 0.0000
-2.87 0.0000
-2.87 0.0000
-2.87 0.0000
-2.87 0.0000
-2.87 0.0000
-2.87 0.0000
-2.87 0.0000
-2.87 0.0000
-2.87 0.0000
-2.87 0.0000
-2.87 0.0000
-2.87 0.0000
-2.87 0.0000
-2.87 0.0000
-2.87 0.0000
-2.87 0.0000
-2.87 0.0000
-2.87 0.0000
-2.87 0.0000
-2.87 0.0000
-2.87 0.0000
-2.87 0.0000
-2.87 0.0000
-2.87 0.0000
-2.87 0.0000
-2.89 0.0000
-2.89 0.0000
-2.90 0.0000
-2.92 0.0000
-2.93 0.0000
-2.93 0.0000
-2.96 0.0000
-2.98 0.0000
-2.99 0.0000
-3.02 0.0000
-3.05 0.0000
-3.09 0.0000
-3.12 0.0000
-3.15 0.0000
-3.21 0.0000
-3.24 0.0000
-3.30 0.0000
-3.35 0.0000
-3.39 0.0000
-3.45 0.0000
-3.51 0.0000
-3.59 0.0000
-3.65 0.0000
-3.73 0.0000
-3.81 0.0000
-3.88 0.0000
-3.94 0.0000
-4.04 0.0000
-4.11 0.0000
-4.20 0.0000
-4.30 0.0000
-4.39 0.0000
-4.48 0.0000
-4.57 0.0000
-4.66 0.0000
-4.74 0.0000
-4.83 0.0000
-4.93 0.0000
-5.02 0.0000
-5.09 0.0000
-5.17 0.0000
-5.26 0.0000
-5.34 0.0000
-5.42 0.0000
-5.48 0.0000
-5.55 0.0000
-5.62 0.0000
-5.68 0.0000
-5.72 0.0000
-5.78 0.0000
-5.81 0.0000
-5.88 0.0000
-5.91 0.0000
-5.95 0.0000
-5.98 0.0000
-6.01 0.0000
-6.04 0.0000
-6.08 0.0000
-6.11 0.0000
-6.12 0.0000
-6.15 0.0000
-6.18 0.0000
-6.20 0.0000
-6.23 0.0000
-6.26 0.0000
-6.27 0.0000
-6.31 0.0000
-6.32 0.0000
-6.35 0.0000
-6.38 0.0000
-6.41 0.0000
-6.46 0.0000
-6.49 0.0000
-6.54 0.0000
-6.57 0.0000
-6.63 0.0000
-6.66 0.0000
-6.72 0.0000
-6.77 0.0000
-6.83 0.0000
-6.90 0.0000
-6.96 0.0000
-7.04 0.0000
-7.10 0.0000
-7.18 0.0000
-7.26 0.0000
-7.33 0.0000
-7.41 0.0000
-7.49 0.0000
-7.55 0.0000
-7.64 0.0000
-7.70 0.0000
-7.76 0.0000
-7.84 0.0000
-7.90 0.0000
-7.90 0.0000
-7.98 0.0000
-8.02 0.0000
-8.10 0.0000
-8.15 0.0000
-8.21 0.0000
-8.27 0.0000
-8.31 0.0000
-8.38 0.0000
-8.42 0.0000
-8.47 0.0000
-8.51 0.0000
-8.56 0.0000
-8.61 0.0000
-8.65 0.0000
-8.70 0.0000
-8.74 0.0000
-8.79 0.0000
-8.84 0.0000
-8.88 0.0000
-8.94 0.0000
-8.99 0.0000
-9.03 0.0000
-9.11 0.0000
-9.16 0.0000
-9.23 0.0000
-9.30 0.0000
-9.36 0.0000
-9.43 0.0000
-9.51 0.0000
-9.59 0.0000
-9.66 0.0000
-9.74 0.0000
-9.82 0.0000
-9.92 0.0000
-10.00 0.0000
-10.11 0.0000
-10.22 0.0000
-10.32 0.0000
-10.45 0.0000
-10.55 0.0000
-10.69 0.0000
-10.81 0.0000
-10.95 0.0000
-11.09 0.0000
-11.21 0.0000
-11.37 0.0000
-11.52 0.0000
-11.69 0.0000
-11.86 0.0000
-12.04 0.0000
-12.24 0.0000
-12.48 0.0000
-12.79 0.0000
-13.25 0.0000
-13.85 0.0000
-14.54 0.0000
-15.12 0.0000
-15.63 0.0000
-16.35 0.0000
-17.30 0.0000
-17.99 0.0000
-18.45 0.0000
-18.92 0.0000
-19.42 0.0000
-19.84 0.0000
-20.17 0.0000
-20.44 0.0000
-20.66 0.0000
-20.84 0.0000
-20.98 0.0000
-21.10 0.0000
-21.18 0.0000
-21.27 0.0000
-21.32 0.0000
-21.36 0.0000
-21.39 0.0000
-21.41 0.0000
-21.41 0.0000
-21.41 0.0000
-21.38 0.0000
-21.35 0.0000
-21.32 0.0000
-21.27 0.0000
-21.22 0.0000
-21.15 0.0000
-21.07 0.0000
-20.99 0.0000
-20.87 0.0000
-20.75 0.0000
-20.60 0.0000
-20.40 0.0000
-20.15 0.0000
-19.84 0.0000
-19.46 0.0000
-19.03 0.0000
-18.59 0.0000
-18.19 0.0000
-17.68 0.0000
-16.81 0.0000
-15.81 0.0000
-15.14 0.0000
-14.46 0.0000
-13.56 0.0000
-12.79 0.0000
-12.29 0.0000
-11.89 0.0000
-11.53 0.0000
-11.20 0.0000
-10.89 0.0000
-10.58 0.0000
-10.31 0.0000
-10.03 0.0000
-9.79 0.0000
-9.57 0.0000
-9.36 0.0000
-9.16 0.0000
-8.97 0.0000
-8.77 0.0000
-8.61 0.0000
-8.41 0.0000
-8.24 0.0000
-8.04 0.0000
-7.88 0.0000
-7.67 0.0000
-7.44 0.0000
-7.18 0.0000
-6.87 0.0000
-6.55 0.0000
-6.15 0.0000
-5.74 0.0000
-5.17 0.0000
-4.62 0.0000
-3.87 0.0000
-3.10 0.0000
-2.12 0.0000
-1.28 0.0000
-0.36 0.0000
0.44 0.0000
1.16 -0.0162
1.82 -0.0821
2.37 -0.1373
2.83 -0.1833
3.25 -0.2247
3.62 -0.2615
3.95 -0.2952
4.26 -0.3259
4.58 -0.3581
4.92 -0.3918
5.27 -0.4271
5.67 -0.4670
6.10 -0.5099
6.10 -0.5099
6.73 -0.5728
7.86 -0.6862
9.56 -0.8564
12.19 -1.1186
14.26 -1.3256
15.82 -1.4820
16.54 -1.5541
17.15 -1.6154
17.60 -1.6599
17.95 -1.6952
18.26 -1.7258
18.47 -1.7473
18.69 -1.7688
18.84 -1.7841
19.01 -1.8010
19.13 -1.8132
19.25 -1.8255
19.36 -1.8362
19.45 -1.8454
19.55 -1.8546
19.62 -1.8623
19.68 -1.8684
19.75 -1.8746
19.79 -1.8792
19.84 -1.8838
20.34 -1.9344
20.36 -1.9359
20.37 -1.9374
20.37 -1.9374
20.36 -1.9359
20.34 -1.9344
28.15 -2.7148
20.34 -1.9344
20.31 -1.9313
20.30 -1.9298
20.24 -1.9236
20.17 -1.9175
20.14 -1.9144
20.08 -1.9083
20.04 -1.9037
19.96 -1.8960
19.91 -1.8914
19.84 -1.8838
19.78 -1.8776
19.70 -1.8700
19.64 -1.8638
19.55 -1.8546
19.47 -1.8470
19.36 -1.8362
19.25 -1.8255
19.12 -1.8117
18.98 -1.7979
18.83 -1.7826
18.64 -1.7642
18.43 -1.7427
18.18 -1.7182
17.94 -1.6936
17.60 -1.6599
17.25 -1.6246
16.76 -1.5756
16.26 -1.5265
15.41 -1.4406
13.95 -1.2950
12.35 -1.1355
10.39 -0.9392
9.06 -0.8058
8.00 -0.7000
7.31 -0.6310
6.84 -0.5835
6.47 -0.5467
6.16 -0.5160
5.85 -0.4854
5.59 -0.4593
5.35 -0.4348
5.12 -0.4118
4.89 -0.3888
4.69 -0.3688
4.49 -0.3489
4.29 -0.3290
4.08 -0.3075
3.88 -0.2876
3.68 -0.2676
3.49 -0.2492
3.28 -0.2278
3.06 -0.2063
2.82 -0.1818
2.54 -0.1542
2.22 -0.1220
1.85 -0.0852
1.45 -0.0453
1.01 -0.0008
0.50 0.0000
0.06 0.0000
-0.49 0.0000
-1.00 0.0000
-1.61 0.0000
-2.17 0.0000
-2.78 0.0000
-3.28 0.0000
-3.84 0.0000
-4.25 0.0000
-4.68 0.0000
-5.03 0.0000
-5.37 0.0000
-5.68 0.0000
-5.92 0.0000
-6.17 0.0000
-6.37 0.0000
-6.57 0.0000
-6.72 0.0000
-6.89 0.0000
-7.03 0.0000
-7.16 0.0000
-7.29 0.0000
-7.42 0.0000
-7.53 0.0000
-7.64 0.0000
-7.73 0.0000
-7.81 0.0000
-7.90 0.0000
-7.90 0.0000
-7.98 0.0000
-8.04 0.0000
-8.10 0.0000
-8.15 0.0000
-8.21 0.0000
-8.24 0.0000
-8.28 0.0000
-8.31 0.0000
-8.34 0.0000
-8.38 0.0000
-8.39 0.0000
-8.41 0.0000
-8.41 0.0000
-8.41 0.0000
-8.41 0.0000
-8.39 0.0000
-8.39 0.0000
-8.38 0.0000
-8.34 0.0000
-8.33 0.0000
-8.31 0.0000
-8.28 0.0000
-8.25 0.0000
-8.21 0.0000
-8.18 0.0000
-8.13 0.0000
-8.10 0.0000
-8.05 0.0000
-8.01 0.0000
-7.95 0.0000
-7.88 0.0000
-7.92 0.0000
-7.84 0.0000
-7.79 0.0000
-7.72 0.0000
-7.65 0.0000
-7.56 0.0000
-7.50 0.0000
-7.41 0.0000
-7.33 0.0000
-7.24 0.0000
-7.13 0.0000
-7.06 0.0000
-6.95 0.0000
-6.84 0.0000
-6.73 0.0000
-6.63 0.0000
-6.50 0.0000
-6.38 0.0000
-6.24 0.0000
-6.12 0.0000
-5.94 0.0000
-5.77 0.0000
-5.57 0.0000
-5.35 0.0000
-5.12 0.0000
-4.86 0.0000
-4.62 0.0000
-4.31 0.0000
-4.04 0.0000
-3.68 0.0000
-3.36 0.0000
-2.96 0.0000
-2.61 0.0000
-2.21 0.0000
-1.83 0.0000
-1.44 0.0000
-1.06 0.0000
-0.72 0.0000
-0.37 0.0000
-0.03 0.0000
0.32 0.0000
0.63 0.0000
0.96 0.0000
1.25 -0.0254
1.56 -0.0560
1.85 -0.0852
2.11 -0.1112
2.37 -0.1373
2.62 -0.1618
2.83 -0.1833
3.03 -0.2032
3.22 -0.2216
3.39 -0.2385
3.55 -0.2554
3.72 -0.2722
3.88 -0.2876
4.06 -0.3060
4.24 -0.3244
4.43 -0.3428
4.61 -0.3612
4.80 -0.3796
5.01 -0.4010
5.23 -0.4225
5.46 -0.4455
5.69 -0.4685
5.98 -0.4976
5.98 -0.4976
6.31 -0.5314
6.71 -0.5712
7.23 -0.6234
8.00 -0.7000
9.15 -0.8150
10.32 -0.9316
12.46 -1.1462
13.86 -1.2858
15.36 -1.4360
16.07 -1.5066
16.59 -1.5587
17.00 -1.6001
17.35 -1.6354
17.63 -1.6630
17.87 -1.6875
18.07 -1.7074
18.24 -1.7243
18.38 -1.7381
18.50 -1.7504
18.60 -1.7596
18.69 -1.7688
18.75 -1.7749
18.81 -1.7810
18.86 -1.7856
18.90 -1.7902
18.93 -1.7933
18.95 -1.7948
18.98 -1.7979
18.99 -1.7994
19.01 -1.8010
19.01 -1.8010
19.01 -1.8010
19.01 -1.8010
19.01 -1.8010
19.01 -1.8010
19.01 -1.8010
19.01 -1.8010
19.01 -1.8010
19.01 -1.8010
19.01 -1.8010
19.01 -1.8010
19.01 -1.8010
19.01 -1.8010
19.01 -1.8010
19.01 -1.8010
19.01 -1.8010
19.01 -1.8010
19.01 -1.8010
18.99 -1.7994
18.99 -1.7994
18.98 -1.7979
18.98 -1.7979
18.98 -1.7979
18.96 -1.7964
18.96 -1.7964
18.95 -1.7948
18.93 -1.7933
18.92 -1.7918
18.90 -1.7902
18.89 -1.7887
18.87 -1.7872
18.86 -1.7856
18.84 -1.7841
18.81 -1.7810
18.79 -1.7795
18.78 -1.7780
18.75 -1.7749
18.73 -1.7734
18.70 -1.7703
18.67 -1.7672
18.64 -1.7642
18.61 -1.7611
18.58 -1.7580
18.53 -1.7534
18.50 -1.7504
18.46 -1.7458
18.41 -1.7412
18.35 -1.7350
18.27 -1.7274
18.21 -1.7212
18.14 -1.7136
18.04 -1.7044
17.94 -1.6936
17.83 -1.6829
17.69 -1.6691
17.55 -1.6553
17.38 -1.6384
17.22 -1.6216
16.99 -1.5986
16.77 -1.5771
16.49 -1.5495
16.19 -1.5188
15.84 -1.4836
15.38 -1.4376
14.61 -1.3609
13.35 -1.2352
12.45 -1.1447
10.87 -0.9868
9.70 -0.8702
8.83 -0.7828
7.94 -0.6939
7.30 -0.6295
6.80 -0.5804
6.45 -0.5452
6.15 -0.5145
6.18 -0.5176
5.93 -0.4930
5.70 -0.4700
5.49 -0.4486
5.27 -0.4271
5.06 -0.4056
4.84 -0.3842
4.64 -0.3642
4.46 -0.3458
4.27 -0.3274
4.09 -0.3090
3.89 -0.2891
3.71 -0.2707
3.51 -0.2508
3.29 -0.2293
3.05 -0.2048
2.77 -0.1772
2.48 -0.1480
2.14 -0.1143
1.76 -0.0760
1.32 -0.0315
0.82 0.0000
0.27 0.0000
-0.25 0.0000
-0.89 0.0000
-1.49 0.0000
-2.21 0.0000
-2.82 0.0000
-3.50 0.0000
-4.02 0.0000
-4.57 0.0000
-4.99 0.0000
-5.43 0.0000
-5.77 0.0000
-6.11 0.0000
-6.38 0.0000
-6.64 0.0000
-6.87 0.0000
-7.07 0.0000
-7.29 0.0000
-7.46 0.0000
-7.64 0.0000
-7.78 0.0000
-7.93 0.0000
-7.93 0.0000
-8.07 0.0000
-8.19 0.0000
-8.33 0.0000
-8.44 0.0000
-8.56 0.0000
-8.65 0.0000
-8.77 0.0000
-8.88 0.0000
-9.00 0.0000
-9.11 0.0000
-9.25 0.0000
-9.36 0.0000
-9.48 0.0000
-9.60 0.0000
-9.72 0.0000
-9.85 0.0000
-9.97 0.0000
-10.09 0.0000
-10.22 0.0000
-10.34 0.0000
-10.46 0.0000
-10.57 0.0000
-10.68 0.0000
-10.77 0.0000
-10.86 0.0000
-10.92 0.0000
-10.98 0.0000
-11.01 0.0000
-11.04 0.0000
-11.06 0.0000
-11.04 0.0000
-11.03 0.0000
-11.01 0.0000
-10.97 0.0000
-10.92 0.0000
-10.86 0.0000
-10.80 0.0000
-10.72 0.0000
-10.64 0.0000
-10.55 0.0000
-10.46 0.0000
-10.38 0.0000
-10.28 0.0000
-10.18 0.0000
-10.09 0.0000
-9.99 0.0000
-9.88 0.0000
-9.79 0.0000
-9.68 0.0000
-9.59 0.0000
-9.46 0.0000
-9.36 0.0000
-9.23 0.0000
-9.13 0.0000
-9.00 0.0000
-8.88 0.0000
-8.76 0.0000
-8.64 0.0000
-8.51 0.0000
-8.36 0.0000
-8.24 0.0000
-8.07 0.0000
-7.90 0.0000
-7.84 0.0000
-7.62 0.0000
-7.42 0.0000
-7.16 0.0000
-6.89 0.0000
-6.54 0.0000
-6.20 0.0000
-5.71 0.0000
-5.22 0.0000
-4.51 0.0000
-3.81 0.0000
-2.84 0.0000
-1.84 0.0000
-0.86 0.0000
0.09 0.0000
0.90 0.0000
1.58 -0.0576
2.28 -0.1281
2.85 -0.1848
3.31 -0.2308
3.71 -0.2707
4.09 -0.3090
4.47 -0.3474
4.87 -0.3872
5.30 -0.4302
5.78 -0.4777
5.78 -0.4777
6.51 -0.5513
7.85 -0.6847
10.41 -0.9408
13.75 -1.2750
15.90 -1.4897
16.88 -1.5878
17.60 -1.6599
18.12 -1.7120
18.53 -1.7534
18.87 -1.7872
19.19 -1.8194
19.44 -1.8439
19.75 -1.8746
20.07 -1.9068
20.34 -1.9344
20.60 -1.9604
20.90 -1.9896
21.17 -2.0172
21.48 -2.0478
21.75 -2.0754
22.09 -2.1092
22.40 -2.1398
22.75 -2.1751
23.06 -2.2058
23.36 -2.2364
23.62 -2.2625
23.87 -2.2870
24.05 -2.3054
24.21 -2.3208
24.30 -2.3300
24.35 -2.3346
24.35 -2.3346
24.33 -2.3330
24.25 -2.3254
24.16 -2.3162
24.05 -2.3054
23.90 -2.2901
23.76 -2.2763
23.59 -2.2594
23.41 -2.2410
23.23 -2.2226
23.04 -2.2042
22.83 -2.1828
22.66 -2.1659
22.44 -2.1444
22.28 -2.1276
22.08 -2.1076
21.92 -2.0923
21.74 -2.0739
21.59 -2.0586
21.42 -2.0417
21.28 -2.0279
21.13 -2.0126
20.97 -1.9972
20.80 -1.9804
20.67 -1.9666
20.50 -1.9497
20.36 -1.9359
20.21 -1.9206
20.07 -1.9068
19.91 -1.8914
20.13 -1.9129
19.98 -1.8976
19.84 -1.8838
19.68 -1.8684
19.53 -1.8531
19.39 -1.8393
19.21 -1.8209
19.06 -1.8056
18.84 -1.7841
18.64 -1.7642
18.40 -1.7396
18.15 -1.7151
17.81 -1.6814
17.45 -1.6446
17.03 -1.6032
16.51 -1.5510
15.91 -1.4912
14.81 -1.3808
13.21 -1.2214
11.47 -1.0466
9.84 -0.8840
8.75 -0.7752
7.80 -0.6801
7.19 -0.6188
6.73 -0.5728
6.38 -0.5375
15.38 -1.4376
5.98 -0.4976
5.73 -0.4731
5.52 -0.4516
5.30 -0.4302
5.10 -0.4102
4.93 -0.3934
4.77 -0.3765
4.60 -0.3596
4.44 -0.3443
4.27 -0.3274
4.11 -0.3106
3.95 -0.2952
3.80 -0.2799
3.66 -0.2661
3.51 -0.2508
3.35 -0.2354
3.20 -0.2201
3.02 -0.2017
2.82 -0.1818
2.59 -0.1588
2.34 -0.1342
2.08 -0.1082
1.79 -0.0790
1.48 -0.0484
1.12 -0.0116
0.75 0.0000
0.33 0.0000
-0.03 0.0000
-0.46 0.0000
-0.88 0.0000
-1.34 0.0000
-1.77 0.0000
-2.24 0.0000
-2.66 0.0000
-3.13 0.0000
-3.50 0.0000
-3.90 0.0000
-4.20 0.0000
-4.54 0.0000
-4.80 0.0000
-5.08 0.0000
-5.29 0.0000
-5.54 0.0000
-5.72 0.0000
-5.92 0.0000
-6.08 0.0000
-6.21 0.0000
-6.37 0.0000
-6.47 0.0000
-6.60 0.0000
-6.70 0.0000
-6.83 0.0000
-6.92 0.0000
-7.03 0.0000
-7.12 0.0000
-7.23 0.0000
-7.32 0.0000
-7.42 0.0000
-7.50 0.0000
-7.59 0.0000
-7.69 0.0000
-7.76 0.0000
-7.85 0.0000
-7.93 0.0000
-7.93 0.0000
-7.99 0.0000
-8.07 0.0000
-8.13 0.0000
-8.21 0.0000
-8.27 0.0000
-8.34 0.0000
-8.39 0.0000
-8.45 0.0000
-8.51 0.0000
-8.57 0.0000
-8.64 0.0000
-8.68 0.0000
-8.74 0.0000
-8.79 0.0000
-8.85 0.0000
-8.91 0.0000
-8.97 0.0000
-9.03 0.0000
-9.11 0.0000
-9.17 0.0000
-9.25 0.0000
-9.33 0.0000
-9.39 0.0000
-9.48 0.0000
-9.56 0.0000
-9.63 0.0000
-9.71 0.0000
-9.80 0.0000
-9.88 0.0000
-9.99 0.0000
-10.08 0.0000
-10.17 0.0000
-10.28 0.0000
-10.38 0.0000
-10.49 0.0000
-10.61 0.0000
-10.72 0.0000
-10.84 0.0000
-10.97 0.0000
-11.07 0.0000
-11.18 0.0000
-11.29 0.0000
-11.40 0.0000
-11.52 0.0000
-11.63 0.0000
-11.75 0.0000
-11.86 0.0000
-11.98 0.0000
-12.12 0.0000
-12.25 0.0000
-12.41 0.0000
-12.59 0.0000
-12.82 0.0000
-13.10 0.0000
-13.50 0.0000
-13.97 0.0000
-14.49 0.0000
-14.95 0.0000
-15.34 0.0000
-15.78 0.0000
-16.41 0.0000
-17.15 0.0000
-17.76 0.0000
-18.17 0.0000
-18.53 0.0000
-18.89 0.0000
-19.28 0.0000
-19.63 0.0000
-19.92 0.0000
-20.17 0.0000
-20.38 0.0000
-20.53 0.0000
-20.67 0.0000
-20.78 0.0000
-20.87 0.0000
-20.95 0.0000
-21.01 0.0000
-21.07 0.0000
-21.10 0.0000
-21.13 0.0000
-21.15 0.0000
-21.15 0.0000
-21.15 0.0000
-21.13 0.0000
-21.12 0.0000
-21.09 0.0000
-21.04 0.0000
-21.01 0.0000
-20.95 0.0000
-20.87 0.0000
-20.78 0.0000
-20.67 0.0000
-20.53 0.0000
-20.37 0.0000
-20.15 0.0000
-19.89 0.0000
-19.55 0.0000
-19.12 0.0000
-18.63 0.0000
-18.16 0.0000
-17.53 0.0000
-16.43 0.0000
-15.38 0.0000
-14.60 0.0000
-13.48 0.0000
-12.58 0.0000
-11.99 0.0000
-11.55 0.0000
-11.09 0.0000
-10.66 0.0000
-10.28 0.0000
-9.91 0.0000
-9.60 0.0000
-9.34 0.0000
-9.07 0.0000
-8.82 0.0000
-8.54 0.0000
-8.33 0.0000
-8.05 0.0000
-7.87 0.0000
-7.53 0.0000
-7.19 0.0000
-6.78 0.0000
-6.26 0.0000
-5.69 0.0000
-4.86 0.0000
-4.01 0.0000
-2.78 0.0000
-1.61 0.0000
-0.28 0.0000
0.73 0.0000
1.71 -0.0714
2.48 -0.1480
3.09 -0.2094
3.62 -0.2615
4.08 -0.3075
4.55 -0.3550
5.06 -0.4056
5.62 -0.4624
5.62 -0.4624
6.57 -0.5574
8.80 -0.7798
12.49 -1.1493
15.47 -1.4468
16.83 -1.5832
17.60 -1.6599
18.24 -1.7243
18.67 -1.7672
19.10 -1.8102
19.45 -1.8454
19.79 -1.8792
20.14 -1.9144
20.59 -1.9589
21.03 -2.0034
21.54 -2.0540
22.08 -2.1076
22.72 -2.1720
23.35 -2.2349
24.08 -2.3085
24.77 -2.3775
25.46 -2.4465
26.06 -2.5063
26.58 -2.5584
27.03 -2.6029
27.43 -2.6428
27.75 -2.6750
28.03 -2.7026
28.24 -2.7240
28.41 -2.7409
28.52 -2.7516
28.59 -2.7593
28.61 -2.7608
28.59 -2.7593
28.58 -2.7578
28.50 -2.7501
28.42 -2.7424
28.33 -2.7332
28.21 -2.7210
28.09 -2.7087
27.93 -2.6934
27.80 -2.6796
27.61 -2.6612
27.44 -2.6443
27.24 -2.6244
27.06 -2.6060
26.84 -2.5845
26.65 -2.5646
26.42 -2.5416
26.20 -2.5201
25.94 -2.4940
25.71 -2.4710
25.42 -2.4419
25.16 -2.4158
24.85 -2.3852
24.58 -2.3576
24.30 -2.3300
24.05 -2.3054
23.79 -2.2794
23.58 -2.2579
23.38 -2.2380
23.20 -2.2196
23.04 -2.2042
22.89 -2.1889
22.77 -2.1766
22.66 -2.1659
22.57 -2.1567
22.49 -2.1490
22.44 -2.1444
22.40 -2.1398
22.37 -2.1368
22.35 -2.1352
22.35 -2.1352
22.35 -2.1352
22.35 -2.1352
22.37 -2.1368
22.37 -2.1368
22.37 -2.1368
22.37 -2.1368
22.37 -2.1368
22.37 -2.1368
22.37 -2.1368
22.37 -2.1368
22.37 -2.1368
22.37 -2.1368
22.37 -2.1368
22.37 -2.1368
22.37 -2.1368
22.37 -2.1368
22.37 -2.1368
22.37 -2.1368
22.37 -2.1368
22.37 -2.1368
22.37 -2.1368
22.37 -2.1368
22.37 -2.1368
22.37 -2.1368
22.37 -2.1368
22.37 -2.1368
22.37 -2.1368
22.35 -2.1352
22.35 -2.1352
22.34 -2.1337
22.31 -2.1306
22.29 -2.1291
22.24 -2.1245
22.20 -2.1199
22.14 -2.1138
22.08 -2.1076
21.98 -2.0984
21.91 -2.0908
21.80 -2.0800
21.69 -2.0693
21.55 -2.0555
21.43 -2.0432
21.28 -2.0279
21.14 -2.0141
20.97 -1.9972
20.82 -1.9819
20.63 -1.9635
20.47 -1.9466
20.27 -1.9267
20.08 -1.9083
19.88 -1.8884
19.71 -1.8715
20.11 -1.9114
19.91 -1.8914
19.73 -1.8730
19.52 -1.8516
19.32 -1.8316
19.06 -1.8056
18.81 -1.7810
18.49 -1.7488
18.15 -1.7151
17.68 -1.6676
17.11 -1.6108
16.42 -1.5418
15.31 -1.4314
13.08 -1.2076
10.24 -0.9239
8.51 -0.7506
7.26 -0.6264
6.57 -0.5574
7.31 -0.6310
5.79 -0.4792
5.42 -0.4424
5.09 -0.4087
4.77 -0.3765
4.47 -0.3474
4.20 -0.3198
3.92 -0.2922
3.62 -0.2615
3.31 -0.2308
2.97 -0.1971
2.59 -0.1588
2.16 -0.1158
1.65 -0.0652
1.04 -0.0039
0.33 0.0000
-0.43 0.0000
-1.17 0.0000
-2.07 0.0000
-2.86 0.0000
-3.71 0.0000
-4.34 0.0000
-5.00 0.0000
-5.48 0.0000
-5.98 0.0000
-6.35 0.0000
-6.70 0.0000
-7.00 0.0000
-7.29 0.0000
-7.55 0.0000
-7.78 0.0000
-7.78 0.0000
-7.98 0.0000
-8.18 0.0000
-8.38 0.0000
-8.57 0.0000
-8.77 0.0000
-9.00 0.0000
-9.22 0.0000
-9.48 0.0000
-9.74 0.0000
-10.08 0.0000
-10.48 0.0000
-10.94 0.0000
-11.46 0.0000
-12.06 0.0000
-13.13 0.0000
-14.88 0.0000
-16.64 0.0000
-18.27 0.0000
-19.46 0.0000
-20.38 0.0000
-20.93 0.0000
-21.35 0.0000
-21.65 0.0000
-21.59 0.0000
-21.81 0.0000
-22.02 0.0000
-22.22 0.0000
-22.39 0.0000
-22.56 0.0000
-22.71 0.0000
-22.85 0.0000
-22.99 0.0000
-23.10 0.0000
-23.20 0.0000
-23.29 0.0000
-23.39 0.0000
-23.48 0.0000
-23.56 0.0000
-23.62 0.0000
-23.68 0.0000
-23.74 0.0000
-23.79 0.0000
-23.83 0.0000
-23.85 0.0000
-23.88 0.0000
-23.89 0.0000
-23.91 0.0000
-23.91 0.0000
-23.89 0.0000
-23.89 0.0000
-23.88 0.0000
-23.86 0.0000
-23.85 0.0000
-23.82 0.0000
-23.80 0.0000
-23.77 0.0000
-23.75 0.0000
-23.72 0.0000
-23.69 0.0000
-23.66 0.0000
-23.63 0.0000
-23.60 0.0000
-23.57 0.0000
-23.54 0.0000
-23.52 0.0000
-23.49 0.0000
-23.46 0.0000
-23.45 0.0000
-23.42 0.0000
-23.39 0.0000
-23.37 0.0000
-23.34 0.0000
-23.33 0.0000
-23.29 0.0000
-23.28 0.0000
-23.25 0.0000
-23.22 0.0000
-23.20 0.0000
-23.17 0.0000
-23.14 0.0000
-23.13 0.0000
-23.10 0.0000
-23.08 0.0000
-23.05 0.0000
-23.03 0.0000
-23.00 0.0000
-22.97 0.0000
-22.94 0.0000
-22.91 0.0000
-22.88 0.0000
-22.85 0.0000
-22.82 0.0000
-22.77 0.0000
-22.74 0.0000
-22.70 0.0000
-22.67 0.0000
-22.62 0.0000
-22.57 0.0000
-22.53 0.0000
-22.50 0.0000
-22.44 0.0000
-22.39 0.0000
-22.34 0.0000
-22.30 0.0000
-22.25 0.0000
-22.19 0.0000
-22.14 0.0000
-22.08 0.0000
-22.02 0.0000
-21.96 0.0000
-21.88 0.0000
-21.81 0.0000
-21.73 0.0000
-21.64 0.0000
-21.98 0.0000
-21.87 0.0000
-21.75 0.0000
-21.59 0.0000
-21.44 0.0000
-21.27 0.0000
-21.07 0.0000
-20.86 0.0000
-20.58 0.0000
-20.21 0.0000
-19.72 0.0000
-19.09 0.0000
-18.46 0.0000
-17.85 0.0000
-16.85 0.0000
-15.64 0.0000
-14.91 0.0000
-14.02 0.0000
-13.08 0.0000
-12.45 0.0000
-11.98 0.0000
-11.58 0.0000
-11.21 0.0000
-10.87 0.0000
-10.57 0.0000
-10.28 0.0000
-10.00 0.0000
-9.76 0.0000
-9.54 0.0000
-9.31 0.0000
-9.13 0.0000
-8.93 0.0000
-8.76 0.0000
-8.56 0.0000
-8.39 0.0000
-8.18 0.0000
-7.99 0.0000
-7.87 0.0000
-7.64 0.0000
-7.39 0.0000
-7.10 0.0000
-6.80 0.0000
-6.40 0.0000
-6.01 0.0000
-5.45 0.0000
-4.88 0.0000
-4.10 0.0000
-3.30 0.0000
-2.20 0.0000
-1.23 0.0000
-0.22 0.0000
0.69 0.0000
1.45 -0.0453
2.14 -0.1143
2.73 -0.1726
3.22 -0.2216
3.66 -0.2661
4.08 -0.3075
4.47 -0.3474
4.90 -0.3903
5.36 -0.4363
5.87 -0.4869
5.87 -0.4869
6.74 -0.5743
8.49 -0.7491
11.53 -1.0527
15.02 -1.4023
16.36 -1.5357
17.31 -1.6308
17.87 -1.6875
18.41 -1.7412
18.79 -1.7795
19.15 -1.8148
19.47 -1.8470
18.41 -1.7412
17.35 -1.6354
17.66 -1.6660
18.01 -1.7013
18.35 -1.7350
18.76 -1.7764
19.16 -1.8163
19.68 -1.8684
20.16 -1.9160
20.74 -1.9742
21.28 -2.0279
21.91 -2.0908
22.46 -2.1460
23.06 -2.2058
23.52 -2.2518
23.99 -2.2993
24.35 -2.3346
24.73 -2.3729
25.02 -2.4020
25.28 -2.4281
25.50 -2.4496
25.68 -2.4680
25.82 -2.4818
25.91 -2.4910
25.99 -2.4986
26.03 -2.5032
26.03 -2.5032
26.02 -2.5017
26.00 -2.5002
25.96 -2.4956
25.91 -2.4910
25.85 -2.4848
25.79 -2.4787
25.71 -2.4710
25.63 -2.4634
25.56 -2.4557
25.48 -2.4480
25.40 -2.4404
25.34 -2.4342
25.27 -2.4266
25.20 -2.4204
25.14 -2.4143
25.08 -2.4082
25.05 -2.4051
25.00 -2.4005
24.97 -2.3974
24.94 -2.3944
24.93 -2.3928
24.91 -2.3913
24.91 -2.3913
24.90 -2.3898
24.90 -2.3898
24.90 -2.3898
24.90 -2.3898
24.90 -2.3898
24.90 -2.3898
24.90 -2.3898
24.90 -2.3898
24.90 -2.3898
24.88 -2.3882
24.88 -2.3882
24.88 -2.3882
24.87 -2.3867
24.85 -2.3852
24.82 -2.3821
24.79 -2.3790
24.76 -2.3760
24.71 -2.3714
24.65 -2.3652
24.59 -2.3591
24.51 -2.3514
24.42 -2.3422
24.31 -2.3315
24.18 -2.3177
24.04 -2.3039
23.85 -2.2855
23.66 -2.2656
23.41 -2.2410
23.15 -2.2150
22.81 -2.1812
22.47 -2.1475
22.09 -2.1092
21.71 -2.0708
21.29 -2.0294
20.93 -1.9926
20.53 -1.9528
20.16 -1.9160
19.81 -1.8807
19.47 -1.8470
19.16 -1.8163
18.86 -1.7856
18.61 -1.7611
18.33 -1.7335
18.12 -1.7120
17.87 -1.6875
17.68 -1.6676
17.45 -1.6446
17.25 -1.6246
17.05 -1.6047
20.05 -1.9052
19.87 -1.8868
19.65 -1.8654
19.47 -1.8470
19.24 -1.8240
19.02 -1.8025
18.75 -1.7749
18.49 -1.7488
18.10 -1.7105
17.72 -1.6722
17.15 -1.6154
16.54 -1.5541
15.56 -1.4560
13.57 -1.2566
11.10 -1.0098
9.18 -0.8181
7.68 -0.6678
6.87 -0.5866
6.34 -0.5344
6.10 -0.5099
5.73 -0.4731
5.42 -0.4424
5.12 -0.4118
4.83 -0.3826
4.55 -0.3550
4.31 -0.3305
4.06 -0.3060
3.83 -0.2830
3.60 -0.2600
3.37 -0.2370
3.11 -0.2109
2.83 -0.1833
2.54 -0.1542
2.19 -0.1189
1.78 -0.0775
1.35 -0.0346
0.87 0.0000
0.44 0.0000
-0.11 0.0000
-0.57 0.0000
-1.15 0.0000
-1.66 0.0000
-2.26 0.0000
-2.75 0.0000
-3.28 0.0000
-3.74 0.0000
-4.14 0.0000
-4.53 0.0000
-4.85 0.0000
-5.16 0.0000
-5.40 0.0000
-5.66 0.0000
-5.86 0.0000
-6.06 0.0000
-6.21 0.0000
-6.38 0.0000
-6.50 0.0000
-6.64 0.0000
-6.75 0.0000
-6.86 0.0000
-6.96 0.0000
-7.06 0.0000
-7.16 0.0000
-7.24 0.0000
-7.33 0.0000
-7.41 0.0000
-7.49 0.0000
-7.55 0.0000
-7.62 0.0000
-7.69 0.0000
-7.75 0.0000
-7.81 0.0000
-7.85 0.0000
-7.90 0.0000
-7.90 0.0000
-7.76 0.0000
-7.79 0.0000
-7.84 0.0000
-7.87 0.0000
-7.90 0.0000
-7.93 0.0000
-7.96 0.0000
-7.99 0.0000
-8.02 0.0000
-8.04 0.0000
-8.05 0.0000
-8.08 0.0000
-8.10 0.0000
-8.11 0.0000
-8.13 0.0000
-8.13 0.0000
-8.15 0.0000
-8.16 0.0000
-8.16 0.0000
-8.18 0.0000
-8.18 0.0000
-8.19 0.0000
-8.19 0.0000
-8.21 0.0000
-8.21 0.0000
-8.22 0.0000
-8.22 0.0000
-8.24 0.0000
-8.25 0.0000
-8.27 0.0000
-8.27 0.0000
-8.28 0.0000
-8.30 0.0000
-8.33 0.0000
-8.34 0.0000
-8.36 0.0000
-8.39 0.0000
-8.41 0.0000
-8.44 0.0000
-8.47 0.0000
-8.50 0.0000
-8.53 0.0000
-8.57 0.0000
-8.62 0.0000
-8.67 0.0000
-8.71 0.0000
-8.77 0.0000
-8.84 0.0000
-8.90 0.0000
-8.97 0.0000
-9.05 0.0000
-9.13 0.0000
-9.20 0.0000
-9.30 0.0000
-9.39 0.0000
-9.49 0.0000
-9.59 0.0000
-9.71 0.0000
-9.82 0.0000
-9.92 0.0000
-10.06 0.0000
-10.18 0.0000
-10.32 0.0000
-10.46 0.0000
-10.61 0.0000
-10.75 0.0000
-10.91 0.0000
-11.06 0.0000
-11.20 0.0000
-11.33 0.0000
-11.46 0.0000
-11.56 0.0000
-11.67 0.0000
-11.78 0.0000
-11.89 0.0000
-11.98 0.0000
-12.07 0.0000
-12.16 0.0000
-12.22 0.0000
-12.30 0.0000
-12.36 0.0000
-12.42 0.0000
-12.45 0.0000
-12.48 0.0000
-12.52 0.0000
-12.52 0.0000
-12.52 0.0000
-12.50 0.0000
-12.47 0.0000
-12.44 0.0000
-12.41 0.0000
-12.35 0.0000
-12.29 0.0000
-12.21 0.0000
-12.15 0.0000
-12.06 0.0000
-11.95 0.0000
-11.84 0.0000
-11.72 0.0000
-11.60 0.0000
-11.46 0.0000
-11.30 0.0000
-11.15 0.0000
-10.98 0.0000
-10.81 0.0000
-10.66 0.0000
-10.51 0.0000
-10.34 0.0000
-10.17 0.0000
-10.02 0.0000
-9.86 0.0000
-9.72 0.0000
-9.59 0.0000
-9.45 0.0000
-9.34 0.0000
-9.22 0.0000
-9.11 0.0000
-8.97 0.0000
-8.88 0.0000
-8.76 0.0000
-8.65 0.0000
-8.54 0.0000
-8.44 0.0000
-8.34 0.0000
-8.22 0.0000
-8.13 0.0000
-7.99 0.0000
-7.90 0.0000
-7.76 0.0000
-7.87 0.0000
-7.73 0.0000
-7.58 0.0000
-7.44 0.0000
-7.26 0.0000
-7.10 0.0000
-6.90 0.0000
-6.70 0.0000
-6.47 0.0000
-6.26 0.0000
-5.95 0.0000
-5.68 0.0000
-5.29 0.0000
-4.91 0.0000
-4.43 0.0000
-3.93 0.0000
-3.36 0.0000
-2.69 0.0000
-2.07 0.0000
-1.35 0.0000
-0.74 0.0000
-0.06 0.0000
0.47 0.0000
1.05 -0.0054
1.59 -0.0591
2.05 -0.1051
2.47 -0.1465
2.82 -0.1818
3.12 -0.2124
3.40 -0.2400
3.66 -0.2661
3.91 -0.2906
4.15 -0.3152
4.43 -0.3428
4.67 -0.3673
4.93 -0.3934
5.19 -0.4194
5.49 -0.4486
5.78 -0.4777
6.10 -0.5099
6.10 -0.5099
6.53 -0.5528
7.11 -0.6111
8.08 -0.7077
9.38 -0.8380
10.90 -0.9898
12.80 -1.1800
14.64 -1.3640
15.68 -1.4682
16.37 -1.5372
16.82 -1.5817
17.25 -1.6246
17.57 -1.6568
17.86 -1.6860
18.07 -1.7074
18.27 -1.7274
18.43 -1.7427
18.58 -1.7580
18.69 -1.7688
18.79 -1.7795
18.90 -1.7902
18.98 -1.7979
19.04 -1.8040
19.12 -1.8117
19.16 -1.8163
19.21 -1.8209
19.25 -1.8255
19.29 -1.8286
19.33 -1.8332
19.36 -1.8362
19.41 -1.8408
19.42 -1.8424
19.47 -1.8470
19.50 -1.8500
19.55 -1.8546
19.56 -1.8562
19.61 -1.8608
19.64 -1.8638
19.68 -1.8684
19.71 -1.8715
19.75 -1.8746
19.78 -1.8776
19.81 -1.8807
19.84 -1.8838
19.87 -1.8868
19.91 -1.8914
19.94 -1.8945
19.96 -1.8960
20.01 -1.9006
20.37 -1.9374
20.40 -1.9405
20.44 -1.9436
20.45 -1.9451
20.48 -1.9482
20.51 -1.9512
20.51 -1.9512
20.54 -1.9543
20.56 -1.9558
20.59 -1.9589
20.60 -1.9604
20.62 -1.9620
20.63 -1.9635
20.65 -1.9650
20.68 -1.9681
20.70 -1.9696
20.71 -1.9712
20.74 -1.9742
20.76 -1.9758
20.79 -1.9788
20.80 -1.9804
20.83 -1.9834
20.86 -1.9865
20.88 -1.9880
20.91 -1.9911
20.96 -1.9957
20.99 -1.9988
21.02 -2.0018
21.05 -2.0049
21.08 -2.0080
21.13 -2.0126
21.16 -2.0156
21.20 -2.0202
21.23 -2.0233
21.28 -2.0279
21.31 -2.0310
21.34 -2.0340
21.39 -2.0386
21.42 -2.0417
21.45 -2.0448
21.48 -2.0478
21.51 -2.0509
21.54 -2.0540
21.57 -2.0570
21.59 -2.0586
21.62 -2.0616
21.63 -2.0632
21.65 -2.0647
21.66 -2.0662
21.66 -2.0662
21.68 -2.0678
21.68 -2.0678
21.68 -2.0678
21.68 -2.0678
21.68 -2.0678
21.68 -2.0678
21.68 -2.0678
21.66 -2.0662
21.66 -2.0662
21.66 -2.0662
21.66 -2.0662
21.66 -2.0662
21.66 -2.0662
21.66 -2.0662
21.66 -2.0662
21.68 -2.0678
21.66 -2.0662
21.66 -2.0662
21.66 -2.0662
21.66 -2.0662
21.66 -2.0662
21.66 -2.0662
21.66 -2.0662
21.66 -2.0662
21.66 -2.0662
21.66 -2.0662
21.66 -2.0662
21.66 -2.0662
21.66 -2.0662
21.66 -2.0662
21.66 -2.0662
21.66 -2.0662
21.66 -2.0662
21.66 -2.0662
21.65 -2.0647
21.65 -2.0647
21.63 -2.0632
21.62 -2.0616
21.60 -2.0601
21.59 -2.0586
21.57 -2.0570
21.55 -2.0555
21.52 -2.0524
21.51 -2.0509
21.48 -2.0478
21.43 -2.0432
21.40 -2.0402
21.36 -2.0356
21.31 -2.0310
21.26 -2.0264
21.20 -2.0202
21.14 -2.0141
21.08 -2.0080
21.03 -2.0034
20.96 -1.9957
20.90 -1.9896
20.82 -1.9819
20.76 -1.9758
20.68 -1.9681
20.62 -1.9620
20.54 -1.9543
20.47 -1.9466
20.37 -1.9374
20.25 -1.9252
20.16 -1.9160
20.07 -1.9068
19.99 -1.8991
19.88 -1.8884
19.81 -1.8807
19.70 -1.8700
19.59 -1.8592
19.48 -1.8485
19.38 -1.8378
19.25 -1.8255
19.12 -1.8117
18.95 -1.7948
18.79 -1.7795
18.60 -1.7596
18.40 -1.7396
18.14 -1.7136
17.83 -1.6829
17.51 -1.6507
17.08 -1.6078
16.62 -1.5618
15.99 -1.4989
15.05 -1.4054
13.24 -1.2244
11.60 -1.0604
9.78 -0.8779
8.52 -0.7522
7.59 -0.6586
7.00 -0.6004
6.57 -0.5574
6.21 -0.5206
5.98 -0.4976
5.70 -0.4700
5.44 -0.4440
5.18 -0.4179
4.92 -0.3918
4.69 -0.3688
4.49 -0.3489
4.27 -0.3274
4.08 -0.3075
3.86 -0.2860
3.66 -0.2661
3.45 -0.2446
3.20 -0.2201
2.96 -0.1956
2.68 -0.1680
2.37 -0.1373
2.04 -0.1036
1.65 -0.0652
1.21 -0.0208
0.72 0.0000
0.20 0.0000
-0.29 0.0000
-0.88 0.0000
-1.43 0.0000
-2.07 0.0000
-2.63 0.0000
-3.24 0.0000
-3.71 0.0000
-4.24 0.0000
-4.62 0.0000
-5.03 0.0000
-5.34 0.0000
-5.68 0.0000
-5.94 0.0000
-6.18 0.0000
-6.41 0.0000
-6.60 0.0000
-6.78 0.0000
-6.95 0.0000
-7.12 0.0000
-7.26 0.0000
-7.41 0.0000
-7.52 0.0000
-7.65 0.0000
-7.76 0.0000
-7.87 0.0000
-7.87 0.0000
-7.96 0.0000
-8.04 0.0000
-8.13 0.0000
-8.22 0.0000
-8.30 0.0000
-8.38 0.0000
-8.45 0.0000
-8.51 0.0000
-8.57 0.0000
-8.64 0.0000
-8.70 0.0000
-8.76 0.0000
-8.80 0.0000
-8.87 0.0000
-8.93 0.0000
-8.99 0.0000
-9.03 0.0000
-9.10 0.0000
-9.14 0.0000
-9.20 0.0000
-9.25 0.0000
-9.30 0.0000
-9.36 0.0000
-9.39 0.0000
-9.45 0.0000
-9.49 0.0000
-9.54 0.0000
-9.57 0.0000
-9.62 0.0000
-9.65 0.0000
-9.68 0.0000
-9.72 0.0000
-9.76 0.0000
-9.77 0.0000
-9.80 0.0000
-9.83 0.0000
-9.85 0.0000
-9.86 0.0000
-9.88 0.0000
-9.91 0.0000
-9.91 0.0000
-9.92 0.0000
-9.94 0.0000
-9.94 0.0000
-9.95 0.0000
-9.95 0.0000
-9.95 0.0000
-9.95 0.0000
-9.95 0.0000
-9.95 0.0000
-9.95 0.0000
-9.95 0.0000
-9.95 0.0000
-9.95 0.0000
-9.95 0.0000
-9.95 0.0000
-9.95 0.0000
-9.95 0.0000
-9.95 0.0000
-9.95 0.0000
-9.95 0.0000
-9.95 0.0000
-9.95 0.0000
-9.95 0.0000
-9.95 0.0000
-9.95 0.0000
-9.95 0.0000
-9.94 0.0000
-9.94 0.0000
-9.92 0.0000
-9.92 0.0000
-9.91 0.0000
-9.89 0.0000
-9.88 0.0000
-9.86 0.0000
-9.85 0.0000
-9.82 0.0000
-9.80 0.0000
-9.77 0.0000
-9.74 0.0000
-9.71 0.0000
-9.68 0.0000
-9.63 0.0000
-9.59 0.0000
-9.56 0.0000
-9.51 0.0000
-9.46 0.0000
-9.42 0.0000
-9.37 0.0000
-9.31 0.0000
-9.26 0.0000
-9.20 0.0000
-9.14 0.0000
-9.08 0.0000
-9.02 0.0000
-8.96 0.0000
-8.88 0.0000
-8.84 0.0000
-8.76 0.0000
-8.68 0.0000
-8.62 0.0000
-8.54 0.0000
-8.47 0.0000
-8.38 0.0000
-8.30 0.0000
-8.21 0.0000
-8.11 0.0000
-8.01 0.0000
-7.92 0.0000
-7.88 0.0000
-7.76 0.0000
-7.64 0.0000
-7.50 0.0000
-7.35 0.0000
-7.18 0.0000
-7.03 0.0000
-6.81 0.0000
-6.63 0.0000
-6.38 0.0000
-6.15 0.0000
-5.83 0.0000
-5.52 0.0000
-5.12 0.0000
-4.68 0.0000
-4.22 0.0000
-3.64 0.0000
-3.05 0.0000
-2.36 0.0000
-1.74 0.0000
-1.02 0.0000
-0.43 0.0000
0.23 0.0000
0.75 0.0000
1.28 -0.0284
1.79 -0.0790
2.20 -0.1204
2.59 -0.1588
2.91 -0.1910
3.20 -0.2201
3.46 -0.2462
3.71 -0.2707
3.94 -0.2937
4.18 -0.3182
4.43 -0.3428
4.67 -0.3673
4.90 -0.3903
5.15 -0.4148
5.41 -0.4409
5.69 -0.4685
5.96 -0.4961
5.96 -0.4961
6.28 -0.5283
6.73 -0.5728
7.33 -0.6326
8.20 -0.7200
9.36 -0.8365
10.62 -0.9622
12.54 -1.1539
14.01 -1.3011
15.31 -1.4314
16.03 -1.5035
16.51 -1.5510
16.94 -1.5940
17.28 -1.6277
17.58 -1.6584
17.83 -1.6829
18.03 -1.7028
18.21 -1.7212
18.37 -1.7366
18.52 -1.7519
18.63 -1.7626
18.76 -1.7764
18.86 -1.7856
18.96 -1.7964
19.06 -1.8056
19.15 -1.8148
19.24 -1.8240
19.33 -1.8332
19.42 -1.8424
19.52 -1.8516
19.61 -1.8608
19.71 -1.8715
19.82 -1.8822
19.93 -1.8930
9.90 -0.8902
20.07 -1.9068
20.17 -1.9175
20.28 -1.9282
20.44 -1.9436
20.57 -1.9574
20.71 -1.9712
20.83 -1.9834
20.99 -1.9988
21.09 -2.0095
21.23 -2.0233
21.36 -2.0356
21.48 -2.0478
21.60 -2.0601
21.74 -2.0739
21.86 -2.0862
22.01 -2.1015
22.15 -2.1153
22.31 -2.1306
22.46 -2.1460
22.61 -2.1613
22.77 -2.1766
22.93 -2.1935
23.07 -2.2073
23.21 -2.2211
23.33 -2.2334
23.46 -2.2456
23.56 -2.2564
23.66 -2.2656
23.73 -2.2732
23.81 -2.2809
23.87 -2.2870
23.92 -2.2916
23.95 -2.2947
23.98 -2.2978
23.99 -2.2993
23.99 -2.2993
24.01 -2.3008
24.01 -2.3008
24.01 -2.3008
24.01 -2.3008
24.01 -2.3008
24.01 -2.3008
24.01 -2.3008
24.01 -2.3008
24.01 -2.3008
24.01 -2.3008
24.01 -2.3008
23.99 -2.2993
24.01 -2.3008
24.01 -2.3008
24.01 -2.3008
24.01 -2.3008
24.01 -2.3008
24.01 -2.3008
24.01 -2.3008
24.01 -2.3008
24.01 -2.3008
24.01 -2.3008
24.01 -2.3008
24.01 -2.3008
24.02 -2.3024
24.02 -2.3024
24.04 -2.3039
24.04 -2.3039
24.05 -2.3054
24.05 -2.3054
24.05 -2.3054
24.07 -2.3070
24.07 -2.3070
24.07 -2.3070
24.08 -2.3085
24.08 -2.3085
24.08 -2.3085
24.08 -2.3085
24.08 -2.3085
24.08 -2.3085
24.08 -2.3085
24.08 -2.3085
24.08 -2.3085
24.08 -2.3085
24.08 -2.3085
24.08 -2.3085
24.08 -2.3085
24.08 -2.3085
24.08 -2.3085
24.08 -2.3085
24.07 -2.3070
24.07 -2.3070
24.07 -2.3070
24.05 -2.3054
24.05 -2.3054
24.02 -2.3024
24.01 -2.3008
23.96 -2.2962
23.93 -2.2932
23.87 -2.2870
23.81 -2.2809
23.75 -2.2748
23.67 -2.2671
23.58 -2.2579
23.49 -2.2487
23.36 -2.2364
23.24 -2.2242
23.10 -2.2104
22.97 -2.1966
22.81 -2.1812
22.67 -2.1674
22.49 -2.1490
22.35 -2.1352
22.17 -2.1168
22.03 -2.1030
21.85 -2.0846
21.71 -2.0708
21.54 -2.0540
21.39 -2.0386
21.22 -2.0218
21.06 -2.0064
20.88 -1.9880
20.73 -1.9727
20.56 -1.9558
20.39 -1.9390
20.22 -1.9221
20.07 -1.9068
20.16 -1.9160
20.02 -1.9022
19.84 -1.8838
19.68 -1.8684
19.52 -1.8516
19.33 -1.8332
19.15 -1.8148
18.93 -1.7933
18.72 -1.7718
18.44 -1.7442
18.17 -1.7166
17.80 -1.6798
17.43 -1.6430
16.91 -1.5909
16.37 -1.5372
15.51 -1.4514
13.95 -1.2950
12.06 -1.1064
10.01 -0.9009
8.54 -0.7537
7.52 -0.6525
6.91 -0.5912
6.47 -0.5467
6.10 -0.5099
5.95 -0.4946
5.65 -0.4654
5.39 -0.4394
5.15 -0.4148
4.90 -0.3903
4.70 -0.3704
4.50 -0.3504
4.31 -0.3305
4.12 -0.3121
3.92 -0.2922
3.74 -0.2738
3.54 -0.2538
3.34 -0.2339
3.14 -0.2140
2.94 -0.1940
2.70 -0.1695
2.45 -0.1450
2.17 -0.1174
1.88 -0.0882
1.56 -0.0560
1.19 -0.0192
0.78 0.0000
0.41 0.0000
0.04 0.0000
-0.36 0.0000
-0.71 0.0000
-1.14 0.0000
-1.54 0.0000
-1.92 0.0000
-2.32 0.0000
-2.67 0.0000
-3.05 0.0000
-3.35 0.0000
-3.67 0.0000
-3.93 0.0000
-4.19 0.0000
-4.39 0.0000
-4.62 0.0000
-4.79 0.0000
-4.97 0.0000
-5.11 0.0000
-5.26 0.0000
-5.39 0.0000
-5.49 0.0000
-5.60 0.0000
-5.68 0.0000
-5.77 0.0000
-5.83 0.0000
-5.89 0.0000
-5.92 0.0000
-5.97 0.0000
-6.01 0.0000
-6.04 0.0000
-6.06 0.0000
-6.08 0.0000
-6.11 0.0000
-6.11 0.0000
-6.12 0.0000
-6.14 0.0000
-6.14 0.0000
-6.14 0.0000
-6.14 0.0000
-6.14 0.0000
-6.14 0.0000
-6.14 0.0000
-6.14 0.0000
-6.14 0.0000
-6.14 0.0000
-6.14 0.0000
-6.14 0.0000
-6.14 0.0000
-6.14 0.0000
-6.14 0.0000
-6.14 0.0000
-6.15 0.0000
-6.15 0.0000
-6.15 0.0000
-6.15 0.0000
-6.15 0.0000
-6.15 0.0000
-6.15 0.0000
-6.17 0.0000
-6.17 0.0000
-6.17 0.0000
-6.18 0.0000
-6.18 0.0000
-6.20 0.0000
-6.20 0.0000
-6.21 0.0000
-6.23 0.0000
-6.24 0.0000
-6.26 0.0000
-6.27 0.0000
-6.29 0.0000
-6.31 0.0000
-6.34 0.0000
-6.35 0.0000
-6.38 0.0000
-6.41 0.0000
-6.44 0.0000
-6.47 0.0000
-6.52 0.0000
-6.55 0.0000
-6.60 0.0000
-6.63 0.0000
-6.67 0.0000
-6.72 0.0000
-6.77 0.0000
-6.83 0.0000
-6.87 0.0000
-6.93 0.0000
-7.00 0.0000
-7.04 0.0000
-7.10 0.0000
-7.16 0.0000
-7.23 0.0000
-7.29 0.0000
-7.33 0.0000
-7.39 0.0000
-7.44 0.0000
-7.49 0.0000
-7.55 0.0000
-7.58 0.0000
-7.62 0.0000
-7.65 0.0000
-7.69 0.0000
-7.70 0.0000
-7.72 0.0000
-7.73 0.0000
-7.73 0.0000
-7.73 0.0000
-7.72 0.0000
-7.70 0.0000
-7.67 0.0000
-7.65 0.0000
-7.62 0.0000
-7.58 0.0000
-7.52 0.0000
-7.46 0.0000
-7.39 0.0000
-7.32 0.0000
-7.24 0.0000
-7.13 0.0000
-7.03 0.0000
-6.89 0.0000
-6.77 0.0000
-6.61 0.0000
-6.44 0.0000
-6.24 0.0000
-6.01 0.0000
-5.75 0.0000
-5.43 0.0000
-5.09 0.0000
-4.68 0.0000
-4.27 0.0000
-3.71 0.0000
-3.18 0.0000
-2.47 0.0000
-1.87 0.0000
-1.15 0.0000
-0.51 0.0000
0.12 0.0000
0.70 0.0000
1.22 -0.0223
1.73 -0.0729
2.17 -0.1174
2.57 -0.1572
2.93 -0.1925
3.25 -0.2247
3.54 -0.2538
3.80 -0.2799
4.04 -0.3044
4.29 -0.3290
4.55 -0.3550
4.81 -0.3811
5.07 -0.4072
5.38 -0.4378
5.70 -0.4700
6.05 -0.5053
6.05 -0.5053
6.51 -0.5513
7.19 -0.6188
8.35 -0.7353
9.82 -0.8825
12.14 -1.1140
14.23 -1.3226
15.68 -1.4682
16.49 -1.5495
17.05 -1.6047
17.54 -1.6538
17.91 -1.6906
18.24 -1.7243
18.50 -1.7504
18.73 -1.7734
18.93 -1.7933
19.13 -1.8132
19.30 -1.8301
19.47 -1.8470
19.62 -1.8623
19.79 -1.8792
19.94 -1.8945
20.22 -1.9221
20.39 -1.9390
20.53 -1.9528
20.68 -1.9681
20.83 -1.9834
20.99 -1.9988
21.13 -2.0126
21.29 -2.0294
21.42 -2.0417
21.59 -2.0586
21.72 -2.0724
21.88 -2.0877
22.05 -2.1046
22.23 -2.1230
22.40 -2.1398
22.60 -2.1598
22.78 -2.1782
23.00 -2.1996
23.16 -2.2165
23.36 -2.2364
23.53 -2.2533
23.72 -2.2717
23.87 -2.2870
23.99 -2.2993
24.12 -2.3116
24.22 -2.3223
24.31 -2.3315
24.39 -2.3392
24.44 -2.3438
24.48 -2.3484
24.51 -2.3514
24.51 -2.3514
24.53 -2.3530
24.53 -2.3530
24.53 -2.3530
24.53 -2.3530
24.51 -2.3514
24.53 -2.3530
24.51 -2.3514
24.53 -2.3530
24.53 -2.3530
24.53 -2.3530
24.51 -2.3514
24.53 -2.3530
24.53 -2.3530
24.51 -2.3514
24.51 -2.3514
24.51 -2.3514
24.51 -2.3514
24.53 -2.3530
24.51 -2.3514
24.51 -2.3514
24.51 -2.3514
24.51 -2.3514
24.51 -2.3514
24.51 -2.3514
24.51 -2.3514
24.51 -2.3514
24.51 -2.3514
24.51 -2.3514
24.51 -2.3514
24.51 -2.3514
24.53 -2.3530
24.53 -2.3530
24.51 -2.3514
24.53 -2.3530
24.53 -2.3530
24.53 -2.3530
24.53 -2.3530
24.53 -2.3530
24.53 -2.3530
24.53 -2.3530
24.53 -2.3530
24.53 -2.3530
24.53 -2.3530
24.53 -2.3530
24.53 -2.3530
24.53 -2.3530
24.53 -2.3530
24.53 -2.3530
24.53 -2.3530
24.53 -2.3530
24.53 -2.3530
24.54 -2.3545
24.53 -2.3530
24.53 -2.3530
24.53 -2.3530
24.53 -2.3530
24.54 -2.3545
24.53 -2.3530
24.53 -2.3530
24.53 -2.3530
24.53 -2.3530
24.53 -2.3530
24.53 -2.3530
24.53 -2.3530
24.53 -2.3530
24.54 -2.3545
24.54 -2.3545
24.54 -2.3545
24.54 -2.3545
24.54 -2.3545
24.54 -2.3545
24.54 -2.3545
24.53 -2.3530
24.54 -2.3545
24.54 -2.3545
24.53 -2.3530
24.54 -2.3545
24.53 -2.3530
24.53 -2.3530
24.53 -2.3530
24.51 -2.3514
24.50 -2.3499
24.48 -2.3484
24.45 -2.3453
24.42 -2.3422
24.38 -2.3376
24.33 -2.3330
24.27 -2.3269
24.21 -2.3208
24.13 -2.3131
24.04 -2.3039
23.93 -2.2932
23.82 -2.2824
23.70 -2.2702
23.56 -2.2564
23.44 -2.2441
23.27 -2.2272
23.12 -2.2119
22.95 -2.1950
22.80 -2.1797
22.61 -2.1613
22.44 -2.1444
22.24 -2.1245
22.09 -2.1092
21.91 -2.0908
21.75 -2.0754
21.57 -2.0570
21.42 -2.0417
21.23 -2.0233
21.06 -2.0064
20.86 -1.9865
20.70 -1.9696
20.51 -1.9512
20.34 -1.9344
20.16 -1.9160
20.16 -1.9160
19.96 -1.8960
19.81 -1.8807
19.61 -1.8608
19.44 -1.8439
19.22 -1.8224
19.01 -1.8010
18.75 -1.7749
18.47 -1.7473
18.14 -1.7136
17.74 -1.6737
17.26 -1.6262
16.63 -1.5633
15.90 -1.4897
14.23 -1.3226
12.34 -1.1340
9.79 -0.8794
8.35 -0.7353
7.31 -0.6310
6.71 -0.5712
6.24 -0.5237
6.01 -0.5007
5.65 -0.4654
5.33 -0.4332
5.04 -0.4041
4.78 -0.3780
4.54 -0.3535
4.31 -0.3305
4.08 -0.3075
3.85 -0.2845
3.62 -0.2615
3.39 -0.2385
3.12 -0.2124
2.83 -0.1833
2.54 -0.1542
2.20 -0.1204
1.82 -0.0821
1.39 -0.0392
0.92 0.0000
0.40 0.0000
-0.08 0.0000
-0.66 0.0000
-1.18 0.0000
-1.81 0.0000
-2.36 0.0000
-2.98 0.0000
-3.47 0.0000
-3.99 0.0000
-4.39 0.0000
-4.80 0.0000
-5.12 0.0000
-5.48 0.0000
-5.75 0.0000
-6.01 0.0000
-6.24 0.0000
-6.44 0.0000
-6.64 0.0000
-6.80 0.0000
-6.96 0.0000
-7.10 0.0000
-7.26 0.0000
-7.39 0.0000
-7.53 0.0000
-7.64 0.0000
-7.76 0.0000
-7.87 0.0000
-7.87 0.0000
-7.96 0.0000
-8.05 0.0000
-8.15 0.0000
-8.24 0.0000
-8.33 0.0000
-8.41 0.0000
-8.50 0.0000
-8.56 0.0000
-8.65 0.0000
-8.71 0.0000
-8.80 0.0000
-8.87 0.0000
-8.96 0.0000
-9.03 0.0000
-9.13 0.0000
-9.20 0.0000
-9.30 0.0000
-9.39 0.0000
-9.48 0.0000
-9.57 0.0000
-9.65 0.0000
-9.76 0.0000
-9.83 0.0000
-9.94 0.0000
-10.03 0.0000
-10.12 0.0000
-10.23 0.0000
-10.34 0.0000
-10.45 0.0000
-10.55 0.0000
-10.66 0.0000
-10.75 0.0000
-10.86 0.0000
-10.95 0.0000
-11.03 0.0000
-11.10 0.0000
-11.18 0.0000
-11.26 0.0000
-11.32 0.0000
-11.38 0.0000
-11.43 0.0000
-11.47 0.0000
-11.50 0.0000
-11.55 0.0000
-11.56 0.0000
-11.60 0.0000
-11.61 0.0000
-11.63 0.0000
-11.64 0.0000
-11.64 0.0000
-11.66 0.0000
-11.66 0.0000
-11.66 0.0000
-11.66 0.0000
-11.66 0.0000
-11.66 0.0000
-11.66 0.0000
-11.66 0.0000
-11.66 0.0000
-11.66 0.0000
-11.66 0.0000
-11.66 0.0000
-11.66 0.0000
-11.66 0.0000
-11.66 0.0000
-11.66 0.0000
-11.64 0.0000
-11.64 0.0000
-11.64 0.0000
-11.63 0.0000
-11.61 0.0000
-11.60 0.0000
-11.58 0.0000
-11.56 0.0000
-11.55 0.0000
-11.52 0.0000
-11.50 0.0000
-11.47 0.0000
-11.44 0.0000
-11.41 0.0000
-11.37 0.0000
-11.32 0.0000
-11.27 0.0000
-11.23 0.0000
-11.17 0.0000
-11.10 0.0000
-11.04 0.0000
-10.98 0.0000
-10.92 0.0000
-10.84 0.0000
-10.77 0.0000
-10.69 0.0000
-10.61 0.0000
-10.54 0.0000
-10.46 0.0000
-10.37 0.0000
-10.29 0.0000
-10.20 0.0000
-10.12 0.0000
-10.05 0.0000
-9.95 0.0000
-9.88 0.0000
-9.80 0.0000
-9.71 0.0000
-9.63 0.0000
-9.54 0.0000
-9.45 0.0000
-9.37 0.0000
-9.26 0.0000
-9.17 0.0000
-9.08 0.0000
-8.99 0.0000
-8.87 0.0000
-8.77 0.0000
-8.65 0.0000
-8.54 0.0000
-8.42 0.0000
-8.28 0.0000
-8.16 0.0000
-7.99 0.0000
-7.85 0.0000
-7.76 0.0000
-7.59 0.0000
-7.36 0.0000
-7.13 0.0000
-6.83 0.0000
-6.54 0.0000
-6.15 0.0000
-5.69 0.0000
-5.16 0.0000
-4.48 0.0000
-3.79 0.0000
-2.79 0.0000
-1.89 0.0000
-0.82 0.0000
0.04 0.0000
0.96 0.0000
1.64 -0.0637
2.30 -0.1296
2.85 -0.1848
3.35 -0.2354
3.78 -0.2784
4.18 -0.3182
4.58 -0.3581
5.01 -0.4010
5.49 -0.4486
6.02 -0.5022
6.02 -0.5022
7.00 -0.6004
9.04 -0.8043
12.31 -1.1309
15.39 -1.4391
16.56 -1.5556
17.43 -1.6430
17.97 -1.6967
18.47 -1.7473
18.83 -1.7826
19.19 -1.8194
19.52 -1.8516
19.85 -1.8853
20.17 -1.9175
20.50 -1.9497
20.86 -1.9865
21.22 -2.0218
21.66 -2.0662
22.08 -2.1076
22.61 -2.1613
23.09 -2.2088
23.67 -2.2671
24.21 -2.3208
24.81 -2.3806
25.31 -2.4312
25.83 -2.4833
26.23 -2.5232
26.63 -2.5630
26.92 -2.5922
27.21 -2.6213
27.43 -2.6428
27.63 -2.6627
27.78 -2.6780
27.90 -2.6903
27.96 -2.6964
28.01 -2.7010
28.03 -2.7026
28.03 -2.7026
28.01 -2.7010
27.96 -2.6964
27.92 -2.6918
27.87 -2.6872
27.81 -2.6811
27.75 -2.6750
27.69 -2.6688
27.60 -2.6596
27.52 -2.6520
27.44 -2.6443
27.35 -2.6351
27.26 -2.6259
27.17 -2.6167
27.07 -2.6075
26.98 -2.5983
26.88 -2.5876
26.77 -2.5768
26.66 -2.5661
26.55 -2.5554
26.43 -2.5431
26.31 -2.5308
26.19 -2.5186
26.05 -2.5048
25.92 -2.4925
25.79 -2.4787
25.63 -2.4634
25.48 -2.4480
25.36 -2.4358
25.20 -2.4204
25.07 -2.4066
24.93 -2.3928
24.81 -2.3806
24.67 -2.3668
24.58 -2.3576
24.47 -2.3468
24.38 -2.3376
24.30 -2.3300
24.22 -2.3223
24.15 -2.3146
24.08 -2.3085
24.04 -2.3039
23.99 -2.2993
23.95 -2.2947
23.92 -2.2916
23.89 -2.2886
23.85 -2.2855
23.82 -2.2824
23.82 -2.2824
23.81 -2.2809
23.79 -2.2794
23.79 -2.2794
23.78 -2.2778
23.78 -2.2778
23.78 -2.2778
23.78 -2.2778
23.76 -2.2763
23.78 -2.2778
23.76 -2.2763
23.76 -2.2763
23.76 -2.2763
23.76 -2.2763
23.75 -2.2748
23.75 -2.2748
23.75 -2.2748
23.73 -2.2732
23.73 -2.2732
23.72 -2.2717
23.70 -2.2702
23.69 -2.2686
23.67 -2.2671
23.64 -2.2640
23.62 -2.2625
23.59 -2.2594
23.56 -2.2564
23.52 -2.2518
23.49 -2.2487
23.44 -2.2441
23.38 -2.2380
23.32 -2.2318
23.26 -2.2257
23.18 -2.2180
23.09 -2.2088
23.01 -2.2012
22.90 -2.1904
22.81 -2.1812
22.69 -2.1690
22.58 -2.1582
22.44 -2.1444
22.34 -2.1337
22.18 -2.1184
22.06 -2.1061
21.92 -2.0923
21.78 -2.0785
21.63 -2.0632
21.49 -2.0494
21.34 -2.0340
21.20 -2.0202
21.03 -2.0034
20.90 -1.9896
20.71 -1.9712
20.56 -1.9558
20.37 -1.9374
20.19 -1.9190
20.02 -1.9022
19.85 -1.8853
20.16 -1.9160
19.98 -1.8976
19.81 -1.8807
19.61 -1.8608
19.42 -1.8424
19.21 -1.8209
18.99 -1.7994
18.70 -1.7703
18.43 -1.7427
18.04 -1.7044
17.64 -1.6645
17.06 -1.6062
16.39 -1.5388
15.28 -1.4284
13.04 -1.2045
10.38 -0.9377
8.71 -0.7706
7.34 -0.6341
6.62 -0.5620
6.11 -0.5114
5.87 -0.4869
5.50 -0.4501
5.18 -0.4179
4.86 -0.3857
4.57 -0.3566
4.26 -0.3259
3.97 -0.2968
3.68 -0.2676
3.40 -0.2400
3.09 -0.2094
2.73 -0.1726
2.31 -0.1312
1.84 -0.0836
1.27 -0.0269
0.58 0.0000
-0.19 0.0000
-0.91 0.0000
-1.84 0.0000
-2.67 0.0000
-3.58 0.0000
-4.31 0.0000
-4.94 0.0000
-5.54 0.0000
-6.00 0.0000
-6.43 0.0000
-6.77 0.0000
-7.10 0.0000
-7.36 0.0000
-7.65 0.0000
-7.88 0.0000
-7.88 0.0000
-8.08 0.0000
-8.31 0.0000
-8.51 0.0000
-8.74 0.0000
-8.96 0.0000
-9.23 0.0000
-9.49 0.0000
-9.80 0.0000
-10.15 0.0000
-10.55 0.0000
-11.04 0.0000
-11.64 0.0000
-12.47 0.0000
-14.19 0.0000
-15.77 0.0000
-17.81 0.0000
-19.02 0.0000
-20.11 0.0000
-20.75 0.0000
-21.16 0.0000
-21.49 0.0000
-21.78 0.0000
-21.76 0.0000
-21.96 0.0000
-22.14 0.0000
-22.31 0.0000
-22.45 0.0000
-22.59 0.0000
-22.71 0.0000
-22.82 0.0000
-22.93 0.0000
-23.00 0.0000
-23.08 0.0000
-23.16 0.0000
-23.22 0.0000
-23.26 0.0000
-23.31 0.0000
-23.34 0.0000
-23.36 0.0000
-23.37 0.0000
-23.39 0.0000
-23.39 0.0000
-23.37 0.0000
-23.36 0.0000
-23.34 0.0000
-23.33 0.0000
-23.29 0.0000
-23.28 0.0000
-23.23 0.0000
-23.20 0.0000
-23.17 0.0000
-23.13 0.0000
-23.10 0.0000
-23.05 0.0000
-23.00 0.0000
-22.96 0.0000
-22.90 0.0000
-22.85 0.0000
-22.80 0.0000
-22.74 0.0000
-22.68 0.0000
-22.62 0.0000
-22.56 0.0000
-22.50 0.0000
-22.44 0.0000
-22.37 0.0000
-22.31 0.0000
-22.25 0.0000
-22.19 0.0000
-22.11 0.0000
-22.05 0.0000
-21.98 0.0000
-21.88 0.0000
-21.79 0.0000
-21.70 0.0000
-21.95 0.0000
-21.84 0.0000
-21.70 0.0000
-21.58 0.0000
-21.44 0.0000
-21.27 0.0000
-21.09 0.0000
-20.89 0.0000
-20.63 0.0000
-20.34 0.0000
-19.98 0.0000
-19.52 0.0000
-19.00 0.0000
-18.51 0.0000
-18.08 0.0000
-17.64 0.0000
-16.87 0.0000
-16.01 0.0000
-15.38 0.0000
-14.95 0.0000
-14.48 0.0000
-13.91 0.0000
-13.39 0.0000
-12.94 0.0000
-12.61 0.0000
-12.35 0.0000
-12.13 0.0000
-11.95 0.0000
-11.75 0.0000
-11.56 0.0000
-11.38 0.0000
-11.21 0.0000
-11.03 0.0000
-10.86 0.0000
-10.69 0.0000
-10.54 0.0000
-10.38 0.0000
-10.25 0.0000
-10.11 0.0000
-9.99 0.0000
-9.86 0.0000
-9.76 0.0000
-9.65 0.0000
-9.54 0.0000
-9.46 0.0000
-9.36 0.0000
-9.28 0.0000
-9.19 0.0000
-9.11 0.0000
-9.03 0.0000
-8.96 0.0000
-8.90 0.0000
-8.82 0.0000
-8.76 0.0000
-8.67 0.0000
-8.62 0.0000
-8.54 0.0000
-8.48 0.0000
-8.41 0.0000
-8.33 0.0000
-8.25 0.0000
-8.18 0.0000
-8.10 0.0000
-8.01 0.0000
-7.92 0.0000
-15.14 0.0000
-7.82 0.0000
-7.73 0.0000
-7.61 0.0000
-7.50 0.0000
-7.36 0.0000
-7.24 0.0000
-7.09 0.0000
-6.93 0.0000
-6.77 0.0000
-6.60 0.0000
-6.38 0.0000
-6.17 0.0000
-5.94 0.0000
-5.63 0.0000
-5.32 0.0000
-4.94 0.0000
-4.57 0.0000
-4.08 0.0000
-3.62 0.0000
-3.01 0.0000
-2.44 0.0000
-1.75 0.0000
-1.14 0.0000
-0.51 0.0000
0.10 0.0000
0.64 0.0000
1.15 -0.0146
1.68 -0.0683
2.13 -0.1128
2.53 -0.1526
2.86 -0.1864
3.17 -0.2170
3.45 -0.2446
3.71 -0.2707
3.95 -0.2952
4.21 -0.3213
4.49 -0.3489
4.75 -0.3750
5.03 -0.4026
5.32 -0.4317
5.62 -0.4624
5.98 -0.4976
5.98 -0.4976
6.44 -0.5436
7.03 -0.6034
8.09 -0.7092
9.67 -0.8672
11.99 -1.0987
13.87 -1.2873
15.67 -1.4667
16.43 -1.5434
17.08 -1.6078
17.54 -1.6538
17.95 -1.6952
18.24 -1.7243
18.53 -1.7534
18.75 -1.7749
18.96 -1.7964
19.15 -1.8148
19.32 -1.8316
19.48 -1.8485
19.64 -1.8638
19.79 -1.8792
19.93 -1.8930
20.16 -1.9160
20.30 -1.9298
20.44 -1.9436
20.56 -1.9558
20.71 -1.9712
20.83 -1.9834
20.97 -1.9972
21.09 -2.0095
21.22 -2.0218
21.32 -2.0325
21.43 -2.0432
21.54 -2.0540
21.65 -2.0647
21.74 -2.0739
21.85 -2.0846
21.95 -2.0954
22.05 -2.1046
22.15 -2.1153
22.24 -2.1245
22.35 -2.1352
22.44 -2.1444
22.54 -2.1536
22.61 -2.1613
22.69 -2.1690
22.75 -2.1751
22.83 -2.1828
22.87 -2.1874
22.92 -2.1920
22.95 -2.1950
22.98 -2.1981
23.01 -2.2012
23.03 -2.2027
23.04 -2.2042
23.06 -2.2058
23.06 -2.2058
23.06 -2.2058
23.07 -2.2073
23.07 -2.2073
23.09 -2.2088
23.09 -2.2088
23.09 -2.2088
23.10 -2.2104
23.10 -2.2104
23.12 -2.2119
23.13 -2.2134
23.15 -2.2150
23.18 -2.2180
23.20 -2.2196
23.23 -2.2226
23.26 -2.2257
23.29 -2.2288
23.32 -2.2318
23.35 -2.2349
23.38 -2.2380
23.43 -2.2426
23.47 -2.2472
23.52 -2.2518
23.56 -2.2564
23.61 -2.2610
23.66 -2.2656
23.70 -2.2702
23.76 -2.2763
23.82 -2.2824
23.89 -2.2886
23.95 -2.2947
24.02 -2.3024
24.08 -2.3085
24.16 -2.3162
24.22 -2.3223
24.28 -2.3284
24.36 -2.3361
24.44 -2.3438
24.48 -2.3484
24.54 -2.3545
24.61 -2.3606
24.65 -2.3652
24.71 -2.3714
24.74 -2.3744
24.77 -2.3775
24.81 -2.3806
24.82 -2.3821
24.84 -2.3836
24.84 -2.3836
24.84 -2.3836
24.82 -2.3821
24.84 -2.3836
24.84 -2.3836
24.84 -2.3836
24.84 -2.3836
24.84 -2.3836
24.84 -2.3836
24.84 -2.3836
24.84 -2.3836
24.84 -2.3836
24.84 -2.3836
24.84 -2.3836
24.82 -2.3821
24.81 -2.3806
24.79 -2.3790
24.76 -2.3760
24.73 -2.3729
24.68 -2.3683
24.62 -2.3622
24.56 -2.3560
24.47 -2.3468
24.39 -2.3392
24.27 -2.3269
24.16 -2.3162
24.04 -2.3039
23.92 -2.2916
23.75 -2.2748
23.61 -2.2610
23.44 -2.2441
23.29 -2.2288
23.10 -2.2104
22.95 -2.1950
22.77 -2.1766
22.60 -2.1598
22.41 -2.1414
22.24 -2.1245
22.09 -2.1092
21.94 -2.0938
21.77 -2.0770
21.63 -2.0632
21.48 -2.0478
21.32 -2.0325
21.17 -2.0172
21.00 -2.0003
20.85 -1.9850
20.70 -1.9696
20.54 -1.9543
20.39 -1.9390
20.24 -1.9236
25.27 -2.4266
19.93 -1.8930
19.76 -1.8761
19.62 -1.8623
19.44 -1.8439
19.29 -1.8286
19.09 -1.8086
18.90 -1.7902
18.67 -1.7672
18.44 -1.7442
18.17 -1.7166
17.83 -1.6829
17.48 -1.6476
17.00 -1.6001
16.48 -1.5480
15.79 -1.4790
14.62 -1.3624
12.66 -1.1662
10.55 -0.9546
8.97 -0.7966
7.72 -0.6724
7.00 -0.6004
6.51 -0.5513
6.11 -0.5114
6.08 -0.5084
5.79 -0.4792
5.55 -0.4547
5.29 -0.4286
5.04 -0.4041
4.81 -0.3811
4.61 -0.3612
4.43 -0.3428
4.24 -0.3244
4.06 -0.3060
3.88 -0.2876
3.69 -0.2692
3.49 -0.2492
3.31 -0.2308
3.12 -0.2124
2.91 -0.1910
2.70 -0.1695
2.45 -0.1450
2.19 -0.1189
1.90 -0.0898
1.58 -0.0576
1.21 -0.0208
0.84 0.0000
0.50 0.0000
0.12 0.0000
-0.25 0.0000
-0.63 0.0000
-1.02 0.0000
-1.41 0.0000
-1.77 0.0000
-2.18 0.0000
-2.52 0.0000
-2.90 0.0000
-3.21 0.0000
-3.55 0.0000
-3.81 0.0000
-4.08 0.0000
-4.30 0.0000
-4.53 0.0000
-4.73 0.0000
-4.89 0.0000
-5.06 0.0000
-5.20 0.0000
-5.34 0.0000
-5.45 0.0000
-5.55 0.0000
-5.63 0.0000
-5.72 0.0000
-5.77 0.0000
-5.83 0.0000
-5.86 0.0000
-5.89 0.0000
-5.92 0.0000
-5.94 0.0000
-5.94 0.0000
-5.94 0.0000
-5.92 0.0000
-5.92 0.0000
-5.91 0.0000
-5.88 0.0000
-5.86 0.0000
-5.83 0.0000
-5.80 0.0000
-5.77 0.0000
-5.72 0.0000
-5.69 0.0000
-5.66 0.0000
-5.63 0.0000
-5.58 0.0000
-5.54 0.0000
-5.51 0.0000
-5.46 0.0000
-5.42 0.0000
-5.37 0.0000
-5.32 0.0000
-5.28 0.0000
-5.25 0.0000
-5.22 0.0000
-5.17 0.0000
-5.14 0.0000
-5.11 0.0000
-5.08 0.0000
-5.05 0.0000
-5.02 0.0000
-4.99 0.0000
-4.97 0.0000
-4.94 0.0000
-4.93 0.0000
-4.91 0.0000
-4.89 0.0000
-4.89 0.0000
-4.88 0.0000
-4.88 0.0000
-4.88 0.0000
-4.86 0.0000
-4.88 0.0000
-4.86 0.0000
-4.88 0.0000
-4.88 0.0000
-4.88 0.0000
-4.88 0.0000
-4.88 0.0000
-4.88 0.0000
-4.88 0.0000
-4.86 0.0000
-4.88 0.0000
-4.88 0.0000
-4.88 0.0000
-4.88 0.0000
-4.88 0.0000
-4.88 0.0000
-4.88 0.0000
-4.88 0.0000
-4.88 0.0000
-4.88 0.0000
-4.88 0.0000
-4.88 0.0000
-4.88 0.0000
-4.88 0.0000
-4.88 0.0000
-4.88 0.0000
-4.88 0.0000
-4.88 0.0000
-4.88 0.0000
-4.88 0.0000
-4.88 0.0000
-4.88 0.0000
-4.88 0.0000
-4.88 0.0000
-4.88 0.0000
-4.88 0.0000
-4.88 0.0000
-4.88 0.0000
-4.88 0.0000
-4.88 0.0000
-4.88 0.0000
-4.88 0.0000
-4.88 0.0000
-4.88 0.0000
-4.88 0.0000
-4.88 0.0000
-4.88 0.0000
-4.88 0.0000
-4.88 0.0000
-4.88 0.0000
-4.88 0.0000
-4.88 0.0000
-4.88 0.0000
-4.88 0.0000
-4.88 0.0000
-4.88 0.0000
-4.88 0.0000
-4.88 0.0000
-4.88 0.0000
-4.88 0.0000
-4.88 0.0000
-4.88 0.0000
-4.88 0.0000
-4.88 0.0000
-4.88 0.0000
-4.88 0.0000
-4.88 0.0000
-4.89 0.0000
-4.89 0.0000
-4.89 0.0000
-4.89 0.0000
-4.89 0.0000
-4.91 0.0000
-4.91 0.0000
-4.91 0.0000
-4.93 0.0000
-4.93 0.0000
-4.94 0.0000
-4.94 0.0000
-4.96 0.0000
-4.97 0.0000
-4.99 0.0000
-4.99 0.0000
-5.00 0.0000
-5.02 0.0000
-5.03 0.0000
-5.05 0.0000
-5.06 0.0000
-5.08 0.0000
-5.11 0.0000
-5.12 0.0000
-5.14 0.0000
-5.16 0.0000
-5.19 0.0000
-5.20 0.0000
-5.23 0.0000
-5.26 0.0000
-5.28 0.0000
-5.31 0.0000
-5.34 0.0000
-5.39 0.0000
-5.42 0.0000
-5.46 0.0000
-5.51 0.0000
-5.54 0.0000
-5.60 0.0000
-5.65 0.0000
-5.71 0.0000
-5.75 0.0000
-5.83 0.0000
-5.88 0.0000
-5.95 0.0000
-6.01 0.0000
-6.09 0.0000
-6.17 0.0000
-6.24 0.0000
-6.34 0.0000
-6.41 0.0000
-6.50 0.0000
-6.60 0.0000
-6.70 0.0000
-6.80 0.0000
-6.90 0.0000
-7.03 0.0000
-7.13 0.0000
-7.26 0.0000
-7.39 0.0000
-7.49 0.0000
-7.62 0.0000
-7.75 0.0000
-7.85 0.0000
-7.85 0.0000
-7.96 0.0000
-8.08 0.0000
-8.19 0.0000
-8.31 0.0000
-8.42 0.0000
-8.54 0.0000
-8.65 0.0000
-8.79 0.0000
-8.90 0.0000
-9.03 0.0000
-9.17 0.0000
-9.33 0.0000
-9.48 0.0000
-9.63 0.0000
-9.80 0.0000
-9.95 0.0000
-10.15 0.0000
-10.35 0.0000
-10.57 0.0000
-10.75 0.0000
-10.98 0.0000
-11.20 0.0000
-11.41 0.0000
-11.61 0.0000
-11.81 0.0000
-11.99 0.0000
-12.16 0.0000
-12.32 0.0000
-12.45 0.0000
-12.58 0.0000
-12.67 0.0000
-12.75 0.0000
-12.78 0.0000
-12.79 0.0000
-12.76 0.0000
-12.70 0.0000
-12.61 0.0000
-12.48 0.0000
-12.36 0.0000
-12.22 0.0000
-12.06 0.0000
-11.90 0.0000
-11.72 0.0000
-11.52 0.0000
-11.30 0.0000
-11.09 0.0000
-10.86 0.0000
-10.63 0.0000
-10.40 0.0000
-10.18 0.0000
-9.97 0.0000
-9.79 0.0000
-9.59 0.0000
-9.42 0.0000
-9.22 0.0000
-9.07 0.0000
-8.88 0.0000
-8.70 0.0000
-8.54 0.0000
-8.36 0.0000
-8.21 0.0000
-8.01 0.0000
-7.82 0.0000
-7.72 0.0000
-7.52 0.0000
-7.26 0.0000
-6.96 0.0000
-6.64 0.0000
-6.26 0.0000
-5.85 0.0000
-5.29 0.0000
-4.74 0.0000
-3.97 0.0000
-3.21 0.0000
-2.20 0.0000
-1.32 0.0000
-0.34 0.0000
0.43 0.0000
1.24 -0.0238
1.91 -0.0913
2.48 -0.1480
2.96 -0.1956
3.35 -0.2354
3.72 -0.2722
4.09 -0.3090
4.44 -0.3443
4.83 -0.3826
5.21 -0.4210
5.65 -0.4654
6.13 -0.5130
6.13 -0.5130
6.94 -0.5942
8.54 -0.7537
10.94 -0.9944
14.23 -1.3226
15.82 -1.4820
16.80 -1.5802
17.41 -1.6415
17.95 -1.6952
18.32 -1.7320
18.66 -1.7657
18.95 -1.7948
19.19 -1.8194
19.42 -1.8424
19.64 -1.8638
19.99 -1.8991
20.17 -1.9175
20.37 -1.9374
20.56 -1.9558
20.74 -1.9742
20.91 -1.9911
21.08 -2.0080
21.22 -2.0218
21.36 -2.0356
21.48 -2.0478
21.60 -2.0601
21.69 -2.0693
21.80 -2.0800
21.89 -2.0892
21.98 -2.0984
22.06 -2.1061
22.12 -2.1122
22.18 -2.1184
22.23 -2.1230
22.26 -2.1260
22.28 -2.1276
22.29 -2.1291
22.29 -2.1291
22.28 -2.1276
22.28 -2.1276
22.26 -2.1260
22.26 -2.1260
22.24 -2.1245
22.24 -2.1245
22.23 -2.1230
22.21 -2.1214
22.20 -2.1199
22.18 -2.1184
22.17 -2.1168
22.15 -2.1153
22.12 -2.1122
22.11 -2.1107
22.09 -2.1092
22.08 -2.1076
22.06 -2.1061
22.05 -2.1046
22.03 -2.1030
