1.35 -0.04
1.36 -1.00
1.36 -1.00
1.30 -0.99
1.18 -0.96
1.05 -0.93
0.93 -0.89
0.82 -0.85
0.73 -0.81
0.70 -0.76
0.70 -0.72
0.70 -0.67
0.69 -0.60
0.70 -0.52
0.70 -0.42
0.70 -0.32
0.72 -0.22
0.70 -0.12
0.72 -0.05
0.72 0.03
0.72 0.08
0.78 0.12
0.92 0.13
1.02 0.14
1.12 0.15
1.22 0.15
1.30 0.15
1.35 0.15
1.41 0.15
1.47 0.14
1.53 0.13
1.58 0.12
1.62 0.11
1.65 0.10
1.70 0.08
1.73 0.07
1.76 0.05
1.79 0.03
1.82 0.01
1.85 -0.01
1.87 -0.04
1.87 -0.06
1.82 -0.07
1.78 -0.08
1.71 -0.09
1.65 -0.10
1.61 -0.11
1.56 -0.11
1.55 -0.12
1.51 -0.12
1.50 -0.11
1.47 -0.11
1.45 -0.10
1.44 -0.09
1.42 -0.08
1.41 -0.07
1.39 -0.06
1.38 -0.05
1.36 -0.03
1.36 -0.03
1.36 -0.02
1.36 -0.01
1.36 -0.01
1.36 -0.00
1.36 0.00
1.36 0.01
1.39 0.00
1.45 -0.02
1.51 -0.03
1.55 -0.05
1.53 -0.05
1.48 -0.05
1.42 -0.04
1.36 -0.04
1.33 -0.03
1.30 -0.03
1.30 -0.03
1.30 -0.03
1.30 -0.03
1.32 -0.03
1.32 -0.02
1.30 -0.02
1.30 -0.02
1.28 -0.02
1.28 -0.02
1.28 -0.02
1.28 -0.02
1.28 -0.02
1.28 -0.02
1.28 -0.02
1.28 -0.02
1.28 -0.02
1.28 -0.02
1.30 -0.02
1.32 -0.02
1.32 -0.02
1.33 -0.02
1.33 -0.02
1.33 -0.02
1.33 -0.02
1.33 -0.02
1.33 -0.02
1.33 -0.02
1.33 -0.02
1.33 -0.02
1.33 -0.02
1.33 -0.02
1.33 -0.02
1.33 -0.02
1.33 -0.02
1.32 -0.02
1.32 -0.02
1.32 -0.02
1.32 -0.02
1.32 -0.02
1.32 -0.02
1.32 -0.02
1.32 -0.02
1.32 -0.02
1.32 -0.02
1.33 -0.02
1.35 -0.03
1.36 -0.03
1.38 -0.03
1.38 -0.03
1.41 -0.03
1.41 -0.03
1.44 -0.04
1.44 -0.04
1.45 -0.04
1.47 -0.04
1.48 -0.05
1.50 -0.05
1.50 -0.05
1.51 -0.05
1.51 -0.05
1.51 -0.05
1.51 -0.05
1.51 -0.05
1.51 -0.05
1.51 -0.05
1.51 -0.05
1.51 -0.05
1.51 -0.05
1.51 -0.05
1.51 -0.05
1.51 -0.05
1.51 -0.05
1.51 -0.05
1.51 -0.05
1.50 -0.05
1.50 -0.05
1.50 -0.05
1.50 -0.05
1.50 -0.05
1.50 -0.05
1.50 -0.05
1.50 -0.05
1.50 -0.05
1.50 -0.05
1.50 -0.05
1.50 -0.05
1.50 -0.05
1.50 -0.05
1.50 -0.05
1.50 -0.05
1.50 -0.05
1.50 -0.05
1.50 -0.05
1.50 -0.05
1.50 -0.05
1.50 -0.05
1.50 -0.05
1.50 -0.05
1.50 -0.05
1.48 -0.04
1.48 -0.04
1.47 -0.04
1.45 -0.04
1.45 -0.04
1.45 -0.04
1.45 -0.04
1.45 -0.04
1.45 -0.04
1.45 -0.04
1.45 -0.04
1.45 -0.04
1.45 -0.04
1.45 -0.04
1.45 -0.04
1.45 -0.04
1.45 -0.04
1.45 -0.04
1.45 -0.04
1.45 -0.04
1.45 -0.04
1.45 -0.04
1.45 -0.04
1.44 -0.04
1.44 -0.04
1.44 -0.04
1.42 -0.04
1.42 -0.04
1.41 -0.03
1.41 -0.03
1.39 -0.03
1.39 -0.03
1.39 -0.03
1.39 -0.03
1.39 -0.03
1.39 -0.03
1.39 -0.03
1.39 -0.03
1.39 -0.03
1.39 -0.03
1.39 -0.03
1.39 -0.03
1.38 -0.03
1.38 -0.03
1.38 -0.03
1.36 -0.03
1.36 -0.02
1.35 -0.02
1.33 -0.02
1.32 -0.02
1.30 -0.02
1.30 -0.02
1.28 -0.01
1.27 -0.01
1.27 -0.01
1.25 -0.01
1.25 -0.01
1.25 -0.01
1.25 -0.01
1.25 -0.01
1.25 -0.01
1.25 -0.01
1.25 -0.01
1.25 -0.01
1.25 -0.01
1.25 -0.01
1.25 -0.01
1.25 -0.01
1.25 -0.01
1.25 -0.01
1.25 -0.01
1.25 -0.01
1.25 -0.01
1.24 -0.01
1.25 -0.01
1.25 -0.01
1.25 -0.01
1.25 -0.01
1.25 -0.01
1.25 -0.01
1.25 -0.01
1.24 -0.01
1.24 -0.01
1.24 -0.01
1.24 -0.01
1.24 -0.01
1.22 -0.01
1.22 -0.00
1.24 -0.01
1.24 -0.01
1.22 -0.01
1.22 -0.01
1.24 -0.01
1.22 -0.00
1.22 -0.01
1.22 -0.01
1.22 -0.00
1.24 -0.01
1.24 -0.01
1.24 -0.01
1.25 -0.01
1.25 -0.01
1.25 -0.01
1.25 -0.01
1.25 -0.01
1.25 -0.01
1.27 -0.01
1.25 -0.01
1.25 -0.01
1.25 -0.01
1.25 -0.01
1.25 -0.01
1.24 -0.01
1.24 -0.01
1.22 -0.01
1.21 -0.00
1.21 -0.00
1.21 -0.00
1.21 -0.00
1.21 -0.00
1.21 -0.00
1.19 -0.00
1.19 0.00
1.19 -0.00
1.21 -0.01
1.22 -0.01
1.21 -0.01
1.21 -0.01
1.19 -0.01
1.16 -0.00
1.15 -0.00
1.15 -0.00
1.15 0.00
1.15 -0.00
1.19 -0.01
1.24 -0.02
1.22 -0.02
1.24 -0.02
1.22 -0.02
1.21 -0.02
1.19 -0.01
1.19 -0.01
1.19 -0.01
1.21 -0.01
1.21 -0.01
1.21 -0.01
1.22 -0.02
1.22 -0.02
1.22 -0.02
1.22 -0.02
1.24 -0.02
1.24 -0.02
1.25 -0.02
1.27 -0.02
1.28 -0.03
1.30 -0.03
1.32 -0.03
1.32 -0.03
1.33 -0.03
1.35 -0.03
1.35 -0.03
1.36 -0.04
1.36 -0.03
1.36 -0.04
1.38 -0.04
1.39 -0.04
1.39 -0.04
1.41 -0.04
1.39 -0.04
1.41 -0.04
1.41 -0.04
1.41 -0.04
1.42 -0.04
1.42 -0.04
1.44 -0.05
1.45 -0.05
1.45 -0.05
1.47 -0.05
1.48 -0.05
1.50 -0.06
1.53 -0.06
1.53 -0.06
1.55 -0.06
1.56 -0.06
1.58 -0.07
1.58 -0.07
1.58 -0.07
1.59 -0.07
1.59 -0.07
1.59 -0.07
1.59 -0.07
1.61 -0.07
1.61 -0.07
1.62 -0.07
1.62 -0.07
1.62 -0.07
1.64 -0.07
1.64 -0.07
1.64 -0.07
1.65 -0.07
1.65 -0.07
1.65 -0.07
1.65 -0.07
1.65 -0.07
1.65 -0.07
1.65 -0.07
1.65 -0.07
1.65 -0.07
1.65 -0.07
1.65 -0.07
1.65 -0.07
1.65 -0.07
1.65 -0.07
1.65 -0.07
1.65 -0.07
1.65 -0.07
1.65 -0.07
1.65 -0.07
1.64 -0.07
1.64 -0.07
1.64 -0.07
1.64 -0.07
1.64 -0.07
1.64 -0.07
1.64 -0.07
1.64 -0.07
1.64 -0.07
1.64 -0.07
1.62 -0.07
1.64 -0.07
1.64 -0.07
1.64 -0.07
1.64 -0.07
1.64 -0.07
1.64 -0.07
1.64 -0.07
1.64 -0.07
1.64 -0.07
1.64 -0.07
1.64 -0.07
1.64 -0.07
1.64 -0.07
1.64 -0.07
1.64 -0.07
1.64 -0.07
1.64 -0.07
1.64 -0.07
1.64 -0.07
1.64 -0.07
1.64 -0.07
1.64 -0.07
1.64 -0.07
1.64 -0.07
1.65 -0.07
1.65 -0.07
1.65 -0.07
1.65 -0.07
1.65 -0.07
1.65 -0.07
1.65 -0.07
1.65 -0.07
1.65 -0.07
1.65 -0.07
1.65 -0.07
1.65 -0.07
1.65 -0.07
1.65 -0.07
1.65 -0.07
1.65 -0.07
1.65 -0.07
1.65 -0.07
1.65 -0.07
1.65 -0.07
1.65 -0.07
1.64 -0.07
1.64 -0.07
1.62 -0.07
1.62 -0.07
1.61 -0.06
1.59 -0.06
1.58 -0.06
1.56 -0.06
1.55 -0.05
1.53 -0.05
1.51 -0.05
1.50 -0.05
1.50 -0.05
1.48 -0.04
1.47 -0.04
1.47 -0.04
1.47 -0.04
1.45 -0.04
1.47 -0.04
1.45 -0.04
1.45 -0.04
1.45 -0.04
1.45 -0.04
1.45 -0.04
1.45 -0.04
1.45 -0.04
1.45 -0.04
1.45 -0.04
1.45 -0.04
1.45 -0.04
1.47 -0.04
1.47 -0.04
1.47 -0.04
1.47 -0.04
1.47 -0.04
1.47 -0.04
1.47 -0.04
1.47 -0.04
1.47 -0.04
1.47 -0.04
1.47 -0.04
1.47 -0.04
1.47 -0.04
1.47 -0.04
1.47 -0.04
1.47 -0.04
1.47 -0.04
1.47 -0.04
1.47 -0.04
1.47 -0.04
1.47 -0.04
1.47 -0.04
1.47 -0.04
1.47 -0.04
1.47 -0.04
1.47 -0.04
1.47 -0.04
1.47 -0.04
1.47 -0.04
1.47 -0.04
1.47 -0.04
1.47 -0.04
1.47 -0.04
1.47 -0.04
1.47 -0.04
1.47 -0.04
1.47 -0.04
1.47 -0.04
1.47 -0.04
1.47 -0.04
1.47 -0.04
1.45 -0.04
1.47 -0.04
1.47 -0.04
1.47 -0.04
1.47 -0.04
1.47 -0.04
1.47 -0.04
1.47 -0.04
1.47 -0.04
1.47 -0.04
1.45 -0.04
1.45 -0.04
1.45 -0.04
1.44 -0.04
1.44 -0.04
1.42 -0.04
1.42 -0.04
1.42 -0.04
1.42 -0.04
1.42 -0.04
1.42 -0.04
1.42 -0.04
1.42 -0.04
1.42 -0.04
1.41 -0.04
1.41 -0.04
1.41 -0.03
1.41 -0.04
1.41 -0.03
1.39 -0.03
1.39 -0.03
1.39 -0.03
1.39 -0.03
1.39 -0.03
1.39 -0.03
1.39 -0.03
1.39 -0.03
1.39 -0.03
1.39 -0.03
1.39 -0.03
1.39 -0.03
1.39 -0.03
1.39 -0.03
1.39 -0.03
1.39 -0.03
1.38 -0.03
1.38 -0.03
1.38 -0.03
1.38 -0.03
1.38 -0.03
1.38 -0.03
1.38 -0.03
1.38 -0.03
1.36 -0.03
1.38 -0.03
1.36 -0.03
1.36 -0.03
1.36 -0.03
1.36 -0.03
1.36 -0.03
1.36 -0.03
1.36 -0.03
1.36 -0.03
1.36 -0.03
1.36 -0.03
1.36 -0.03
1.36 -0.03
1.36 -0.03
1.36 -0.03
1.36 -0.03
1.38 -0.03
1.38 -0.03
1.39 -0.03
1.39 -0.03
1.39 -0.03
1.39 -0.03
1.39 -0.03
1.41 -0.03
1.41 -0.04
1.42 -0.04
1.42 -0.04
1.42 -0.04
1.44 -0.04
1.44 -0.04
1.44 -0.04
1.44 -0.04
1.44 -0.04
1.42 -0.04
1.44 -0.04
1.44 -0.04
1.42 -0.04
1.44 -0.04
1.44 -0.04
1.44 -0.04
1.44 -0.04
1.44 -0.04
1.44 -0.04
1.44 -0.04
1.44 -0.04
1.45 -0.04
1.45 -0.04
1.45 -0.04
1.47 -0.04
1.47 -0.04
1.48 -0.04
1.48 -0.05
1.50 -0.05
1.51 -0.05
1.53 -0.05
1.55 -0.05
1.55 -0.06
1.56 -0.06
1.56 -0.06
1.58 -0.06
1.58 -0.06
1.58 -0.06
1.58 -0.06
1.58 -0.06
1.58 -0.06
1.58 -0.06
1.58 -0.06
1.58 -0.06
1.58 -0.06
1.58 -0.06
1.58 -0.06
1.58 -0.06
1.58 -0.06
1.58 -0.06
1.58 -0.06
1.59 -0.06
1.59 -0.06
1.59 -0.06
1.61 -0.06
1.61 -0.06
1.62 -0.07
1.62 -0.07
1.62 -0.07
1.62 -0.07
1.62 -0.07
1.64 -0.07
1.62 -0.07
1.62 -0.07
1.62 -0.07
1.64 -0.07
1.64 -0.07
1.64 -0.07
1.62 -0.07
1.62 -0.07
1.64 -0.07
1.62 -0.07
1.62 -0.07
1.62 -0.07
1.62 -0.07
1.62 -0.07
1.62 -0.07
1.62 -0.07
1.62 -0.07
1.62 -0.07
1.62 -0.07
1.62 -0.07
1.62 -0.07
1.64 -0.07
1.64 -0.07
1.65 -0.07
1.65 -0.07
1.67 -0.07
1.68 -0.07
1.68 -0.07
1.68 -0.08
1.68 -0.07
1.68 -0.07
1.68 -0.07
1.68 -0.07
1.68 -0.07
1.68 -0.07
1.68 -0.07
1.68 -0.07
1.68 -0.07
1.68 -0.07
1.70 -0.08
1.70 -0.08
1.70 -0.08
1.70 -0.08
1.71 -0.08
1.71 -0.08
1.73 -0.08
1.73 -0.08
1.73 -0.08
1.74 -0.08
1.74 -0.08
1.74 -0.08
1.74 -0.08
1.76 -0.09
1.76 -0.09
1.76 -0.09
1.76 -0.09
1.76 -0.09
1.76 -0.09
1.76 -0.09
1.76 -0.09
1.76 -0.09
1.76 -0.09
1.78 -0.09
1.76 -0.09
1.78 -0.09
1.78 -0.09
1.76 -0.09
1.78 -0.09
1.78 -0.09
1.78 -0.09
1.78 -0.09
1.78 -0.09
1.78 -0.09
1.78 -0.09
1.78 -0.09
1.78 -0.09
1.78 -0.09
1.78 -0.09
1.78 -0.09
1.76 -0.09
1.78 -0.09
1.78 -0.09
1.78 -0.09
1.78 -0.09
1.78 -0.09
1.78 -0.09
1.78 -0.09
1.76 -0.09
1.78 -0.09
1.78 -0.09
1.78 -0.09
1.78 -0.09
1.78 -0.09
1.78 -0.09
1.78 -0.09
1.78 -0.09
1.78 -0.09
1.78 -0.09
1.79 -0.09
1.79 -0.09
1.79 -0.09
1.81 -0.09
1.81 -0.09
1.81 -0.09
1.82 -0.09
1.82 -0.09
1.81 -0.09
1.82 -0.09
1.82 -0.09
1.82 -0.09
1.82 -0.09
1.82 -0.09
1.82 -0.09
1.82 -0.09
1.81 -0.09
1.79 -0.09
1.78 -0.09
1.76 -0.08
1.74 -0.08
1.73 -0.08
1.73 -0.08
1.71 -0.08
1.71 -0.08
1.71 -0.08
1.71 -0.08
1.71 -0.08
1.71 -0.08
1.70 -0.08
1.71 -0.08
1.71 -0.08
1.71 -0.08
1.71 -0.08
1.70 -0.08
1.71 -0.08
1.71 -0.08
1.71 -0.08
1.70 -0.08
1.70 -0.08
1.70 -0.08
1.71 -0.08
1.71 -0.08
1.71 -0.08
1.71 -0.08
1.71 -0.08
1.71 -0.08
1.71 -0.08
1.71 -0.08
1.71 -0.08
1.71 -0.08
1.71 -0.08
1.71 -0.08
1.71 -0.08
1.70 -0.08
1.70 -0.08
1.71 -0.08
1.71 -0.08
1.71 -0.08
1.71 -0.08
1.70 -0.08
1.70 -0.08
1.71 -0.08
1.70 -0.08
1.71 -0.08
1.71 -0.08
1.71 -0.08
1.70 -0.08
1.70 -0.08
1.70 -0.08
1.70 -0.08
1.70 -0.08
1.68 -0.07
1.68 -0.07
1.67 -0.07
1.67 -0.07
1.67 -0.07
1.65 -0.07
1.65 -0.07
1.65 -0.07
1.64 -0.07
1.64 -0.07
1.62 -0.06
1.62 -0.06
1.62 -0.06
1.62 -0.06
1.62 -0.06
1.62 -0.06
1.62 -0.06
1.62 -0.06
1.62 -0.06
1.62 -0.06
1.62 -0.06
1.62 -0.06
1.62 -0.06
1.62 -0.06
1.62 -0.06
1.62 -0.06
1.62 -0.06
1.62 -0.06
1.62 -0.06
1.62 -0.06
1.62 -0.06
1.62 -0.06
1.64 -0.07
1.65 -0.07
1.67 -0.07
1.67 -0.07
1.68 -0.07
1.70 -0.08
1.71 -0.08
1.71 -0.08
1.73 -0.08
1.73 -0.08
1.74 -0.08
1.76 -0.08
1.78 -0.09
1.79 -0.09
1.79 -0.09
1.81 -0.09
1.81 -0.09
1.81 -0.09
1.79 -0.09
1.81 -0.09
1.81 -0.09
1.81 -0.09
1.81 -0.09
1.81 -0.09
1.79 -0.09
1.81 -0.09
1.81 -0.09
1.81 -0.09
1.79 -0.09
1.79 -0.09
1.79 -0.09
1.79 -0.09
1.78 -0.09
1.78 -0.09
1.78 -0.09
1.79 -0.09
1.78 -0.09
1.78 -0.09
1.79 -0.09
1.78 -0.09
1.79 -0.09
1.79 -0.09
1.78 -0.09
1.79 -0.09
1.78 -0.09
1.78 -0.09
1.79 -0.09
1.79 -0.09
1.79 -0.09
1.79 -0.09
1.79 -0.09
1.79 -0.09
1.79 -0.09
1.79 -0.09
1.79 -0.09
1.79 -0.09
1.79 -0.09
1.78 -0.09
1.78 -0.09
1.78 -0.09
1.78 -0.09
1.78 -0.09
1.79 -0.09
1.79 -0.09
1.79 -0.09
1.79 -0.09
1.79 -0.09
1.79 -0.09
1.79 -0.09
1.79 -0.09
1.79 -0.09
1.79 -0.09
1.79 -0.09
1.76 -0.08
1.76 -0.08
1.76 -0.08
1.78 -0.09
1.79 -0.09
1.79 -0.09
1.81 -0.09
1.82 -0.09
1.84 -0.09
1.85 -0.10
1.85 -0.10
1.85 -0.10
1.85 -0.10
1.85 -0.10
1.85 -0.10
1.85 -0.10
1.85 -0.10
1.85 -0.10
1.85 -0.10
1.85 -0.10
1.85 -0.10
1.85 -0.10
1.85 -0.10
1.85 -0.10
1.85 -0.10
1.85 -0.10
1.85 -0.10
1.84 -0.09
1.85 -0.09
1.84 -0.09
1.84 -0.09
1.84 -0.09
1.84 -0.09
1.82 -0.09
1.82 -0.09
1.82 -0.09
1.82 -0.09
1.82 -0.09
1.82 -0.09
1.82 -0.09
1.82 -0.09
1.82 -0.09
1.82 -0.09
1.82 -0.09
1.82 -0.09
1.82 -0.09
1.84 -0.09
1.84 -0.09
1.85 -0.09
1.85 -0.09
1.85 -0.10
1.87 -0.10
1.87 -0.10
1.87 -0.10
1.87 -0.10
1.87 -0.10
1.87 -0.10
1.87 -0.10
1.87 -0.10
1.87 -0.10
1.87 -0.10
1.87 -0.10
1.87 -0.10
1.87 -0.10
1.87 -0.10
1.87 -0.10
1.87 -0.10
1.87 -0.10
1.87 -0.10
1.85 -0.09
1.87 -0.10
1.87 -0.10
1.87 -0.10
1.87 -0.10
1.87 -0.10
1.87 -0.10
1.87 -0.10
1.87 -0.10
1.87 -0.10
1.87 -0.10
1.87 -0.10
1.87 -0.10
1.87 -0.10
1.87 -0.10
1.87 -0.10
1.87 -0.10
1.87 -0.10
1.87 -0.10
1.87 -0.10
1.87 -0.10
1.87 -0.10
1.87 -0.10
1.87 -0.10
1.85 -0.09
1.87 -0.10
1.87 -0.10
1.87 -0.10
1.87 -0.10
1.87 -0.10
1.87 -0.10
1.87 -0.10
1.87 -0.10
1.87 -0.10
1.87 -0.10
1.87 -0.10
1.87 -0.10
1.87 -0.10
1.87 -0.10
1.87 -0.10
1.87 -0.10
1.87 -0.10
1.87 -0.10
1.85 -0.09
1.85 -0.09
1.84 -0.09
1.84 -0.09
1.82 -0.09
1.81 -0.09
1.81 -0.09
1.81 -0.09
1.81 -0.09
1.79 -0.08
1.79 -0.08
1.79 -0.08
1.79 -0.08
1.78 -0.08
1.78 -0.08
1.78 -0.08
1.78 -0.08
1.78 -0.08
1.78 -0.08
1.78 -0.08
1.78 -0.08
1.78 -0.08
1.78 -0.08
1.78 -0.08
1.78 -0.08
1.78 -0.08
1.78 -0.08
1.78 -0.08
1.78 -0.08
1.79 -0.08
1.79 -0.08
1.81 -0.09
1.81 -0.09
1.82 -0.09
1.82 -0.09
1.84 -0.09
1.84 -0.09
1.85 -0.09
1.85 -0.09
1.85 -0.09
1.85 -0.09
1.87 -0.10
1.87 -0.10
1.87 -0.10
1.87 -0.10
1.87 -0.10
1.87 -0.10
1.87 -0.10
1.85 -0.09
1.85 -0.09
1.84 -0.09
1.82 -0.09
1.81 -0.09
1.79 -0.08
1.79 -0.08
1.79 -0.08
1.79 -0.08
1.79 -0.08
1.79 -0.08
1.79 -0.08
1.79 -0.08
1.79 -0.08
1.79 -0.08
1.79 -0.08
1.79 -0.08
1.79 -0.08
1.79 -0.08
1.79 -0.08
1.79 -0.08
1.79 -0.08
1.79 -0.08
1.79 -0.08
1.79 -0.08
1.79 -0.08
1.79 -0.08
1.79 -0.08
1.79 -0.08
1.79 -0.08
1.79 -0.08
1.79 -0.08
1.79 -0.08
1.79 -0.08
1.79 -0.08
1.79 -0.08
1.79 -0.08
1.79 -0.08
1.78 -0.08
1.78 -0.08
1.78 -0.08
1.76 -0.08
1.76 -0.08
1.76 -0.08
1.76 -0.08
1.76 -0.08
1.74 -0.08
1.74 -0.08
1.74 -0.08
1.73 -0.08
1.73 -0.08
1.71 -0.07
1.70 -0.07
1.70 -0.07
1.68 -0.07
1.67 -0.07
1.67 -0.07
1.64 -0.06
1.64 -0.06
1.62 -0.06
1.61 -0.06
1.61 -0.06
1.59 -0.05
1.59 -0.05
1.58 -0.05
1.58 -0.05
1.56 -0.05
1.56 -0.05
1.56 -0.05
1.55 -0.05
1.53 -0.05
1.53 -0.05
1.51 -0.04
1.50 -0.04
1.50 -0.04
1.48 -0.04
1.45 -0.03
1.44 -0.03
1.41 -0.03
1.38 -0.02
1.35 -0.02
1.30 -0.01
1.25 -0.00
1.21 0.00
1.15 0.01
1.13 0.01
1.16 -0.00
1.15 -0.01
1.13 -0.02
1.05 -0.02
0.93 -0.01
0.78 0.01
0.61 0.04
0.52 0.04
0.52 0.03
0.52 0.02
0.53 -0.00
0.53 -0.02
0.46 -0.03
0.29 -0.02
0.06 0.01
-0.23 0.05
-0.48 0.08
-0.66 0.09
-0.85 0.11
-0.98 0.11
-1.15 0.11
-1.37 0.11
-1.66 0.11
-2.04 0.13
-2.46 0.13
-2.90 0.14
-3.35 0.15
-3.76 0.15
-4.13 0.15
-4.48 0.14
-4.80 0.13
-5.11 0.11
-5.48 0.11
-5.83 0.10
-6.17 0.09
-6.55 0.10
-6.87 0.10
-7.19 0.11
-7.49 0.12
-7.79 0.13
-7.79 0.10
-8.07 0.12
-8.38 0.14
-8.68 0.16
-8.97 0.17
-9.25 0.18
-9.51 0.22
-9.74 0.22
-9.99 0.21
-10.23 0.21
-10.46 0.17
-10.72 0.11
-11.00 0.03
-11.29 -0.10
-11.63 -0.25
-12.06 -0.35
-12.61 -0.39
-13.27 -0.38
-13.99 -0.34
-14.71 -0.27
-15.43 -0.20
-16.10 -0.13
-16.82 -0.04
-17.50 0.05
-18.11 0.14
-18.63 0.21
-19.03 0.27
-19.35 0.31
-19.65 0.35
-19.89 0.38
-20.14 0.40
-20.40 0.43
-20.66 0.46
-20.90 0.48
-21.15 0.50
-21.35 0.50
-21.52 0.51
-21.65 0.50
-21.78 0.49
-21.95 0.51
-22.05 0.49
-22.16 0.46
-22.27 0.42
-22.36 0.37
-22.45 0.29
-22.53 0.19
-22.59 0.04
-22.65 -0.12
-22.71 -0.26
-22.80 -0.37
-22.96 -0.44
-23.17 -0.48
-23.40 -0.49
-23.68 -0.48
-24.05 -0.45
-24.44 -0.40
-24.89 -0.34
-25.40 -0.26
-25.93 -0.17
-26.55 -0.07
-27.13 0.04
-27.76 0.16
-28.32 0.26
-28.78 0.35
-29.29 0.44
-29.69 0.50
-30.15 0.57
-30.62 0.63
-31.15 0.70
-31.65 0.75
-32.13 0.80
-32.54 0.84
-32.91 0.87
-33.17 0.88
-33.38 0.88
-33.51 0.88
-33.60 0.86
-33.68 0.85
-33.71 0.83
-33.71 0.80
-33.72 0.78
-33.74 0.75
-33.72 0.72
-33.74 0.72
-33.72 0.68
-33.72 0.63
-33.72 0.57
-33.72 0.48
-33.72 0.36
-33.74 0.21
-33.81 -0.00
-33.91 -0.17
-34.09 -0.28
-34.32 -0.34
-34.61 -0.36
-34.89 -0.37
-35.16 -0.37
-35.39 -0.36
-35.62 -0.34
-35.85 -0.31
-29.52 -1.26
-35.21 -0.40
-35.41 -0.34
-35.65 -0.28
-35.85 -0.21
-36.04 -0.14
-36.19 -0.05
-36.30 0.04
-36.36 0.14
-36.40 0.26
-36.39 0.38
-36.40 0.51
-36.40 0.62
-36.39 0.70
-36.37 0.75
-36.37 0.80
-36.36 0.83
-36.36 0.84
-36.36 0.85
-36.36 0.84
-36.37 0.83
-36.37 0.80
-36.37 0.77
-36.37 0.73
-36.37 0.68
-36.37 0.62
-36.37 0.54
-36.37 0.45
-36.36 0.35
-36.37 0.27
-36.36 0.19
-36.37 0.11
-36.37 0.04
-36.37 -0.01
-36.39 -0.06
-36.40 -0.09
-36.48 -0.11
-36.54 -0.12
-36.59 -0.12
-36.62 -0.12
-36.63 -0.11
-36.63 -0.10
-36.65 -0.08
-36.65 -0.06
-36.67 -0.02
-36.68 0.02
-36.70 0.07
-36.70 0.11
-36.70 0.16
-36.70 0.21
-36.70 0.25
-36.70 0.29
-36.70 0.31
-36.70 0.33
-36.70 0.34
-36.70 0.34
-36.70 0.34
-36.70 0.33
-36.70 0.32
-36.70 0.30
-36.70 0.27
-36.70 0.25
-36.70 0.22
-36.68 0.18
-36.68 0.15
-36.70 0.11
-36.68 0.07
-36.68 0.04
-36.70 0.01
-36.68 -0.02
-36.68 -0.04
-36.68 -0.05
-36.68 -0.06
-36.68 -0.06
-36.68 -0.06
-36.68 -0.05
-36.68 -0.04
-36.68 -0.01
-36.68 0.02
-36.68 0.05
-36.67 0.08
-36.67 0.12
-36.67 0.15
-36.65 0.17
-36.65 0.19
-36.65 0.19
-36.63 0.19
-36.63 0.18
-36.63 0.17
-36.62 0.15
-36.62 0.13
-36.60 0.10
-36.59 0.07
-36.57 0.04
-36.56 0.02
-36.53 -0.01
-36.51 -0.03
-36.50 -0.05
-36.50 -0.06
-36.50 -0.05
-36.48 -0.05
-36.48 -0.03
-36.47 -0.02
-36.47 0.01
-36.45 0.04
-36.44 0.06
-36.36 0.09
-36.28 0.09
-36.24 0.11
-36.17 0.11
-36.16 0.11
-36.13 0.10
-36.10 0.08
-36.08 0.07
-36.04 0.04
-35.96 0.01
-35.90 -0.02
-35.81 -0.05
-35.73 -0.07
-35.68 -0.09
-35.64 -0.09
-35.59 -0.09
-35.56 -0.08
-35.50 -0.07
-35.44 -0.05
-35.36 -0.03
-35.27 -0.00
-35.16 0.03
-35.04 0.06
-35.82 0.22
-35.59 0.23
-35.32 0.23
-34.96 0.21
-34.58 0.18
-34.17 0.15
-33.77 0.11
-33.41 0.07
-33.06 0.03
-32.72 -0.01
-32.39 -0.05
-32.10 -0.07
-31.79 -0.09
-31.53 -0.09
-31.28 -0.08
-31.07 -0.07
-30.84 -0.05
-30.62 -0.03
-30.38 -0.01
-30.15 -0.00
-29.95 0.01
-29.75 0.01
-29.50 0.00
-29.24 -0.01
-28.92 -0.04
-28.62 -0.06
-28.37 -0.07
-28.12 -0.14
-27.88 -0.15
-27.63 -0.16
-27.39 -0.17
-27.13 -0.18
-26.87 -0.19
-26.61 -0.19
-26.38 -0.16
-26.13 -0.13
-25.92 -0.07
-25.69 0.03
-25.47 0.17
-25.23 0.34
-24.92 0.48
-24.63 0.57
-24.32 0.62
-24.02 0.64
-23.74 0.65
-23.48 0.65
-23.23 0.64
-22.97 0.62
-22.71 0.59
-22.45 0.56
-22.16 0.52
-21.87 0.48
-21.62 0.44
-21.33 0.39
-21.04 0.34
-20.75 0.29
-20.46 0.24
-20.15 0.18
-19.81 0.12
-19.43 0.05
-19.02 -0.03
-18.62 -0.11
-18.27 -0.17
-17.97 -0.22
-17.73 -0.27
-17.53 -0.30
-17.31 -0.32
-17.12 -0.35
-16.90 -0.37
-16.67 -0.39
-16.43 -0.41
-16.18 -0.43
-15.92 -0.45
-15.67 -0.46
-15.43 -0.47
-15.17 -0.50
-14.91 -0.51
-14.65 -0.52
-14.39 -0.53
-14.13 -0.53
-13.86 -0.53
-13.60 -0.52
-13.37 -0.50
-13.11 -0.47
-12.87 -0.41
-12.62 -0.30
-12.38 -0.15
-12.15 0.04
-11.90 0.19
-11.66 0.28
-11.38 0.33
-11.07 0.35
-10.74 0.34
-10.37 0.32
-10.00 -0.19
-9.62 0.23
-9.25 0.20
-8.96 0.18
-8.65 0.15
-8.30 0.12
-7.95 0.07
-7.87 0.07
-7.41 0.01
-6.93 -0.06
-6.38 -0.15
-5.77 -0.24
-5.28 -0.31
-4.80 -0.39
-4.31 -0.46
-3.90 -0.52
-3.45 -0.58
-2.99 -0.65
-2.53 -0.71
-2.00 -0.79
-1.52 -0.85
-0.98 -0.92
-0.46 -0.98
0.03 -1.04
0.56 -1.09
1.01 -1.12
1.39 -1.14
1.74 -1.13
2.05 -1.10
2.37 -1.05
2.68 -0.96
2.99 -0.82
3.32 -0.68
3.65 -0.57
3.95 -0.48
4.27 -0.43
4.58 -0.40
4.89 -0.38
5.24 -0.44
5.56 -0.43
5.90 -0.42
2.30 0.17
5.90 -0.29
6.24 -0.25
6.64 -0.20
7.02 -0.09
7.39 0.08
7.77 0.25
8.25 0.34
8.80 0.37
9.41 0.35
10.12 0.29
10.87 0.22
11.57 0.14
12.20 0.07
12.88 0.00
13.54 -0.08
14.13 -0.16
14.67 -0.23
15.11 -0.28
15.51 -0.33
15.84 -0.37
16.13 -0.40
16.42 -0.43
16.71 -0.46
17.05 -0.50
17.41 -0.54
17.77 -0.58
18.10 -0.61
18.41 -0.63
18.72 -0.65
19.04 -0.67
19.35 -0.68
19.68 -0.68
19.99 -0.68
20.37 -0.67
20.80 -0.66
21.25 -0.63
21.72 -0.58
22.21 -0.52
22.70 -0.46
23.20 -0.41
23.75 -0.39
24.33 -0.39
24.93 -0.41
25.53 -0.44
26.08 -0.48
26.63 -0.52
27.21 -0.64
27.80 -0.69
28.36 -0.74
28.87 -0.78
29.27 -0.80
29.60 -0.82
29.88 -0.82
30.13 -0.80
30.33 -0.76
30.51 -0.71
30.71 -0.63
30.88 -0.51
31.09 -0.37
31.31 -0.21
31.52 -0.09
31.74 -0.01
31.97 0.04
32.20 0.06
32.44 0.06
32.75 0.05
33.04 0.03
33.35 0.00
33.64 -0.03
33.79 -0.04
34.04 0.01
34.27 -0.01
34.48 -0.04
34.73 -0.07
34.94 -0.10
35.12 -0.13
35.31 -0.15
35.49 -0.18
35.68 -0.21
35.89 -0.24
36.12 -0.28
36.32 -0.31
36.54 -0.34
36.73 -0.37
36.92 -0.40
37.09 -0.42
37.23 -0.44
37.35 -0.46
37.47 -0.48
37.58 -0.50
37.67 -0.51
37.73 -0.52
37.79 -0.53
37.84 -0.53
37.87 -0.54
37.90 -0.54
37.92 -0.54
37.95 -0.55
37.96 -0.55
37.98 -0.55
37.98 -0.55
37.98 -0.55
37.98 -0.55
37.98 -0.55
37.98 -0.55
37.98 -0.55
37.98 -0.55
37.98 -0.55
37.98 -0.55
37.98 -0.55
37.98 -0.55
37.99 -0.55
38.01 -0.56
38.02 -0.56
38.05 -0.56
38.08 -0.57
38.13 -0.57
38.19 -0.58
38.24 -0.59
38.30 -0.60
38.38 -0.61
38.45 -0.62
38.57 -0.64
38.68 -0.65
38.80 -0.67
38.93 -0.69
39.03 -0.71
39.14 -0.72
39.22 -0.73
39.30 -0.74
39.36 -0.75
39.43 -0.76
39.49 -0.77
39.56 -0.78
39.59 -0.78
39.60 -0.78
39.60 -0.78
39.60 -0.78
39.60 -0.77
39.60 -0.77
39.59 -0.76
39.59 -0.76
39.57 -0.76
39.57 -0.76
39.57 -0.75
39.57 -0.75
39.57 -0.75
39.57 -0.75
39.57 -0.74
39.57 -0.74
39.57 -0.74
39.57 -0.74
39.57 -0.74
39.57 -0.74
39.57 -0.74
39.57 -0.74
39.57 -0.74
39.57 -0.74
39.57 -0.74
39.57 -0.74
39.57 -0.74
39.57 -0.74
39.57 -0.74
39.57 -0.74
39.57 -0.74
39.57 -0.74
39.57 -0.74
39.59 -0.74
39.60 -0.74
39.63 -0.75
39.65 -0.75
39.69 -0.76
39.72 -0.76
39.77 -0.77
39.82 -0.77
39.89 -0.79
39.95 -0.79
40.06 -0.81
40.14 -0.82
40.23 -0.84
40.32 -0.85
40.41 -0.86
40.52 -0.88
40.64 -0.90
40.77 -0.92
40.87 -0.93
41.00 -0.95
41.10 -0.97
41.21 -0.98
41.30 -1.00
41.41 -1.01
41.53 -1.03
41.66 -1.05
41.78 -1.07
41.86 -1.08
41.93 -1.09
42.01 -1.10
42.07 -1.11
42.12 -1.11
42.15 -1.12
42.16 -1.12
42.18 -1.12
42.18 -1.12
42.18 -1.12
42.18 -1.12
42.18 -1.11
42.18 -1.11
42.18 -1.11
42.18 -1.11
42.18 -1.11
42.18 -1.10
42.18 -1.10
42.18 -1.10
42.18 -1.10
42.18 -1.09
42.18 -1.09
42.18 -1.09
42.18 -1.08
42.18 -1.08
42.18 -1.07
42.18 -1.06
42.18 -1.05
42.18 -1.04
42.18 -1.02
42.18 -1.00
42.18 -0.98
42.18 -0.96
42.18 -0.94
42.18 -0.94
42.18 -0.93
42.18 -0.93
42.18 -0.93
42.18 -0.94
42.18 -0.95
42.18 -0.96
42.18 -0.96
42.18 -0.96
42.18 -0.96
42.16 -0.95
42.16 -0.95
42.13 -0.94
42.10 -0.94
42.07 -0.93
42.02 -0.92
41.98 -0.92
41.92 -0.91
41.84 -0.90
41.78 -0.89
41.70 -0.88
41.63 -0.86
41.53 -0.85
41.46 -0.84
41.37 -0.83
41.26 -0.81
41.14 -0.79
41.01 -0.77
40.89 -0.75
40.75 -0.73
40.58 -0.71
40.41 -0.68
40.23 -0.66
40.05 -0.63
39.82 -0.59
39.56 -0.55
39.30 -0.51
39.00 -0.47
38.74 -0.43
38.47 -0.39
38.19 -0.35
37.95 -0.31
37.70 -0.27
37.44 -0.24
37.19 -0.20
36.95 -0.16
36.70 -0.13
36.47 -0.09
36.26 -0.06
36.03 -0.03
35.81 0.01
35.63 0.03
35.42 0.06
35.23 0.09
35.06 0.10
34.89 0.12
34.73 0.14
34.54 0.15
34.36 0.17
34.17 0.19
34.01 0.20
33.87 0.21
34.24 0.15
34.08 0.16
33.94 0.18
33.79 0.19
33.65 0.20
33.51 0.21
33.38 0.22
33.25 0.22
33.12 0.23
32.99 0.23
32.87 0.22
32.76 0.22
32.63 0.70
32.50 0.07
32.38 0.05
32.24 0.03
32.09 -0.01
31.92 -0.07
31.72 -0.14
31.48 -0.24
31.21 -0.37
30.92 -0.48
30.60 -0.57
30.25 -0.63
29.82 -0.64
29.37 -0.64
28.88 -0.61
28.38 -0.57
27.84 -0.52
27.30 -0.46
26.75 -0.40
26.15 -0.32
25.43 -0.22
24.70 -0.11
24.02 -0.01
23.44 0.08
22.93 0.16
22.51 0.23
22.18 0.27
21.92 0.31
21.72 0.33
21.52 0.35
21.34 0.37
21.14 0.38
20.94 0.39
20.76 0.39
20.59 0.39
20.42 0.38
20.28 0.36
20.16 0.41
20.19 0.35
20.05 0.30
19.91 0.22
19.79 0.08
19.64 -0.11
19.50 -0.33
19.33 -0.51
19.12 -0.62
18.87 -0.68
18.63 -0.71
18.35 -0.72
18.06 -0.71
17.78 -0.70
17.52 -0.69
17.25 -0.67
16.99 -0.65
16.69 -0.63
16.37 -0.52
16.00 -0.48
15.59 -0.43
15.13 -0.37
14.62 -0.30
14.12 -0.22
13.60 -0.14
13.06 -0.05
12.54 0.04
12.00 0.13
11.40 0.22
10.88 0.32
10.39 0.39
9.98 0.45
9.56 0.51
9.23 0.56
8.84 0.61
8.51 0.65
8.18 0.68
7.86 0.71
7.57 0.74
7.22 0.76
6.93 0.77
6.59 0.77
6.30 0.74
6.18 0.65
5.88 0.56
5.64 0.39
5.35 0.24
5.06 0.12
4.77 0.04
4.44 -0.01
4.04 -0.02
3.60 -0.01
3.05 0.02
2.43 0.07
1.73 0.12
1.02 0.17
0.29 0.21
-0.42 0.22
-1.23 0.20
-2.04 0.11
-2.90 -0.01
-3.82 -0.12
-4.71 -0.14
-5.60 -0.11
-6.52 -0.04
-7.26 0.01
-7.88 0.07
-7.88 0.03
-8.38 0.06
-8.80 0.08
-9.19 0.14
-9.57 0.14
-9.92 0.11
-10.26 0.04
-10.60 -0.08
-10.95 -0.27
-11.37 -0.42
-11.90 -0.50
-12.53 -0.51
-13.28 -0.48
-14.09 -0.41
-14.92 -0.33
-15.77 -0.23
-16.61 -0.13
-17.39 -0.03
-18.11 0.06
-18.74 0.14
-19.34 0.21
-19.83 0.26
-20.26 0.30
-20.67 0.34
-21.06 0.38
-21.39 0.40
-21.70 0.42
-21.99 0.42
-22.25 0.42
-22.50 0.40
-22.71 0.36
-22.94 0.30
-23.22 0.22
-23.49 0.12
-23.83 0.02
-24.21 -0.06
-24.58 -0.13
-25.01 -0.16
-25.58 -0.14
-26.21 -0.10
-26.96 -0.02
-27.76 0.07
-28.55 0.17
-29.26 0.26
-30.00 0.35
-30.65 0.44
-31.18 0.50
-31.64 0.55
-32.00 0.59
-32.33 0.63
-32.65 0.66
-32.91 0.69
-33.14 0.70
-33.31 0.71
-33.43 0.71
-33.51 0.70
-33.55 0.68
-33.57 0.68
-33.57 0.65
-33.57 0.61
-33.57 0.57
-33.57 0.52
-33.57 0.45
-33.57 0.35
-33.57 0.23
-33.57 0.07
-33.57 -0.10
-33.58 -0.25
-33.66 -0.35
-33.81 -0.41
-34.06 -0.42
-34.27 -0.43
-34.49 -0.43
-34.69 -0.41
-34.89 -0.39
-35.10 -0.36
-35.32 -0.32
-35.53 -0.27
-35.75 -0.21
-35.91 -0.15
-36.07 -0.09
-36.21 -0.02
-36.31 0.07
-36.40 0.16
-36.47 0.25
-36.48 0.35
-36.47 0.44
-36.48 0.53
-36.47 0.59
-36.47 0.65
-36.47 0.68
-36.47 0.70
-36.45 0.71
-36.45 0.71
-36.45 0.70
-36.44 0.68
-36.44 0.65
-36.42 0.62
-36.42 0.57
-36.42 0.52
-36.40 0.45
-36.40 0.39
-36.39 0.33
-36.39 0.28
-36.39 0.22
-36.39 0.16
-36.39 0.11
-36.39 0.06
-36.39 0.01
-36.39 -0.03
-36.37 -0.07
-36.37 -0.09
-36.37 -0.11
-36.37 -0.12
-36.37 -0.12
-36.37 -0.12
-36.37 -0.10
-36.37 -0.09
-36.37 -0.06
-36.37 -0.03
-36.37 0.02
-36.37 0.06
-36.36 0.11
-36.36 0.17
-36.36 0.22
-36.36 0.26
-36.36 0.29
-36.36 0.32
-36.36 0.35
-36.36 0.36
-36.34 0.37
-36.34 0.38
-36.34 0.38
-36.33 0.37
-36.33 0.36
-36.33 0.36
-36.31 0.34
-36.31 0.33
-36.31 0.32
-36.31 0.30
-36.31 0.29
-36.31 0.27
-36.31 0.25
-36.30 0.22
-36.30 0.20
-36.30 0.17
-36.30 0.14
-36.30 0.11
-36.30 0.07
-36.30 0.04
-36.30 0.01
-36.30 -0.02
-36.30 -0.04
-36.30 -0.06
-36.30 -0.07
-36.30 -0.07
-36.30 -0.06
-36.30 -0.05
-36.30 -0.03
-36.30 -0.01
-36.30 0.03
-36.30 0.06
-36.30 0.09
-36.25 0.12
-36.19 0.14
-36.11 0.15
-36.05 0.15
-35.98 0.14
-35.93 0.13
-35.87 0.11
-35.82 0.09
-35.76 0.07
-35.71 0.04
-36.13 0.08
-36.05 0.05
-35.96 0.01
-35.85 -0.03
-35.73 -0.07
-35.62 -0.10
-35.56 -0.12
-35.53 -0.12
-35.52 -0.12
-35.50 -0.10
-35.45 -0.09
-35.39 -0.07
-35.30 -0.04
-35.19 -0.02
-35.07 0.02
-34.95 0.06
-34.78 0.09
-34.55 0.12
-34.26 0.13
-33.95 0.15
-33.63 0.15
-33.31 0.14
-33.02 0.13
-32.74 0.11
-32.48 0.08
-32.22 0.05
-31.96 0.02
-31.68 -0.02
-31.39 -0.07
-31.18 -0.09
-30.98 -0.11
-30.81 -0.11
-30.70 -0.10
-30.59 -0.08
-30.47 -0.07
-30.35 -0.05
-30.19 -0.03
-30.06 -0.02
-29.90 -0.01
-29.78 0.00
-29.67 0.01
-29.49 0.01
-29.26 -0.01
-28.97 -0.03
-28.69 -0.05
-28.45 -0.11
-28.23 -0.12
-28.03 -0.13
-27.83 -0.13
-27.62 -0.14
-27.37 -0.14
-27.14 -0.15
-26.91 -0.14
-26.70 -0.12
-26.51 -0.09
-26.35 -0.03
-26.18 0.07
-26.02 0.21
-25.81 0.37
-25.56 0.51
-25.30 0.61
-25.03 0.67
-24.75 0.70
-24.51 0.72
-24.28 0.71
-24.05 0.70
-23.83 0.68
-23.59 0.66
-23.31 0.61
-23.02 0.57
-22.71 0.51
-22.39 0.45
-22.08 0.39
-21.59 0.29
-21.27 0.21
-20.95 0.13
-20.63 0.03
-20.32 -0.08
-20.03 -0.18
-19.72 -0.28
-19.45 -0.37
-19.15 -0.45
-18.89 -0.51
-18.65 -0.54
-18.42 -0.56
-18.22 -0.56
-18.02 -0.54
-17.81 -0.52
-17.62 -0.49
-17.42 -0.46
-17.22 -0.44
-17.04 -0.41
-16.87 -0.39
-16.73 -0.36
-16.61 -0.34
-16.49 0.06
-16.38 -0.10
-16.24 -0.09
-16.06 -0.08
-15.89 -0.07
-15.72 -0.05
-15.55 -0.03
-15.40 0.00
-15.23 0.05
-15.03 0.09
-14.72 0.14
-14.39 0.20
-14.02 0.26
-13.68 0.33
-13.36 0.40
-13.01 0.44
-12.65 0.45
-12.30 0.44
-11.96 0.42
-11.61 0.39
-11.26 0.34
-10.92 0.29
-10.55 0.22
-10.15 0.15
-9.74 0.06
-9.34 -0.03
-8.96 -0.12
-8.53 -0.21
-8.19 -0.28
-7.87 -0.33
-7.87 -0.33
-7.56 -0.37
-7.23 -0.40
-6.83 -0.43
-6.41 -0.46
-5.91 -0.49
-5.42 -0.53
-4.91 -0.56
-4.42 -0.59
-3.96 -0.62
-3.47 -0.66
-3.04 -0.68
-2.56 -0.72
-2.13 -0.76
-1.72 -0.79
-1.26 -0.83
-0.82 -1.10
-0.33 -1.14
0.12 -1.17
0.53 -1.20
0.92 -1.22
1.22 -1.21
1.48 -1.18
1.70 -1.12
1.91 -1.00
2.14 -0.81
2.34 -0.56
2.57 -0.37
2.83 -0.25
3.08 -0.18
3.32 -1.16
3.58 -0.26
3.77 -0.22
3.92 -0.17
4.11 -0.09
4.29 0.01
4.50 0.20
4.75 0.44
5.07 0.65
5.41 0.75
5.75 0.80
6.15 0.80
6.15 0.84
6.53 0.87
6.97 0.79
7.37 0.75
7.86 0.69
8.35 0.62
8.95 0.54
9.52 0.45
10.15 0.35
10.76 0.25
11.36 0.15
11.93 0.05
12.48 -0.05
13.01 0.20
13.49 -0.45
13.93 -0.54
14.39 -0.63
14.81 -0.70
15.19 -0.77
15.51 -0.82
15.82 -0.87
16.08 -0.90
16.33 -0.93
16.56 -0.96
16.82 -0.98
17.08 -1.01
17.34 -1.03
17.60 -0.72
17.83 -0.74
18.06 -0.75
18.27 -0.76
18.50 -0.77
18.73 -0.77
18.96 -0.78
19.18 -0.78
19.41 -0.77
19.65 -0.76
19.90 -0.73
19.98 -0.66
20.27 -0.59
20.60 -0.49
20.97 -0.37
21.37 -0.23
21.85 -0.15
22.37 -0.11
22.98 -0.11
23.64 -0.14
24.38 -0.20
25.13 -0.35
25.94 -0.43
26.71 -0.50
27.49 -0.58
28.26 -0.65
28.96 -0.71
29.56 -0.74
30.06 -0.74
30.51 -0.72
30.92 -0.65
31.32 -0.54
31.71 -0.40
32.07 -0.25
32.44 -0.17
32.81 -0.12
33.18 -0.10
33.59 -0.11
33.99 -0.12
33.74 -0.06
34.16 -0.09
34.54 -0.11
34.94 -0.14
35.34 -0.16
35.80 -0.20
36.31 -0.24
36.84 -0.28
37.38 -0.33
37.93 -0.41
38.47 -0.48
38.94 -0.55
39.42 -0.64
39.89 -0.73
40.34 -0.81
40.77 -0.89
41.18 -0.96
41.55 -1.02
41.89 -1.07
42.16 -1.10
42.39 -1.12
42.61 -1.14
42.79 -1.16
42.94 -1.17
43.07 -1.18
43.17 -1.20
43.24 -1.21
43.28 -1.22
43.31 -1.22
43.31 -1.23
43.31 -1.23
43.31 -1.23
43.30 -1.23
43.30 -1.23
43.30 -1.23
43.30 -1.23
43.28 -1.22
43.28 -1.22
43.27 -1.22
43.24 -1.22
43.21 -1.21
43.17 -1.21
43.16 -1.21
43.13 -1.20
43.11 -1.20
43.08 -1.19
43.05 -1.19
43.01 -1.18
42.99 -1.18
42.96 -1.18
42.93 -1.17
42.91 -1.17
42.88 -1.16
42.85 -1.16
42.81 -1.15
42.76 -1.15
42.70 -1.14
42.65 -1.13
42.61 -1.12
42.55 -1.11
42.50 -1.11
42.45 -1.10
42.41 -1.09
42.38 -1.09
42.33 -1.08
42.29 -1.08
42.25 -1.07
42.21 -1.06
42.18 -1.06
42.15 -1.05
42.10 -1.05
42.06 -1.04
42.02 -1.04
41.98 -1.03
41.95 -1.03
41.92 -1.02
41.89 -1.02
41.86 -1.01
41.83 -1.01
41.78 -1.00
41.76 -1.00
41.73 -0.99
41.70 -0.99
41.67 -0.98
41.63 -0.98
41.60 -0.97
41.53 -0.96
41.49 -0.96
41.43 -0.95
41.38 -0.94
41.32 -0.93
41.26 -0.92
41.18 -0.91
41.10 -0.90
41.03 -0.89
40.94 -0.87
40.84 -0.86
40.74 -0.84
40.63 -0.83
40.52 -0.81
40.40 -0.79
40.23 -0.77
40.06 -0.74
39.86 -0.71
39.66 -0.68
39.40 -0.64
39.11 -0.60
38.80 -0.55
38.48 -0.51
38.16 -0.46
37.84 -0.41
37.53 -0.36
37.24 -0.32
36.93 -0.27
36.64 -0.23
36.32 -0.18
36.01 -0.14
35.71 -0.09
35.45 -0.05
35.16 -0.01
34.86 0.03
34.57 0.08
34.30 0.12
34.02 0.15
33.78 0.18
33.55 0.21
34.19 0.10
33.99 0.12
33.81 0.13
33.59 0.15
33.38 0.17
33.16 0.20
32.95 0.22
32.73 0.24
32.52 0.26
32.27 0.29
32.01 0.31
31.74 0.34
31.48 0.37
31.20 0.39
30.92 0.41
30.63 0.43
30.34 0.45
30.05 0.53
29.74 0.54
29.41 0.55
29.07 0.53
28.75 0.49
28.45 0.39
28.18 0.22
27.90 0.01
27.63 -0.16
27.34 -0.26
26.95 -0.31
26.40 -0.30
25.76 -0.26
25.04 -0.21
24.44 -0.17
23.89 -0.17
23.39 -0.17
22.84 -0.16
22.31 -0.18
21.78 -0.23
21.29 -0.31
20.85 -0.43
20.44 -0.52
19.88 -0.57
19.50 -0.61
19.07 -0.62
18.64 -0.62
18.23 -0.60
17.83 -0.57
17.45 -0.54
17.06 -0.50
16.69 -0.46
16.31 -0.41
15.91 -0.35
15.47 -0.28
14.95 -0.20
14.36 -0.11
13.77 -0.02
13.17 0.08
12.55 0.18
11.94 0.28
11.36 0.37
10.81 0.45
10.25 0.53
9.75 0.59
9.29 0.65
8.83 0.71
8.41 0.75
8.00 0.80
7.65 0.83
7.31 0.86
6.94 0.89
6.62 0.91
6.27 0.92
5.98 1.00
6.16 0.92
5.88 0.90
5.64 0.84
5.41 0.72
5.16 0.53
4.93 0.28
4.67 0.09
4.41 -0.00
4.12 -0.07
3.78 -0.09
3.34 -0.09
2.91 -0.09
2.45 -0.05
1.93 -0.06
1.33 -0.08
0.70 -0.13
0.04 -0.23
-0.72 -0.33
-1.58 -0.40
-2.61 -0.39
-3.76 -0.31
-4.74 -0.23
-5.68 -0.15
-6.57 -0.05
-7.24 0.02
-7.82 0.08
-7.82 0.06
-8.28 0.11
-8.73 0.15
-9.10 0.18
-9.45 0.20
-9.80 0.26
-10.11 0.27
-10.43 0.28
-10.77 0.28
-11.10 0.27
-11.46 0.24
-11.87 0.19
-12.33 0.10
-12.79 -0.04
-13.22 -0.15
-13.74 -0.22
-14.34 -0.23
-14.98 -0.20
-15.72 -0.15
-16.46 -0.08
-17.18 -0.00
-17.90 0.08
-18.56 0.16
-19.12 0.23
-19.60 0.28
-19.98 0.31
-20.38 0.35
-20.76 0.38
-21.16 0.41
-21.53 0.43
-21.70 0.46
-22.04 0.47
-22.36 0.47
-22.68 0.45
-22.99 0.41
-23.28 0.35
-23.65 0.26
-24.00 0.13
-24.37 0.02
-24.69 -0.09
-25.00 -0.16
-25.27 -0.21
-25.58 -0.22
-25.93 -0.21
-26.62 -0.14
-27.04 -0.10
-27.79 -0.01
-28.46 0.08
-29.23 0.19
-29.95 0.29
-30.59 0.38
-31.15 0.46
-31.61 0.52
-31.93 0.56
-32.22 0.59
-32.46 0.62
-32.69 0.64
-32.88 0.65
-33.03 0.66
-33.15 0.66
-33.23 0.65
-33.28 0.63
-33.29 0.61
-33.28 0.58
-33.29 0.55
-33.29 0.52
-33.29 0.48
-33.29 0.42
-33.29 0.34
-33.29 0.24
-33.29 0.13
-33.29 -0.03
-33.28 -0.17
-33.34 -0.28
-33.43 -0.36
-33.55 -0.41
-33.64 -0.44
-33.72 -0.46
-33.80 -0.47
-33.86 -0.46
-33.92 -0.45
-33.98 -0.43
-34.04 -0.40
-34.09 -0.36
-34.12 -0.31
-34.12 -0.26
-34.12 -0.19
-34.12 -0.10
-34.14 0.01
-34.12 0.13
-34.10 0.25
-34.06 0.33
-33.98 0.39
-33.91 0.44
-33.81 0.47
-33.72 0.49
-33.63 0.49
-33.55 0.49
-33.49 0.49
-33.46 0.48
-33.41 0.46
-33.40 0.44
-33.37 0.42
-33.35 0.39
-33.32 0.35
-33.31 0.30
-33.28 0.25
-33.26 0.20
-33.25 0.14
-33.23 0.07
-33.20 -0.01
-33.20 -0.08
-33.22 -0.11
-33.22 -0.14
-33.22 -0.15
-33.22 -0.14
-33.22 -0.11
-33.23 -0.06
-33.23 0.00
-33.23 0.08
-33.20 0.13
-33.15 0.18
-33.09 0.21
-33.00 0.24
-32.94 0.25
-32.86 0.26
-32.82 0.27
-32.79 0.27
-32.74 0.26
-32.71 0.25
-32.68 0.24
-32.63 0.21
-32.56 0.19
-32.48 0.16
-32.39 0.12
-32.26 0.08
-32.13 0.04
-31.99 -0.01
-31.84 -0.05
-31.74 -0.07
-31.68 -0.08
-31.68 -0.07
-31.68 -0.05
-31.67 -0.02
-31.61 0.00
-31.50 0.02
-31.27 0.02
-30.98 0.00
-30.61 -0.03
-30.23 -0.07
-29.89 -0.10
-29.63 -0.12
-29.43 -0.13
-29.26 -0.13
-29.11 -0.13
-28.92 -0.14
-28.74 -0.15
-28.49 -0.16
-28.20 -0.18
-27.88 -0.21
-27.53 -0.23
-27.17 -0.29
-26.84 -0.31
-26.53 -0.32
-26.25 -0.33
-25.99 -0.34
-25.76 -0.34
-25.53 -0.32
-25.32 -0.28
-25.12 -0.22
-24.90 -0.11
-24.69 0.06
-24.48 0.25
-24.21 0.42
-23.91 0.51
-23.60 0.58
-23.28 0.60
-22.96 0.60
-22.64 0.60
-22.28 0.56
-21.95 0.53
-21.61 0.51
-21.61 0.52
-21.30 0.49
-20.95 0.44
-20.61 0.39
-20.26 0.34
-19.89 0.28
-19.46 0.20
-19.02 0.13
-18.51 0.04
-17.99 -0.05
-17.47 -0.14
-16.96 -0.23
-16.53 -0.30
-16.12 -0.37
-15.75 -0.43
-15.38 -0.48
-15.05 -0.52
-14.69 -0.56
-14.34 -0.60
-14.02 -0.63
-13.73 -0.66
-13.47 -0.68
-13.24 -0.69
-13.02 -0.69
-12.84 -0.69
-12.67 -0.69
-12.52 -0.67
-12.38 -0.63
-12.25 -0.58
-12.13 -0.51
-12.04 -0.40
-11.96 -0.24
-11.89 -0.04
-11.81 0.14
-11.75 0.26
-11.64 0.35
-11.50 0.39
-11.32 0.41
-11.14 0.42
-10.92 0.42
-10.69 0.38
-10.45 0.37
-10.17 0.34
-9.85 0.31
-9.57 0.27
-9.25 0.23
-8.91 0.18
-8.56 0.13
-8.21 0.07
-7.82 0.01
-7.79 0.00
-7.39 -0.06
-6.92 -0.14
-6.43 -0.23
-6.01 -0.29
-5.57 -0.36
-5.20 -0.42
-4.86 -0.47
-4.51 -0.51
-4.19 -0.56
-3.87 -0.60
-3.55 -0.64
-3.22 -0.68
-2.87 -0.72
-2.55 -0.75
-2.23 -0.79
-1.92 -0.82
-1.64 -0.84
-1.37 -0.87
-1.09 -0.88
-0.80 -0.89
-0.51 -0.89
-0.22 -0.88
0.10 -0.86
0.43 -0.82
0.75 -0.73
1.09 -0.61
1.39 -0.47
1.68 -0.33
1.99 -0.23
2.30 -0.17
2.59 -0.13
2.89 -0.11
3.19 -0.16
3.46 -0.14
3.72 -0.13
4.00 -0.12
4.23 -0.09
4.46 -0.05
4.70 0.00
4.95 0.09
5.21 0.21
5.52 0.37
5.87 0.51
6.21 0.59
6.21 0.68
6.59 0.69
6.94 0.68
7.31 0.65
7.72 0.60
8.17 0.54
8.72 0.45
9.27 0.36
9.89 0.24
10.51 0.11
11.24 -0.04
11.93 -0.20
12.55 -0.35
13.18 -0.51
13.78 -0.66
14.33 -0.80
14.79 -0.91
15.22 -1.00
15.61 -1.06
15.90 -1.09
16.16 -1.10
16.39 -1.09
16.59 -1.06
16.77 -1.03
17.00 -1.01
17.22 -0.97
17.48 -0.95
17.72 -0.94
17.95 -0.93
18.17 -0.92
18.38 -0.92
18.61 -0.92
18.84 -0.93
19.07 -0.93
19.29 -0.93
19.52 -0.93
19.73 -0.92
19.96 -0.91
20.05 -0.87
20.33 -0.83
20.62 -0.76
20.96 -0.66
21.31 -0.49
21.65 -0.31
22.03 -0.17
22.46 -0.10
22.92 -0.07
23.41 -0.08
23.93 -0.21
24.48 -0.23
25.04 -0.26
25.60 -0.30
26.12 -0.32
26.58 -0.32
27.09 -0.30
27.61 -0.25
28.15 -0.16
28.73 -0.04
29.28 0.11
29.79 0.18
30.26 0.21
30.74 0.20
31.17 0.18
31.61 0.15
32.03 0.11
32.40 0.07
32.73 0.04
33.10 -0.01
33.47 -0.06
33.81 0.05
31.54 0.40
26.29 1.19
26.61 1.14
26.97 1.07
27.38 0.98
27.80 0.90
28.22 0.82
28.70 0.71
29.21 0.59
29.70 0.46
30.20 0.29
30.71 0.09
31.18 -0.17
31.66 -0.47
32.10 -0.73
32.44 -0.91
32.72 -1.04
32.93 -1.14
33.13 -1.22
33.25 -1.28
33.36 -1.32
33.44 -1.35
33.50 -1.38
33.55 -1.40
33.56 -1.41
33.56 -1.42
33.56 -1.42
33.56 -1.42
33.55 -1.41
33.53 -1.40
33.48 -1.38
33.44 -1.36
33.38 -1.34
33.32 -1.31
33.25 -1.28
33.19 -1.24
33.15 -1.20
33.10 -1.15
33.07 -1.09
33.04 -1.02
32.99 -0.92
32.96 -0.79
32.95 -0.64
32.95 -0.47
32.95 -0.31
32.96 -0.20
33.01 -0.10
33.07 -0.04
33.15 0.01
33.22 0.04
33.33 0.06
33.47 0.06
33.64 0.01
33.79 0.01
33.91 0.00
34.01 -0.00
34.11 -0.01
34.19 -0.02
34.22 -0.02
34.22 -0.02
34.22 -0.02
34.22 -0.02
34.22 -0.02
34.22 -0.02
34.22 -0.02
34.22 -0.02
34.22 -0.02
34.22 -0.02
34.22 -0.02
34.20 -0.02
34.19 -0.02
34.16 -0.01
34.11 -0.00
34.07 0.00
34.01 0.01
33.96 0.02
33.94 0.02
33.94 0.01
33.93 0.00
33.91 -0.00
33.88 -0.01
33.81 -0.01
33.70 0.06
33.56 0.08
33.47 0.08
33.41 0.08
33.36 0.07
33.33 0.06
33.30 0.05
33.25 0.04
33.21 0.02
33.15 -0.01
33.10 -0.04
33.04 -0.09
32.93 -0.13
32.79 -0.18
32.66 -0.22
32.50 -0.27
32.32 -0.33
32.12 -0.37
31.90 -0.40
31.67 -0.41
31.43 -0.40
31.17 -0.39
30.91 -0.36
30.66 -0.33
30.42 -0.29
30.19 -0.25
29.96 -0.20
29.73 -0.15
29.50 -0.10
29.30 -0.05
29.10 0.00
28.91 0.05
28.76 0.09
28.65 0.10
28.59 0.10
28.55 0.09
28.50 0.07
28.44 0.05
28.39 0.01
28.33 -0.03
28.29 -0.08
28.22 -0.13
28.13 -0.16
28.03 -0.19
27.90 -0.20
27.78 -0.22
27.64 -0.22
27.49 -0.22
27.32 -0.21
27.14 -0.19
26.94 -0.17
26.72 -0.15
26.54 -0.12
26.37 -0.10
26.20 -0.07
26.03 -0.04
34.13 -1.25
33.97 -1.23
33.81 -1.19
33.59 -1.14
33.33 -1.08
33.05 -1.01
32.76 -0.93
32.47 -0.84
32.17 -0.74
31.83 -0.63
31.49 -0.52
31.12 -0.39
30.75 -0.25
30.37 -0.11
29.96 0.05
29.51 0.19
29.13 0.30
28.85 0.38
28.58 0.44
28.35 0.47
28.15 0.49
27.93 0.49
27.69 0.48
27.41 0.46
27.11 0.40
26.80 0.33
26.48 0.27
26.15 0.19
25.80 0.14
25.45 0.11
25.07 0.09
24.71 0.08
24.30 0.08
23.89 0.09
23.49 0.10
23.07 0.11
22.60 0.02
22.14 0.01
21.69 -0.03
21.31 -0.13
20.91 -0.30
20.47 -0.50
19.88 -0.63
19.41 -0.70
18.93 -0.72
18.47 -0.72
18.01 -0.70
17.57 -0.67
17.12 -0.63
16.69 -0.60
16.25 -0.56
15.77 -0.51
15.21 -0.45
14.62 -0.28
14.01 -0.20
13.34 -0.12
12.68 -0.03
11.99 0.07
11.30 0.17
10.64 0.26
10.10 0.33
9.61 0.39
9.23 0.43
8.89 0.46
8.61 0.47
8.35 0.47
8.12 0.44
7.94 0.39
7.77 0.31
7.62 0.19
7.51 0.03
7.39 -0.10
7.28 -0.23
7.16 -0.30
7.02 -0.35
6.87 -0.39
6.68 -0.41
6.50 -0.41
6.31 -0.41
6.11 -0.41
5.90 -0.39
6.10 -0.44
5.82 -0.41
5.52 -0.38
5.19 -0.34
4.84 -0.30
4.46 -0.25
4.01 -0.19
3.54 -0.12
3.05 -0.05
2.51 0.04
1.90 0.13
1.30 0.22
0.81 0.29
0.27 0.37
-0.26 0.44
-0.74 0.51
-1.25 0.57
-1.87 0.65
-2.55 0.73
-3.21 0.82
-3.85 0.89
-4.34 0.93
-4.77 0.95
-5.19 0.95
-5.54 0.92
-5.86 0.87
-6.18 0.75
-6.50 0.59
-6.80 0.43
-7.07 0.29
-7.35 0.22
-7.62 0.16
-7.88 0.13
-7.88 0.08
-8.16 0.07
-8.45 0.07
-8.73 0.11
-9.02 0.09
-9.31 0.05
-9.57 -0.04
-9.82 -0.20
-10.06 -0.42
-10.37 -0.62
-10.69 -0.73
-11.03 -0.78
-11.43 -0.79
-11.89 -0.78
-12.44 -0.73
-13.05 -0.67
-13.70 -0.60
-14.37 -0.52
-15.05 -0.44
-15.75 -0.34
-16.47 -0.25
-17.19 -0.15
-17.90 -0.04
-18.54 0.06
-19.12 0.15
-19.63 0.23
-20.01 0.28
-20.34 0.33
-20.64 0.37
-20.95 0.41
-21.22 0.45
-21.47 0.47
-21.68 0.50
-21.78 0.50
-21.95 0.50
-22.07 0.51
-22.21 0.51
-22.31 0.50
-22.44 0.50
-22.54 0.48
-22.67 0.46
-22.77 0.43
-22.91 0.39
-23.02 0.33
-23.14 0.26
-23.26 0.16
-23.40 0.04
-23.56 -0.07
-23.72 -0.16
-23.92 -0.22
-24.20 -0.26
-24.46 -0.27
-24.77 -0.26
-25.09 -0.24
-25.41 -0.21
-25.73 -0.17
-26.09 -0.12
-26.42 -0.06
-26.76 -0.00
-27.08 0.06
-27.36 0.12
-27.59 0.16
-27.68 0.19
-27.74 0.20
-27.73 0.20
-27.74 0.19
-27.73 0.18
-27.77 0.18
-27.82 0.17
-27.89 0.17
-27.97 0.16
-28.05 0.16
-28.11 0.15
-28.16 0.14
-28.20 0.13
-28.25 0.12
-28.29 0.12
-28.35 0.11
-28.46 0.11
-28.57 0.12
-28.72 0.13
-28.89 0.15
-29.03 0.16
-29.20 0.18
-29.32 0.19
-29.46 0.20
-29.57 0.21
-29.66 0.22
-29.75 0.23
-29.83 0.23
-29.90 0.24
-29.98 0.24
-30.04 0.24
-30.07 0.23
-30.10 0.22
-30.12 0.21
-30.12 0.20
-30.12 0.18
-30.12 0.17
-30.12 0.15
-30.12 0.12
-30.13 0.11
-30.13 0.09
-30.13 0.08
-30.13 0.06
-30.13 0.05
-30.13 0.03
-30.13 0.02
-30.13 0.00
-30.13 -0.02
-30.13 -0.04
-30.21 -0.04
-30.29 -0.05
-30.39 -0.04
-30.52 -0.03
-30.61 -0.02
-30.69 0.00
-30.70 0.01
-30.67 0.01
-30.65 0.01
-30.62 0.01
-30.62 0.00
-30.61 -0.00
-30.61 -0.00
-30.65 0.00
-30.67 0.01
-30.65 0.00
-30.69 0.01
-30.67 0.00
-30.65 -0.00
-30.65 -0.00
-30.69 0.00
-30.70 0.01
-30.67 0.00
-30.69 0.00
-30.67 0.00
-30.67 -0.00
-30.67 -0.00
-30.70 0.00
-30.70 0.01
-30.69 0.00
-30.69 0.00
-30.65 -0.00
-30.65 -0.00
-30.69 0.00
-30.67 0.00
-30.65 0.00
-30.64 -0.00
-30.59 -0.01
-30.61 -0.01
-30.59 -0.00
-30.59 0.00
-30.61 0.01
-30.58 0.01
-30.55 0.01
-30.52 -0.00
-30.47 -0.01
-30.50 -0.00
-30.49 -0.00
-30.52 0.00
-30.52 0.01
-30.49 0.00
-30.47 -0.00
-30.46 -0.01
-30.47 -0.00
-30.47 -0.00
-30.47 0.00
-30.47 0.00
-30.44 0.00
-30.44 -0.00
-30.41 -0.01
-30.42 -0.01
-30.41 -0.01
-30.41 -0.00
-30.44 0.00
-30.42 0.01
-30.38 -0.00
-30.33 -0.01
-30.30 -0.01
-30.26 -0.02
-30.24 -0.02
-30.26 -0.01
-30.27 -0.00
-30.26 -0.00
-30.26 0.00
-30.24 0.01
-30.12 -0.01
-29.96 -0.03
-29.80 -0.06
-29.58 -0.09
-29.46 -0.10
-29.35 -0.11
-29.24 -0.13
-29.14 -0.13
-29.01 -0.14
-28.85 -0.16
-28.65 -0.18
-28.43 -0.19
-28.19 -0.21
-27.94 -0.23
-27.68 -0.24
-27.45 -0.25
-27.24 -0.26
-27.05 -0.26
-26.88 -0.26
-26.73 -0.25
-26.58 -0.24
-26.45 -0.21
-26.32 -0.17
-26.18 -0.12
-26.04 -0.04
-25.90 0.08
-25.73 0.25
-25.50 0.43
-25.24 0.56
-24.95 0.64
-24.58 0.68
-24.25 0.70
-23.91 0.69
-23.60 0.67
-23.33 0.66
-23.08 0.64
-22.83 0.62
-22.57 0.59
-22.34 0.56
-22.10 0.52
-21.88 0.48
-21.82 0.47
-21.62 0.43
-21.42 0.39
-21.22 0.35
-21.03 0.30
-20.84 0.26
-20.66 0.21
-20.49 0.17
-20.29 0.11
-20.09 0.05
-19.86 -0.02
-19.61 -0.10
-19.35 -0.17
-19.14 -0.24
-18.94 -0.30
-18.79 -0.34
-18.68 -0.36
-18.57 -0.37
-18.50 -0.37
-18.40 -0.36
-18.31 -0.34
-18.19 -0.33
-18.05 -0.31
-17.88 -0.30
-17.71 -0.29
-17.51 -0.28
-17.31 -0.28
-17.08 -0.28
-16.84 -0.28
-16.59 -0.30
-16.33 -0.30
-16.07 -0.31
-15.80 -0.31
-15.49 -0.32
-15.17 -0.33
-14.80 -0.33
-14.43 -0.33
-14.03 -0.31
-13.65 -0.25
-13.28 -0.15
-12.93 0.00
-12.61 0.17
-12.30 0.28
-11.98 0.35
-11.67 0.38
-11.35 0.39
-11.03 0.38
-10.69 0.36
-10.32 0.33
-9.95 0.26
-9.62 0.23
-9.30 0.20
-8.99 0.16
-8.67 0.12
-8.39 0.08
-8.10 0.04
-7.78 -0.01
-7.67 -0.03
-7.33 -0.08
-6.96 -0.13
-6.60 -0.19
-6.24 -0.24
-5.86 -0.29
-5.51 -0.34
-5.16 -0.39
-4.76 -0.44
-4.40 -0.49
-4.01 -0.54
-3.62 -0.59
-3.24 -0.64
-2.81 -0.70
-2.43 -0.74
-2.04 -0.79
-1.64 -0.83
-1.28 -0.87
-0.86 -0.90
-0.45 -0.94
-0.02 -0.96
0.46 -0.98
0.92 -0.98
1.32 -0.95
1.70 -0.88
2.02 -0.77
2.31 -0.62
2.57 -0.47
2.83 -0.38
3.09 -0.30
3.37 -0.26
3.63 -0.23
3.86 -0.27
4.09 -0.25
4.32 -0.23
4.54 -0.21
4.77 -0.18
5.00 -0.14
5.23 -0.07
5.46 0.03
5.70 0.19
5.95 0.39
6.21 0.53
6.21 0.66
6.53 0.70
6.84 0.71
7.13 0.71
7.45 0.68
7.75 0.66
8.09 0.61
8.46 0.56
8.86 0.50
9.27 0.44
9.70 0.37
10.16 0.29
10.62 0.21
11.13 0.11
11.62 0.01
12.09 -0.09
12.54 -0.20
13.00 -0.32
13.40 -0.43
13.78 -0.54
14.10 -0.63
14.36 -0.71
14.64 -0.78
14.88 -0.83
15.10 -0.87
15.31 -0.89
15.51 -0.90
15.71 -0.90
15.88 -0.89
16.07 -0.88
16.23 -0.86
16.39 -0.83
16.56 -0.82
16.72 -0.80
16.89 -0.79
17.09 -0.78
17.28 -0.78
17.46 -0.78
17.66 -0.78
17.86 -0.78
18.03 -0.78
18.20 -0.77
18.35 -0.76
18.50 -0.76
18.66 -0.75
18.81 -0.73
18.96 -0.70
19.12 -0.66
19.29 -0.59
19.44 -0.49
19.61 -0.35
19.78 -0.18
19.98 -0.02
20.04 0.13
20.27 0.22
20.57 0.25
21.02 0.24
21.54 0.20
22.12 0.15
22.75 0.06
23.38 -0.01
23.98 -0.09
24.45 -0.15
24.82 -0.19
25.14 -0.22
25.37 -0.24
25.63 -0.27
25.91 -0.30
26.17 -0.33
26.49 -0.37
26.88 -0.42
27.34 -0.48
27.81 -0.54
28.29 -0.61
28.73 -0.66
29.18 -0.72
29.56 -0.77
29.85 -0.81
30.10 -0.83
30.29 -0.84
30.43 -0.84
30.60 -0.84
30.74 -0.83
30.88 -0.82
31.02 -0.80
31.15 -0.77
31.31 -0.73
31.44 -0.68
31.55 -0.61
31.67 -0.53
31.77 -0.43
31.86 -0.32
31.95 -0.22
32.04 -0.15
32.13 -0.08
32.24 -0.03
32.33 0.01
32.46 0.03
32.58 0.04
32.76 0.03
32.96 0.01
33.19 -0.02
33.42 -0.06
33.65 -0.10
33.82 -0.13
33.94 -0.15
34.07 -0.17
34.16 -0.19
34.40 -0.24
34.50 -0.26
34.60 -0.28
34.71 -0.30
34.83 -0.33
34.96 -0.36
35.08 -0.38
35.20 -0.41
35.32 -0.43
35.43 -0.45
35.54 -0.47
35.66 -0.49
35.77 -0.50
35.86 -0.52
35.98 -0.53
36.11 -0.55
36.21 -0.57
36.34 -0.58
36.46 -0.60
36.58 -0.62
36.69 -0.63
36.78 -0.65
36.86 -0.66
36.92 -0.67
36.96 -0.67
37.00 -0.67
37.01 -0.68
37.01 -0.68
37.03 -0.68
37.04 -0.68
37.06 -0.68
37.07 -0.68
37.07 -0.68
37.09 -0.69
37.10 -0.69
37.10 -0.69
37.10 -0.69
37.10 -0.69
37.12 -0.69
37.12 -0.69
37.13 -0.69
37.13 -0.69
37.13 -0.69
37.15 -0.70
37.15 -0.70
37.16 -0.70
37.18 -0.70
37.21 -0.70
37.23 -0.71
37.26 -0.71
37.29 -0.71
37.33 -0.72
37.39 -0.73
37.44 -0.74
37.50 -0.75
37.58 -0.76
37.67 -0.77
37.75 -0.78
37.82 -0.79
37.92 -0.81
37.99 -0.82
38.07 -0.83
38.16 -0.84
38.24 -0.85
38.33 -0.87
38.39 -0.87
38.47 -0.88
38.51 -0.89
38.56 -0.90
38.59 -0.90
38.61 -0.90
38.61 -0.90
38.61 -0.90
38.61 -0.89
38.61 -0.89
38.59 -0.89
38.61 -0.89
38.59 -0.89
38.59 -0.88
38.59 -0.88
38.56 -0.88
38.54 -0.88
38.53 -0.87
38.50 -0.87
38.45 -0.86
38.41 -0.85
38.36 -0.85
38.30 -0.84
38.24 -0.83
38.18 -0.82
38.10 -0.81
38.01 -0.79
37.90 -0.78
37.79 -0.76
37.67 -0.74
37.53 -0.72
37.38 -0.70
37.24 -0.68
37.09 -0.66
36.93 -0.63
36.78 -0.61
36.63 -0.59
36.47 -0.56
36.31 -0.54
36.15 -0.52
35.97 -0.49
35.77 -0.46
35.54 -0.42
35.34 -0.40
35.09 -0.36
34.86 -0.32
34.66 -0.30
34.47 -0.27
34.24 -0.23
34.07 -0.21
33.90 -0.19
33.76 -0.17
33.61 -0.15
33.45 -0.13
33.30 -0.11
33.13 -0.09
32.96 -0.07
32.78 -0.04
32.59 -0.02
32.38 0.00
32.15 0.03
31.92 0.05
31.72 0.06
31.54 0.06
31.37 0.04
31.21 0.01
31.05 -0.03
30.86 -0.08
30.60 -0.13
30.25 -0.17
29.83 -0.19
29.33 -0.18
28.76 -0.15
28.18 -0.12
27.60 -0.08
27.03 -0.03
26.45 0.02
25.80 0.08
25.16 0.13
24.59 0.18
24.04 0.22
23.61 0.24
23.20 0.26
22.75 0.29
22.32 0.31
21.92 0.34
21.49 0.36
21.08 0.38
20.70 0.39
20.36 0.35
19.96 0.34
19.59 0.29
19.24 0.19
18.87 0.02
18.56 -0.22
18.26 -0.41
17.94 -0.51
17.58 -0.56
17.18 -0.57
16.79 -0.56
16.39 -0.54
15.91 -0.51
15.38 -0.39
14.76 -0.43
14.13 -0.38
13.49 -0.33
12.85 -0.28
12.22 -0.25
11.51 -0.22
10.78 -0.18
10.09 -0.16
9.43 -0.14
8.83 -0.14
8.29 -0.13
7.79 -0.11
7.33 -0.09
6.90 -0.05
6.45 -0.01
6.04 0.03
6.01 0.01
5.62 0.04
5.29 0.07
5.00 0.07
4.70 0.07
4.43 0.08
4.11 0.08
3.72 0.09
3.31 0.11
2.86 0.13
2.36 0.17
1.78 0.22
1.16 0.28
0.53 0.34
-0.16 0.41
-0.85 0.48
-1.51 0.55
-2.32 0.63
-3.12 0.70
-3.84 0.88
-4.54 0.92
-5.17 0.93
-5.71 0.87
-6.18 0.74
-6.61 0.54
-6.96 0.35
-7.30 0.23
-7.62 0.16
-7.93 0.13
-7.93 0.07
-8.28 0.07
-8.62 0.05
-8.94 0.10
-9.25 0.06
-9.54 -0.05
-9.80 -0.25
-10.02 -0.51
-10.28 -0.73
-10.55 -0.82
-10.81 -0.88
-11.14 -0.90
-11.49 -0.90
-11.90 -0.88
-12.38 -0.84
-12.87 -0.80
-13.39 -0.75
-13.91 -0.73
-14.42 -0.67
-14.91 -0.61
-15.40 -0.53
-15.92 -0.45
-16.46 -0.36
-16.99 -0.27
-17.50 -0.18
-17.97 -0.11
-18.40 -0.03
-18.79 0.05
-19.11 0.13
-19.40 0.19
-19.60 0.24
-19.77 0.28
-19.89 0.31
-20.00 0.33
-20.09 0.34
-20.17 0.35
-20.26 0.35
-20.35 0.36
-20.46 0.36
-20.58 0.36
-20.70 0.36
-20.86 0.36
-21.01 0.36
-21.16 0.36
-21.33 0.39
-21.47 0.38
-21.62 0.37
-21.75 0.34
-21.95 0.32
-22.07 0.27
-22.19 0.19
-22.34 0.10
-22.47 -0.02
-22.60 -0.14
-22.74 -0.23
-22.94 -0.31
-23.16 -0.35
-23.42 -0.37
-23.75 -0.36
-24.12 -0.33
-24.52 -0.29
-25.01 -0.23
-25.49 -0.16
-25.98 -0.08
-26.51 0.01
-27.04 0.10
-27.51 0.18
-27.88 0.24
-28.14 0.27
-28.22 0.28
-28.26 0.28
-28.26 0.26
-28.26 0.25
-28.25 0.22
-28.25 0.21
-28.25 0.19
-28.25 0.17
-28.23 0.14
-28.25 0.13
-28.26 0.11
-28.29 0.10
-28.35 0.09
-28.43 0.09
-28.54 0.09
-28.68 0.10
-28.85 0.12
-29.03 0.14
-29.23 0.16
-29.44 0.18
-29.67 0.21
-29.90 0.23
-30.10 0.25
-30.27 0.27
-30.38 0.27
-30.44 0.27
-30.46 0.25
-30.47 0.24
-30.47 0.23
-30.47 0.21
-30.49 0.28
-30.49 0.43
-30.49 0.41
-30.47 0.39
-30.46 0.36
-30.41 0.34
-30.35 0.30
-30.29 0.26
-30.23 0.21
-30.16 0.15
-30.12 0.09
-30.09 0.01
-30.06 -0.08
-30.04 -0.16
-30.10 -0.23
-30.16 -0.29
-30.29 -0.31
-30.42 -0.30
-30.56 -0.27
-30.70 -0.22
-30.82 -0.15
-30.93 -0.06
-30.99 0.02
-31.02 0.10
-30.98 0.15
-30.92 0.19
-30.81 0.22
-30.70 0.23
-30.59 0.24
-30.47 0.24
-30.38 0.23
-30.27 0.22
-30.21 0.21
-30.15 0.19
-30.12 0.17
-30.10 0.16
-30.10 0.14
-30.10 0.12
-30.10 0.09
-30.10 0.06
-30.10 0.03
-30.10 0.00
-30.10 -0.03
-30.10 -0.05
-30.18 -0.06
-30.27 -0.05
-30.42 -0.02
-30.61 0.02
-30.78 0.07
-30.82 0.09
-30.85 0.12
-30.79 0.12
-30.70 0.11
-30.65 0.11
-30.56 0.09
-30.53 0.08
-30.49 0.07
-30.49 0.07
-30.49 0.06
-30.49 0.06
-30.49 0.05
-30.47 0.04
-30.49 0.04
-30.47 0.03
-30.49 0.03
-30.47 0.02
-30.47 0.02
-30.47 0.02
-30.47 0.01
-30.47 0.01
-30.47 0.01
-30.47 0.01
-30.47 0.01
-30.47 0.01
-30.47 0.01
-30.49 0.02
-30.47 0.01
-30.49 0.02
-30.49 0.02
-30.49 0.02
-30.49 0.02
-30.49 0.02
-30.49 0.02
-30.49 0.02
-30.49 0.02
-30.49 0.02
-30.49 0.02
-30.49 0.02
-30.49 0.02
-30.49 0.02
-30.49 0.02
-30.49 0.02
-30.49 0.02
-30.49 0.02
-30.49 0.02
-30.49 0.02
-30.49 0.02
-30.49 0.02
-30.49 0.02
-30.49 0.02
-30.49 0.02
-30.49 0.02
-30.49 0.02
-30.49 0.02
-30.49 0.02
-30.50 0.02
-30.50 0.02
-30.50 0.02
-30.50 0.02
-30.50 0.02
-30.49 0.02
-30.47 0.01
-30.44 0.01
-30.41 0.01
-30.36 -0.00
-30.30 -0.01
-30.32 0.00
-30.30 0.01
-30.29 0.02
-30.27 0.03
-30.19 0.02
-30.10 0.01
-29.98 -0.01
-29.86 -0.02
-29.78 -0.03
-29.70 -0.03
-29.69 -0.01
-29.69 0.01
-29.67 0.03
-29.61 0.04
-29.47 0.04
-29.27 0.02
-28.97 -0.02
-28.63 -0.07
-28.26 -0.12
-27.89 -0.16
-27.53 -0.21
-27.22 -0.24
-26.93 -0.27
-26.70 -0.29
-26.48 -0.31
-26.30 -0.32
-26.12 -0.33
-25.96 -0.33
-25.82 -0.33
-25.67 -0.33
-25.52 -0.33
-25.38 -0.57
-25.23 -0.56
-25.07 -0.56
-24.92 -0.55
-24.77 -0.54
-24.61 -0.52
-24.46 -0.50
-24.31 -0.45
-24.18 -0.38
-24.05 -0.27
-23.91 -0.09
-23.79 0.16
-23.65 0.36
-23.48 0.49
-23.26 0.57
-23.02 0.60
-22.70 0.62
-22.33 0.59
-21.95 0.57
-21.45 0.53
-21.06 0.50
-20.66 0.46
-20.26 0.41
-19.84 0.36
-19.40 0.30
-18.92 0.23
-18.43 0.16
-17.93 0.08
-17.44 -0.00
-16.90 -0.09
-16.43 -0.17
-16.03 -0.23
-15.69 -0.28
-15.46 -0.32
-15.29 -0.34
-15.14 -0.36
-15.01 -0.37
-14.89 -0.39
-14.78 -0.39
-14.68 -0.40
-14.60 -0.40
-14.54 -0.39
-14.48 -0.38
-14.43 -0.35
-14.40 -0.32
-14.39 -0.27
-14.36 -0.23
-14.34 -0.15
-14.31 -0.07
-14.29 0.05
-14.25 0.17
-14.17 0.30
-14.03 0.40
-13.85 0.46
-13.60 0.48
-13.33 0.49
-13.04 0.48
-12.75 0.46
-12.45 0.42
-12.18 0.38
-11.95 0.34
-11.73 0.29
-11.53 0.23
-11.37 0.18
-11.23 0.12
-11.07 0.05
-10.92 -0.03
-10.77 -0.11
-10.58 -0.19
-10.45 -0.26
-10.34 -0.31
-10.25 -0.34
-10.17 -0.34
-10.14 -0.32
-10.11 -0.28
-10.09 -0.23
-10.09 -0.18
-10.08 -0.13
-10.08 -0.07
-10.06 -0.02
-10.03 0.03
-10.02 0.07
-9.97 0.10
-9.88 0.11
-9.74 0.11
-9.57 0.09
-9.40 0.07
-9.20 0.03
-9.00 -0.00
-8.80 -0.05
-8.62 -0.08
-8.48 -0.11
-8.41 -0.14
-8.38 -0.15
-8.38 -0.15
-8.38 -0.15
-8.39 -0.15
-8.39 -0.15
-8.38 -0.15
-8.39 -0.14
-8.39 -0.13
-8.38 -0.13
-8.38 -0.13
-8.36 -0.12
-8.36 -0.12
-8.34 -0.11
-8.33 -0.11
-8.30 -0.11
-8.28 -0.11
-8.27 -0.11
-8.27 -0.10
-8.24 -0.11
-8.22 -0.11
-8.21 -0.11
-8.19 -0.11
-8.18 -0.11
-8.16 -0.11
-8.15 -0.11
-8.15 -0.11
-8.13 -0.11
-8.11 -0.11
-8.10 -0.11
-8.08 -0.11
-8.05 -0.12
-8.04 -0.12
-8.01 -0.12
-7.96 -0.12
-7.92 -0.13
-7.85 -0.13
-7.79 -0.14
-7.72 -0.15
-7.62 -0.16
-7.90 -0.11
-7.76 -0.12
-7.59 -0.14
-7.39 -0.16
-7.16 -0.18
-6.90 -0.21
-6.60 -0.24
-6.27 -0.27
-5.94 -0.35
-5.60 -0.38
-5.26 -0.41
-4.89 -0.44
-4.57 -0.47
-4.27 -0.49
-3.99 -0.51
-3.71 -0.52
-3.45 -0.53
-3.22 -0.53
-2.93 -0.52
-2.69 -0.49
-2.43 -0.44
-2.18 -0.36
-1.97 -0.23
-1.75 -0.07
-1.54 0.09
-1.31 0.19
-0.94 0.25
-0.43 0.25
0.10 0.23
0.76 0.17
1.38 0.12
1.99 0.05
2.48 -0.02
2.83 -0.06
3.09 -0.07
3.25 -0.08
3.35 -0.07
3.40 -0.06
3.43 -0.05
3.45 -0.03
3.49 -0.02
3.57 -0.01
3.63 0.00
3.71 0.02
3.77 0.03
3.89 0.04
4.00 0.04
4.11 0.04
4.20 0.04
4.26 0.04
4.29 0.04
4.31 0.03
4.34 0.02
4.35 0.01
4.37 -0.00
4.37 -0.02
4.37 -0.03
4.34 -0.03
4.31 -0.03
4.23 -0.02
4.15 -0.01
4.09 -0.00
4.01 0.01
3.94 0.03
3.89 0.04
3.88 0.04
3.88 0.04
3.88 0.03
3.89 0.03
3.88 0.02
3.86 0.02
3.83 0.01
3.78 0.01
3.75 0.00
3.72 -0.00
3.72 -0.01
3.71 -0.02
3.69 -0.02
3.66 -0.01
3.63 -0.01
3.60 -0.00
3.60 0.00
3.58 0.01
3.60 0.01
3.65 0.01
3.71 0.00
3.75 -0.00
3.80 -0.01
3.81 -0.01
3.78 -0.00
3.75 0.01
3.71 0.02
3.69 0.03
3.71 0.04
3.74 0.03
3.78 0.03
3.81 0.02
3.83 0.01
3.85 0.01
3.86 -0.00
3.86 -0.01
3.85 -0.01
3.83 -0.00
3.80 0.00
3.78 0.01
3.77 0.01
3.78 0.01
3.80 0.01
3.83 0.00
3.83 0.00
3.85 -0.00
3.85 -0.00
3.83 -0.00
3.80 0.01
3.77 0.01
3.74 0.02
3.74 0.02
3.75 0.02
3.77 0.01
3.78 0.01
3.78 0.01
3.80 0.00
3.80 -0.00
3.78 -0.00
3.78 -0.00
3.77 0.00
3.75 0.01
3.74 0.01
3.74 0.01
3.77 0.01
3.80 0.01
3.83 0.00
3.86 -0.01
3.88 -0.01
3.86 -0.01
3.83 -0.00
3.78 0.01
3.74 0.03
3.72 0.03
3.74 0.03
3.77 0.03
3.80 0.02
3.83 0.01
3.85 0.01
3.85 0.00
3.83 -0.00
3.83 -0.01
3.81 -0.01
3.78 -0.00
3.75 0.01
3.71 0.02
3.68 0.03
3.69 0.03
3.72 0.02
3.75 0.01
3.78 0.01
3.80 0.00
3.78 0.00
3.78 -0.00
3.77 -0.00
3.77 -0.00
3.72 0.01
3.68 0.02
3.65 0.03
3.65 0.03
3.65 0.03
3.68 0.02
3.71 0.01
3.74 0.01
3.74 0.00
3.74 0.00
3.72 0.00
3.72 -0.00
3.71 -0.00
3.68 0.00
3.63 0.01
3.60 0.02
3.58 0.02
3.60 0.02
3.62 0.02
3.63 0.01
3.65 0.01
3.65 0.01
3.65 0.01
3.63 0.01
3.62 0.01
3.62 0.00
3.60 0.00
3.60 -0.00
3.58 -0.00
3.55 0.00
3.51 0.01
3.45 0.02
3.43 0.02
3.40 0.02
3.42 0.02
3.42 0.02
3.43 0.01
3.42 0.01
3.40 0.00
3.39 -0.00
3.35 -0.01
3.31 -0.01
3.23 -0.00
3.14 0.00
3.03 0.02
2.96 0.02
2.94 0.01
2.94 -0.00
2.97 -0.02
2.96 -0.04
2.91 -0.04
2.85 -0.05
2.73 -0.04
2.62 -0.03
2.53 -0.02
2.45 -0.01
2.40 -0.00
2.37 0.00
2.36 0.01
2.36 0.01
2.37 0.01
2.37 0.00
2.37 -0.00
2.36 -0.00
2.30 0.00
2.17 0.02
2.08 0.03
1.99 0.05
1.90 0.05
1.85 0.06
1.84 0.05
1.81 0.07
1.79 0.07
1.74 0.06
1.68 0.06
1.62 0.06
1.58 0.05
1.51 0.05
1.47 0.04
1.44 0.02
1.42 0.00
1.42 -0.02
1.41 -0.05
1.36 -0.08
1.24 -0.10
1.13 -0.11
0.98 -0.12
0.81 -0.12
0.69 -0.11
0.59 -0.11
0.52 -0.10
0.49 -0.10
0.46 -0.09
0.41 -0.07
0.35 -0.04
0.27 -0.01
0.18 0.02
0.09 0.05
0.04 0.08
0.04 0.08
0.03 0.08
0.07 0.07
0.09 0.06
0.09 0.04
0.07 0.02
0.04 0.00
0.01 -0.02
-0.03 -0.05
-0.14 -0.06
-0.34 -0.05
-0.57 -0.03
-0.86 0.00
-1.23 0.06
-1.57 0.10
-1.83 0.13
-2.12 0.16
-2.33 0.18
-2.53 0.19
-2.78 0.19
-3.05 0.20
-3.38 0.20
-3.74 0.22
-4.14 0.23
-4.57 0.25
-5.03 0.27
-5.51 0.29
-5.97 0.31
-6.37 0.31
-6.77 0.31
-7.09 0.30
-7.35 0.28
-7.59 0.27
-7.79 0.25
-7.79 0.20
-7.96 0.18
-8.13 0.17
-8.28 0.16
-8.44 0.16
-8.56 0.15
-8.70 0.14
-8.79 0.12
-8.87 0.10
-8.93 0.11
-8.97 0.07
-9.00 0.03
-9.03 -0.03
-9.07 -0.11
-9.10 -0.21
-9.17 -0.33
-9.28 -0.46
-9.39 -0.57
-9.51 -0.66
-9.62 -0.73
-9.72 -0.78
-9.80 -0.82
-9.91 -0.83
-10.00 -0.84
-10.11 -0.83
-10.20 -0.81
-10.28 -0.79
-10.34 -0.76
-10.38 -0.72
-10.43 -0.67
-10.45 -0.62
-10.46 -0.55
-10.46 -0.47
-10.46 -0.38
-10.46 -0.27
-10.45 -0.15
-10.45 -0.05
-10.43 0.04
-10.40 0.11
-10.37 0.16
-10.29 0.19
-10.20 0.21
-10.09 0.21
-9.99 0.21
-9.89 0.21
-9.83 0.21
-9.77 0.21
-9.72 0.21
-9.69 0.21
-9.65 0.20
-9.60 0.19
-9.56 0.18
-9.49 0.17
-9.45 0.16
-9.40 0.15
-9.36 0.14
-9.33 0.13
-9.31 0.12
-9.30 0.11
-9.31 0.11
-9.31 0.10
-9.31 0.09
-9.33 0.08
-9.34 0.07
-9.39 0.06
-9.43 0.04
-9.49 0.02
-9.59 0.00
-9.69 -0.03
-9.80 -0.06
-9.94 -0.08
-10.12 -0.10
-10.35 -0.11
-10.58 -0.11
-10.80 -0.09
-11.03 -0.07
-11.24 -0.03
-11.47 0.01
-11.72 0.06
-11.96 0.11
-12.22 0.16
-12.47 0.20
-12.70 0.23
-12.91 0.25
-13.13 0.27
-13.33 0.28
-13.54 0.29
-13.76 0.29
-13.97 0.29
-14.17 0.27
-14.39 0.26
-14.59 0.24
-14.78 0.23
-14.97 0.21
-15.14 0.18
-15.32 0.15
-15.51 0.13
-15.69 0.10
-15.87 0.07
-16.04 0.05
-16.23 0.03
-16.41 0.02
-16.58 0.00
-16.72 -0.01
-16.85 -0.02
-17.01 -0.02
-17.19 -0.01
-17.39 0.01
-17.61 0.03
-17.79 0.05
-17.94 0.06
-18.04 0.07
-18.11 0.07
-18.17 0.07
-18.23 0.06
-18.31 0.06
-18.42 0.05
-18.54 0.05
-18.66 0.05
-18.82 0.05
-18.97 0.05
-19.14 0.06
-19.29 0.06
-19.45 0.06
-19.60 0.05
-19.75 0.04
-19.88 0.02
-20.03 0.00
-20.15 -0.04
-20.30 -0.07
-20.47 -0.10
-20.67 -0.13
-20.93 -0.13
-21.16 -0.13
-21.44 -0.11
-21.67 -0.08
-21.91 -0.03
-21.88 -0.02
-22.10 0.05
-22.27 0.10
-22.45 0.16
-22.57 0.20
-22.70 0.23
-22.77 0.25
-22.85 0.26
-22.93 0.26
-23.02 0.27
-23.14 0.27
-23.26 0.27
-23.42 0.26
-23.62 0.26
-23.85 0.26
-24.09 0.25
-24.34 0.24
-24.54 0.22
-24.74 0.20
-24.92 0.19
-25.03 0.16
-25.09 0.14
-25.17 0.12
-25.18 0.09
-25.21 0.06
-25.23 0.03
-25.21 0.00
-25.23 -0.03
-25.23 -0.05
-25.24 -0.07
-25.29 -0.07
-25.33 -0.07
-25.38 -0.06
-25.43 -0.05
-25.46 -0.04
-25.46 -0.02
-25.47 -0.00
-25.46 0.02
-25.46 0.04
-25.44 0.06
-25.44 0.08
-25.43 0.08
-25.41 0.08
-25.41 0.08
-25.41 0.07
-25.41 0.06
-25.41 0.05
-25.41 0.03
-25.41 0.02
-25.41 0.00
-25.41 -0.02
-25.41 -0.04
-25.43 -0.04
-25.46 -0.04
-25.49 -0.04
-25.55 -0.03
-25.58 -0.01
-25.61 0.00
-25.63 0.01
-25.61 0.02
-25.59 0.02
-25.56 0.01
-25.53 -0.00
-25.52 -0.01
-25.55 -0.00
-25.58 0.00
-25.64 0.01
-25.69 0.02
-25.72 0.02
-25.72 0.02
-25.73 0.01
-25.72 0.00
-25.72 -0.01
-25.73 -0.02
-25.76 -0.02
-25.82 -0.01
-25.93 0.00
-26.05 0.02
-26.15 0.04
-26.16 0.04
-26.16 0.03
-26.15 0.02
-26.13 -0.00
-26.12 -0.02
-26.13 -0.02
-26.15 -0.03
-26.16 -0.02
-26.19 -0.02
-26.19 -0.01
-26.19 0.00
-26.19 0.01
-26.16 0.01
-26.12 0.00
-26.07 -0.01
-26.01 -0.02
-26.01 -0.02
-26.01 -0.02
-26.02 -0.01
-26.05 -0.00
-26.09 0.01
-26.10 0.02
-26.07 0.01
-26.05 0.01
-26.01 -0.00
-25.99 -0.01
-26.01 -0.01
-26.02 -0.01
-26.05 -0.01
-26.09 0.00
-26.12 0.01
-26.09 0.01
-26.04 -0.00
-25.99 -0.01
-25.98 -0.02
-25.98 -0.02
-25.99 -0.01
-26.01 -0.00
-26.01 0.01
-26.02 0.01
-25.98 0.01
-25.95 0.00
-25.87 -0.02
-25.81 -0.03
-25.79 -0.04
-25.78 -0.03
-25.79 -0.03
-25.79 -0.02
-25.79 -0.01
-25.81 -0.00
-25.79 0.01
-25.79 0.02
-25.75 0.01
-25.69 0.00
-25.58 -0.02
-25.44 -0.05
-25.35 -0.07
-25.27 -0.08
-25.26 -0.08
-25.26 -0.07
-25.24 -0.06
-25.24 -0.05
-25.23 -0.04
-25.21 -0.02
-25.20 -0.00
-25.18 0.02
-25.17 0.05
-25.12 0.07
-25.03 0.08
-24.95 0.08
-24.83 0.08
-24.72 0.07
-24.61 0.06
-24.54 0.05
-24.46 0.04
-24.41 0.03
-24.38 0.02
-24.35 0.02
-24.32 0.02
-24.29 0.01
-24.26 0.01
-24.23 0.00
-24.20 -0.00
-24.14 -0.01
-24.11 0.00
-24.09 0.02
-24.09 0.04
-24.06 0.05
-24.03 0.07
-23.98 0.08
-23.94 0.08
-23.89 0.09
-23.85 0.08
-23.82 0.08
-23.79 0.06
-23.77 0.05
-23.75 0.03
-23.75 0.01
-23.75 -0.01
-23.75 -0.03
-23.77 -0.04
-23.79 -0.05
-23.82 -0.04
-23.85 -0.04
-23.88 -0.03
-23.89 -0.02
-23.91 -0.02
-23.91 -0.02
-23.91 -0.02
-23.91 -0.02
-23.91 -0.02
-23.91 -0.02
-23.91 -0.02
-23.91 -0.02
-23.91 -0.02
-23.92 -0.01
-23.92 -0.01
-23.92 -0.01
-23.92 -0.01
-23.94 -0.01
-23.95 -0.01
-23.95 -0.01
-23.97 -0.01
-23.97 -0.01
-23.98 -0.00
-23.98 -0.00
-24.00 0.00
-24.03 0.00
-24.06 0.01
-24.09 0.00
-24.11 -0.01
-24.09 -0.02
-24.11 -0.03
-24.12 -0.02
-24.14 -0.02
-24.17 -0.01
-24.18 -0.01
-24.21 0.01
-24.23 0.01
-24.21 0.00
-24.20 -0.01
-24.15 -0.02
-24.12 -0.03
-24.12 -0.03
-24.12 -0.03
-24.12 -0.02
-24.14 -0.01
-24.14 0.00
-24.14 0.01
-24.14 0.01
-24.12 0.01
-24.09 -0.00
-24.06 -0.01
-24.03 -0.02
-24.03 -0.01
-24.03 -0.00
-24.03 0.01
-24.05 0.02
-24.03 0.02
-24.03 0.02
-24.02 0.00
-24.02 -0.01
-24.02 -0.02
-24.03 -0.02
-24.06 -0.02
-24.11 -0.00
-24.15 0.01
-24.20 0.02
-24.20 0.02
-24.20 0.01
-24.17 -0.00
-24.14 -0.02
-24.14 -0.02
-24.14 -0.02
-24.17 -0.02
-24.18 -0.01
-24.18 -0.01
-24.20 0.00
-24.20 0.01
-24.18 0.00
-24.15 -0.01
-24.11 -0.02
-24.06 -0.03
-24.06 -0.03
-24.06 -0.03
-24.08 -0.02
-24.08 -0.02
-24.08 -0.01
-24.08 -0.00
-24.08 0.00
-24.08 0.00
-24.08 -0.00
-24.05 -0.01
-24.03 -0.02
-24.03 -0.02
-24.05 -0.02
-24.06 -0.01
-24.08 -0.01
-24.08 -0.00
-24.08 -0.00
-24.09 0.01
-24.09 0.00
-24.08 -0.01
-24.06 -0.01
-24.06 -0.02
-24.06 -0.02
-24.08 -0.02
-24.09 -0.01
-24.11 -0.00
-24.11 0.00
-24.11 0.00
-24.09 -0.00
-24.08 -0.01
-24.06 -0.01
-24.08 -0.00
-24.09 0.01
-24.12 0.02
-24.12 0.02
-24.11 0.01
-24.09 0.01
-24.06 -0.00
-24.05 -0.01
-24.05 -0.01
-24.06 0.01
-24.09 0.02
-24.09 0.03
-24.09 0.03
-24.08 0.03
-24.06 0.03
-24.05 0.02
-24.05 0.02
-24.05 0.02
-24.03 0.02
-24.05 0.02
-24.05 0.02
-24.03 0.02
-24.05 0.02
-24.03 0.02
-24.03 0.02
-24.02 0.02
-24.00 0.01
-24.00 0.01
-23.97 0.01
-23.95 0.01
-23.94 0.00
-23.91 0.00
-23.88 -0.00
-23.86 0.00
-23.85 0.01
-23.85 0.02
-23.83 0.03
-23.82 0.03
-23.79 0.04
-23.75 0.04
-23.72 0.04
-23.68 0.04
-23.65 0.04
-23.62 0.03
-23.57 0.02
-23.52 0.02
-23.49 0.01
-23.46 0.01
-23.43 0.00
-23.42 0.00
-23.40 -0.00
-23.39 0.00
-23.39 0.01
-23.40 0.02
-23.39 0.03
-23.39 0.04
-23.40 0.05
-23.40 0.05
-23.40 0.05
-23.39 0.04
-23.39 0.04
-23.39 0.04
-23.39 0.04
-23.39 0.04
-23.37 0.04
-23.37 0.04
-23.36 0.04
-23.34 0.04
-23.31 0.03
-23.28 0.03
-23.23 0.02
-23.19 0.01
-23.13 0.00
-23.05 -0.01
-22.97 -0.01
-22.88 -0.01
-22.80 -0.00
-22.76 0.03
-22.71 0.06
-22.70 0.08
-22.62 0.10
-22.54 0.10
-22.45 0.10
-22.33 0.08
-22.22 0.06
-22.10 0.03
-21.99 0.00
-21.90 -0.03
-21.79 -0.05
-22.01 -0.02
-21.98 -0.03
-21.98 -0.01
-21.99 0.01
-22.01 0.04
-22.05 0.06
-36.21 1.90
-22.02 0.07
-21.99 0.03
-21.87 0.00
-21.75 -0.05
-21.64 -0.10
-21.53 -0.12
-21.47 -0.14
-21.47 -0.13
-21.49 -0.11
-21.52 -0.08
-21.56 -0.03
-21.61 0.02
-21.65 0.06
-21.68 0.10
-21.68 0.12
-21.65 0.13
-21.59 0.14
-21.52 0.13
-21.44 0.11
-21.36 0.09
-21.29 0.06
-21.21 0.03
-21.15 0.00
-21.09 -0.03
-21.04 -0.06
-21.01 -0.08
-21.03 -0.09
-21.04 -0.08
-21.09 -0.06
-21.12 -0.04
-21.16 -0.01
-21.19 0.02
-21.21 0.05
-21.21 0.07
-21.16 0.08
-21.10 0.08
-21.01 0.06
-20.92 0.04
-20.80 0.02
-20.67 -0.01
-20.57 -0.04
-20.44 -0.06
-20.35 -0.08
-20.29 -0.08
-20.24 -0.08
-20.21 -0.07
-20.20 -0.06
-20.18 -0.04
-20.17 -0.02
-20.15 0.00
-20.12 0.02
-20.07 0.03
-19.97 0.02
-19.81 0.00
-19.60 -0.03
-19.37 -0.07
-19.12 -0.11
-18.94 -0.13
-18.82 -0.15
-18.76 -0.16
-18.74 -0.15
-18.74 -0.15
-18.77 -0.13
-18.80 -0.12
-18.85 -0.10
-18.88 -0.08
-18.91 -0.07
-18.94 -0.05
-18.94 -0.03
-18.96 -0.01
-18.94 0.01
-18.96 0.03
-18.94 0.04
-18.89 0.01
-18.83 0.00
-18.76 -0.00
-18.66 -0.02
-18.60 -0.02
-18.59 -0.02
-18.59 -0.02
-18.62 -0.01
-18.65 -0.00
-18.66 0.01
-18.68 0.02
-18.68 0.02
-18.66 0.01
-18.62 0.00
-18.56 -0.01
-18.51 -0.02
-18.46 -0.04
-18.46 -0.04
-18.50 -0.03
-18.54 -0.03
-18.57 -0.02
-18.62 -0.01
-18.65 0.00
-18.66 0.01
-18.66 0.02
-18.62 0.01
-18.54 -0.00
-18.43 -0.02
-18.34 -0.03
-18.30 -0.04
-18.28 -0.04
-18.28 -0.03
-18.30 -0.02
-18.31 -0.01
-18.34 0.00
-18.34 0.01
-18.34 0.02
-18.33 0.02
-18.27 0.01
-18.19 0.00
-18.10 -0.01
-17.99 -0.03
-17.90 -0.05
-17.87 -0.05
-17.87 -0.05
-17.90 -0.05
-17.94 -0.04
-17.99 -0.03
-18.05 -0.01
-18.10 -0.00
-18.14 0.01
-18.17 0.02
-18.17 0.02
-18.14 0.01
-18.08 0.00
-17.99 -0.02
-17.90 -0.04
-17.81 -0.06
-17.77 -0.07
-17.77 -0.07
-17.79 -0.06
-17.82 -0.06
-17.87 -0.05
-17.90 -0.04
-17.91 -0.03
-17.93 -0.02
-17.93 -0.02
-17.93 -0.01
-17.93 -0.01
-17.93 -0.00
-17.93 0.00
-17.93 0.01
-17.91 0.01
-17.85 -0.01
-17.77 -0.02
-17.70 -0.04
-17.65 -0.04
-17.62 -0.05
-17.64 -0.05
-17.67 -0.04
-17.70 -0.04
-17.73 -0.03
-17.76 -0.03
-17.79 -0.02
-17.81 -0.02
-17.81 -0.02
-17.81 -0.02
-17.81 -0.02
-17.81 -0.02
-17.81 -0.02
-17.81 -0.01
-17.81 -0.02
-17.81 -0.01
-17.81 -0.02
-17.81 -0.01
-17.81 -0.02
-17.82 -0.01
-17.82 -0.01
-17.82 -0.01
-17.82 -0.01
-17.84 -0.01
-17.84 -0.01
-17.85 -0.01
-17.85 -0.01
-17.87 -0.01
-17.87 -0.01
-17.88 -0.01
-17.90 -0.00
-17.90 -0.00
-17.90 -0.00
-17.90 -0.00
-17.90 -0.00
-17.91 -0.00
-17.90 -0.00
-17.91 0.00
-17.91 0.00
-17.90 -0.00
-17.85 -0.01
-17.82 -0.02
-17.81 -0.03
-17.82 -0.03
-17.84 -0.02
-17.87 -0.02
-17.90 -0.01
-17.91 -0.01
-17.93 -0.01
-17.93 -0.00
-17.93 -0.00
-17.93 -0.00
-17.93 -0.00
-17.93 -0.00
-17.93 -0.00
-17.93 -0.00
-17.93 -0.00
-17.93 -0.00
-17.93 -0.00
-17.93 -0.00
-17.93 -0.00
-17.93 -0.00
-17.93 -0.00
-17.94 0.00
-17.96 0.00
-17.96 -0.00
-17.93 -0.01
-17.93 -0.01
-17.93 -0.01
-17.94 -0.01
-17.99 -0.00
-18.02 0.00
-18.07 0.01
-18.08 0.01
-18.08 0.01
-18.05 -0.00
-17.99 -0.02
-17.96 -0.03
-17.96 -0.03
-17.99 -0.03
-18.04 -0.02
-18.08 -0.01
-18.14 0.00
-18.19 0.01
-18.22 0.02
-18.22 0.02
-18.17 0.01
-18.13 -0.00
-18.07 -0.02
-18.02 -0.03
-18.02 -0.03
-18.05 -0.03
-18.11 -0.02
-18.17 -0.00
-18.23 0.01
-18.30 0.02
-18.34 0.03
-18.33 0.03
-18.28 0.02
-18.22 0.01
-18.14 -0.01
-18.07 -0.03
-18.02 -0.04
-18.00 -0.04
-18.04 -0.04
-18.08 -0.03
-18.14 -0.01
-18.22 0.00
-18.28 0.02
-18.31 0.03
-18.30 0.02
-18.25 0.02
-18.19 0.00
-18.11 -0.01
-18.02 -0.03
-17.96 -0.04
-17.96 -0.05
-17.97 -0.04
-18.04 -0.03
-18.11 -0.01
-18.17 0.00
-18.25 0.02
-18.30 0.03
-18.31 0.03
-18.28 0.02
-18.22 0.01
-18.16 -0.00
-18.08 -0.02
-18.05 -0.03
-18.05 -0.03
-18.08 -0.03
-18.14 -0.02
-18.20 -0.00
-18.27 0.01
-18.33 0.03
-18.36 0.03
-18.36 0.03
-18.31 0.02
-18.25 0.01
-18.19 -0.00
-18.10 -0.02
-18.05 -0.03
-18.04 -0.04
-18.07 -0.03
-18.11 -0.02
-18.17 -0.01
-18.23 0.00
-18.30 0.02
-18.34 0.03
-18.33 0.03
-18.30 0.02
-18.22 0.01
-18.14 -0.01
-18.05 -0.03
-18.00 -0.04
-17.97 -0.04
-18.00 -0.04
-18.05 -0.03
-18.11 -0.02
-18.19 0.00
-18.25 0.02
-18.28 0.02
-18.28 0.02
-18.23 0.02
-18.17 0.00
-18.08 -0.02
-18.00 -0.03
-17.94 -0.05
-17.94 -0.05
-17.96 -0.05
-18.04 -0.03
-18.10 -0.02
-18.19 0.00
-18.28 0.02
-18.34 0.03
-18.34 0.03
-18.33 0.03
-18.28 0.02
-18.22 0.00
-18.16 -0.01
-18.10 -0.03
-18.07 -0.04
-18.10 -0.03
-18.14 -0.03
-18.20 -0.02
-18.30 0.00
-18.39 0.02
-18.43 0.03
-18.45 0.04
-18.43 0.03
-18.37 0.02
-18.30 0.01
-18.22 -0.01
-18.14 -0.03
-18.10 -0.04
-18.10 -0.04
-18.13 -0.03
-18.19 -0.02
-18.25 -0.00
-18.31 0.01
-18.39 0.03
-18.42 0.04
-18.40 0.04
-18.36 0.03
-18.28 0.02
-18.19 -0.00
-18.10 -0.02
-18.04 -0.03
-18.02 -0.04
-18.04 -0.04
-18.10 -0.02
-18.17 -0.01
-18.25 0.01
-18.31 0.02
-18.36 0.03
-18.34 0.03
-18.30 0.02
-18.23 0.01
-18.16 -0.01
-18.07 -0.03
-18.00 -0.04
-17.99 -0.05
-18.02 -0.04
-18.07 -0.03
-18.14 -0.02
-18.20 -0.00
-18.28 0.02
-18.33 0.03
-18.36 0.04
-18.34 0.04
-18.28 0.02
-18.20 0.01
-18.11 -0.01
-18.04 -0.03
-17.97 -0.04
-17.96 -0.05
-17.99 -0.04
-18.07 -0.03
-18.14 -0.01
-18.22 0.00
-18.28 0.02
-18.33 0.03
-18.31 0.03
-18.25 0.01
-18.19 -0.00
-18.10 -0.02
-18.00 -0.03
-17.96 -0.04
-17.96 -0.04
-17.99 -0.03
-18.04 -0.03
-18.10 -0.01
-18.14 0.00
-18.19 0.01
-18.20 0.02
-18.19 0.02
-18.14 0.01
-18.07 -0.01
-17.97 -0.03
-17.90 -0.04
-17.87 -0.05
-17.87 -0.05
-17.91 -0.04
-17.97 -0.03
-18.04 -0.02
-18.10 -0.00
-18.16 0.01
-18.20 0.02
-18.22 0.03
-18.20 0.02
-18.14 0.01
-18.07 -0.01
-17.99 -0.03
-17.91 -0.04
-17.91 -0.05
-17.93 -0.04
-17.99 -0.03
-18.07 -0.02
-18.14 -0.00
-18.23 0.01
-18.30 0.03
-18.36 0.04
-18.36 0.04
-18.31 0.03
-18.27 0.02
-18.20 0.00
-18.13 -0.02
-18.07 -0.04
-18.04 -0.05
-18.05 -0.05
-18.11 -0.04
-18.19 -0.02
-18.30 -0.00
-18.39 0.02
-18.48 0.04
-18.54 0.05
-18.56 0.05
-18.53 0.05
-18.46 0.04
-18.39 0.02
-18.30 0.00
-18.22 -0.01
-18.13 -0.03
-18.07 -0.05
-18.07 -0.05
-18.10 -0.04
-18.16 -0.03
-18.22 -0.01
-18.28 0.00
-18.34 0.02
-18.37 0.03
-18.37 0.03
-18.33 0.03
-18.27 0.01
-18.17 -0.00
-18.08 -0.02
-18.02 -0.03
-17.99 -0.04
-18.00 -0.04
-18.05 -0.03
-18.10 -0.02
-18.16 -0.00
-18.20 0.01
-18.25 0.02
-18.28 0.03
-18.27 0.03
-18.22 0.02
-18.16 0.00
-18.08 -0.01
-17.99 -0.04
-17.91 -0.05
-17.88 -0.06
-17.88 -0.06
-17.91 -0.05
-17.96 -0.04
-18.02 -0.03
-18.08 -0.01
-18.14 0.00
-18.20 0.02
-18.23 0.03
-18.23 0.03
-18.19 0.02
-18.13 0.01
-18.04 -0.01
-17.91 -0.04
-17.82 -0.06
-17.74 -0.07
-17.71 -0.08
-17.73 -0.07
-17.74 -0.07
-17.81 -0.06
-17.85 -0.04
-17.93 -0.03
-17.99 -0.01
-18.05 0.00
-18.10 0.02
-18.13 0.03
-18.11 0.02
-18.05 0.01
-17.97 -0.01
-17.87 -0.03
-17.76 -0.05
-17.68 -0.07
-17.62 -0.08
-17.62 -0.08
-17.64 -0.08
-17.67 -0.07
-17.71 -0.06
-17.77 -0.05
-17.82 -0.03
-17.87 -0.02
-17.91 -0.01
-17.93 -0.00
-17.94 0.00
-17.94 0.01
-17.93 0.00
-17.88 -0.00
-17.79 -0.02
-17.70 -0.04
-17.64 -0.05
-17.59 -0.06
-17.58 -0.06
-17.59 -0.06
-17.61 -0.05
-17.64 -0.05
-17.67 -0.04
-17.68 -0.04
-17.70 -0.04
-17.70 -0.04
-17.70 -0.04
-17.68 -0.04
-17.68 -0.04
-17.68 -0.03
-17.68 -0.03
-17.68 -0.03
-17.68 -0.03
-17.68 -0.03
-17.67 -0.04
-17.67 -0.03
-17.65 -0.04
-17.61 -0.04
-17.56 -0.05
-17.48 -0.06
-17.39 -0.07
-17.30 -0.09
-17.18 -0.11
-17.04 -0.13
-16.89 -0.15
-16.75 -0.17
-16.61 -0.19
-16.47 -0.21
-16.36 -0.22
-16.26 -0.24
-16.15 -0.25
-16.04 -0.26
-15.93 -0.27
-15.83 -0.29
