-6.98 -0.01
-7.00 -0.01
-7.00 0.01
-7.00 0.01
-7.01 0.01
-7.00 0.01
-6.98 -0.01
-6.95 -0.02
-6.93 -0.03
-6.95 -0.03
-6.98 -0.03
-7.01 -0.03
-7.03 -0.02
-7.04 -0.02
-7.06 -0.01
-7.04 -0.01
-7.04 -0.01
-7.04 -0.01
-7.04 -0.00
-7.04 -0.00
-7.04 -0.00
-7.04 -0.00
-7.04 -0.00
-7.04 -0.00
-7.04 -0.00
-7.04 -0.00
-7.04 -0.00
-7.06 0.00
-7.06 0.00
-7.04 -0.00
-7.03 -0.01
-7.01 -0.02
-7.01 -0.02
-7.03 -0.02
-7.06 -0.01
-7.07 -0.01
-7.10 -0.00
-7.12 -0.00
-7.12 -0.00
-7.10 -0.00
-7.12 0.00
-7.12 0.00
-7.12 0.00
-7.10 -0.00
-7.06 -0.02
-7.03 -0.02
-7.03 -0.02
-7.04 -0.02
-7.07 -0.01
-7.09 -0.01
-7.10 -0.00
-7.10 -0.00
-7.10 0.00
-7.09 0.00
-7.09 0.00
-7.06 -0.00
-7.01 -0.01
-6.98 -0.02
-6.98 -0.02
-7.00 -0.02
-7.04 -0.01
-7.07 -0.00
-7.10 0.00
-7.12 0.01
-7.13 0.01
-7.10 0.00
-7.06 -0.01
-7.03 -0.02
-7.00 -0.02
-7.01 -0.02
-7.04 -0.02
-7.09 -0.00
-7.13 0.00
-7.16 0.01
-7.18 0.02
-7.15 0.01
-7.10 0.00
-7.06 -0.01
-7.01 -0.02
-6.98 -0.03
-7.00 -0.02
-7.04 -0.02
-7.09 -0.00
-7.12 0.00
-7.15 0.01
-7.16 0.02
-7.13 0.01
-7.09 0.00
-7.04 -0.01
-7.00 -0.02
-6.98 -0.02
-7.00 -0.02
-7.04 -0.01
-7.10 0.00
-7.15 0.01
-7.18 0.02
-7.16 0.02
-7.12 0.01
-7.09 0.00
-7.04 -0.01
-7.01 -0.02
-7.00 -0.02
-7.03 -0.02
-7.07 -0.01
-7.12 0.00
-7.16 0.02
-7.19 0.02
-7.16 0.02
-7.13 0.01
-7.07 -0.00
-7.03 -0.01
-7.00 -0.02
-7.01 -0.02
-7.04 -0.01
-7.09 -0.00
-7.15 0.01
-7.16 0.02
-7.18 0.02
-7.15 0.01
-7.10 0.00
-7.04 -0.01
-7.01 -0.02
-6.96 -0.03
-6.98 -0.03
-7.03 -0.02
-7.07 -0.01
-7.12 -0.00
-7.15 0.01
-7.15 0.01
-7.15 0.01
-7.10 0.00
-7.06 -0.00
-7.00 -0.02
-6.96 -0.02
-6.96 -0.02
-7.00 -0.02
-7.04 -0.01
-7.09 -0.00
-7.12 0.01
-7.13 0.01
-7.13 0.01
-7.09 0.01
-7.04 -0.00
-6.98 -0.02
-6.93 -0.03
-6.93 -0.03
-6.96 -0.02
-7.00 -0.01
-7.04 -0.00
-7.06 0.00
-7.06 0.01
-7.06 0.01
-7.03 0.00
-6.96 -0.01
-6.92 -0.02
-6.87 -0.03
-6.86 -0.03
-6.89 -0.02
-6.92 -0.02
-6.95 -0.01
-6.98 -0.00
-6.98 -0.00
-6.98 0.00
-6.98 0.00
-6.96 0.00
-6.93 -0.00
-6.89 -0.01
-6.84 -0.02
-6.84 -0.02
-6.86 -0.02
-6.89 -0.02
-6.93 -0.01
-6.96 0.00
-6.98 0.00
-6.98 0.00
-6.95 -0.00
-6.90 -0.01
-6.87 -0.02
-6.86 -0.02
-6.87 -0.02
-6.90 -0.01
-6.93 -0.01
-6.96 0.00
-6.96 0.00
-6.96 0.00
-6.95 -0.00
-6.90 -0.01
-6.87 -0.02
-6.86 -0.02
-6.87 -0.02
-6.89 -0.02
-6.92 -0.01
-6.93 -0.01
-6.93 -0.00
-6.93 -0.00
-6.93 -0.00
-6.93 -0.00
-6.92 -0.00
-6.92 0.00
-6.92 0.00
-6.92 0.00
-6.89 -0.01
-6.84 -0.02
-6.81 -0.02
-6.81 -0.03
-6.83 -0.02
-6.84 -0.02
-6.87 -0.01
-6.87 -0.01
-6.87 -0.01
-6.86 -0.01
-6.86 -0.01
-6.86 -0.00
-6.86 -0.00
-6.84 -0.00
-6.83 -0.00
-6.81 -0.00
-6.80 -0.01
-6.80 -0.01
-6.78 -0.01
-6.78 -0.01
-6.78 -0.01
-6.77 -0.01
-6.77 -0.01
-6.77 -0.01
-6.77 -0.01
-6.75 -0.01
-6.75 -0.01
-6.75 -0.01
-6.75 -0.01
-6.75 -0.01
-6.75 -0.00
-6.75 -0.00
-6.77 0.00
-6.75 0.01
-6.77 0.01
-6.73 0.00
-6.69 -0.01
-6.66 -0.02
-6.63 -0.02
-6.63 -0.03
-6.66 -0.02
-6.67 -0.02
-6.70 -0.01
-6.72 -0.00
-6.73 0.00
-6.73 0.01
-6.72 0.01
-6.69 0.00
-6.66 -0.01
-6.61 -0.02
-6.58 -0.03
-6.58 -0.03
-6.61 -0.02
-6.64 -0.01
-6.69 -0.00
-6.70 -0.00
-6.72 0.01
-6.72 0.01
-6.70 0.01
-6.67 -0.00
-6.63 -0.01
-6.58 -0.02
-6.58 -0.02
-6.61 -0.02
-6.64 -0.01
-6.67 -0.01
-6.72 -0.00
-6.73 -0.00
-6.73 -0.01
-6.73 -0.01
-6.73 -0.01
-6.73 -0.01
-6.73 -0.01
-6.75 -0.00
-6.75 -0.00
-6.75 -0.00
-6.77 0.00
-6.77 0.00
-6.78 0.01
-6.78 0.00
-6.75 -0.00
-6.73 -0.01
-6.70 -0.02
-6.72 -0.02
-6.75 -0.01
-6.78 -0.00
-6.81 0.01
-6.83 0.01
-6.84 0.02
-6.80 0.01
-6.75 -0.00
-6.70 -0.02
-6.67 -0.02
-6.67 -0.02
-6.69 -0.02
-6.72 -0.01
-6.77 -0.00
-6.80 0.01
-6.80 0.01
-6.80 0.01
-6.77 0.01
-6.72 -0.00
-6.67 -0.01
-6.64 -0.02
-6.64 -0.02
-6.67 -0.02
-6.72 -0.01
-6.77 0.00
-6.81 0.01
-6.83 0.01
-6.81 0.01
-6.78 -0.00
-6.73 -0.02
-6.69 -0.03
-6.69 -0.03
-6.72 -0.02
-6.75 -0.02
-6.80 -0.01
-6.83 -0.00
-6.84 0.00
-6.84 0.01
-6.83 0.00
-6.80 -0.00
-6.75 -0.01
-6.70 -0.02
-6.69 -0.03
-6.70 -0.02
-6.73 -0.02
-6.77 -0.01
-6.78 -0.01
-6.80 -0.00
-6.80 -0.00
-6.80 0.00
-6.78 -0.00
-6.77 -0.00
-6.72 -0.01
-6.70 -0.01
-6.70 -0.01
-6.72 -0.01
-6.73 -0.01
-6.73 -0.01
-6.75 -0.00
-6.75 -0.00
-6.75 -0.00
-6.75 -0.00
-6.75 -0.00
-6.75 -0.00
-6.75 -0.00
-6.75 -0.00
-6.73 -0.01
-6.75 -0.01
-6.77 -0.00
-6.77 -0.00
-6.78 0.00
-6.80 0.00
-6.81 0.00
-6.80 -0.00
-6.77 -0.01
-6.73 -0.02
-6.75 -0.02
-6.77 -0.02
-6.78 -0.01
-6.81 -0.01
-6.83 -0.00
-6.84 0.00
-6.84 0.01
-6.84 0.01
-6.81 -0.00
-6.77 -0.01
-6.73 -0.02
-6.73 -0.02
-6.75 -0.02
-6.78 -0.01
-6.81 -0.00
-6.84 0.00
-6.84 0.00
-6.84 0.00
-6.81 -0.00
-6.78 -0.01
-6.73 -0.02
-6.72 -0.03
-6.75 -0.02
-6.77 -0.02
-6.81 -0.01
-6.84 -0.00
-6.84 -0.00
-6.86 0.00
-6.86 0.01
-6.83 -0.00
-6.80 -0.01
-6.75 -0.02
-6.75 -0.02
-6.77 -0.02
-6.80 -0.01
-6.83 -0.00
-6.84 -0.00
-6.86 0.00
-6.87 0.01
-6.86 0.00
-6.81 -0.01
-6.78 -0.02
-6.73 -0.03
-6.75 -0.03
-6.77 -0.02
-6.81 -0.02
-6.84 -0.01
-6.86 -0.00
-6.87 0.00
-6.87 0.00
-6.87 0.00
-6.84 -0.00
-6.78 -0.02
-6.75 -0.02
-6.75 -0.03
-6.77 -0.02
-6.80 -0.02
-6.84 -0.01
-6.87 -0.00
-6.89 -0.00
-6.89 0.00
-6.89 0.00
-6.87 -0.00
-6.84 -0.01
-6.80 -0.02
-6.80 -0.02
-6.81 -0.02
-6.84 -0.01
-6.89 -0.00
-6.90 0.00
-6.92 0.01
-6.92 0.01
-6.89 -0.00
-6.84 -0.01
-6.81 -0.02
-6.78 -0.03
-6.80 -0.02
-6.81 -0.02
-6.86 -0.01
-6.87 -0.01
-6.89 -0.00
-6.89 -0.00
-6.89 0.00
-6.89 0.00
-6.87 -0.00
-6.83 -0.01
-6.80 -0.02
-6.78 -0.02
-6.81 -0.02
-6.84 -0.01
-6.87 -0.00
-6.90 0.00
-6.92 0.00
-6.92 0.00
-6.90 0.00
-6.86 -0.01
-6.81 -0.02
-6.80 -0.03
-6.80 -0.03
-6.83 -0.02
-6.87 -0.02
-6.90 -0.01
-6.92 -0.00
-6.93 -0.00
-6.92 0.00
-6.92 0.00
-6.89 -0.00
-6.84 -0.01
-6.80 -0.02
-6.77 -0.03
-6.78 -0.02
-6.80 -0.02
-6.83 -0.01
-6.83 -0.01
-6.84 -0.01
-6.83 -0.01
-6.83 -0.01
-6.81 -0.01
-6.81 -0.01
-6.81 -0.01
-6.80 -0.01
-6.80 -0.01
-6.80 -0.01
-6.80 -0.01
-6.80 -0.01
-6.80 -0.01
-6.80 -0.01
-6.80 -0.01
-6.80 -0.01
-6.78 -0.01
-6.78 -0.01
-6.78 -0.01
-6.78 -0.01
-6.77 -0.02
-6.77 -0.02
-6.77 -0.02
-6.77 -0.02
-6.77 -0.02
-6.77 -0.02
-6.77 -0.02
-6.77 -0.02
-6.77 -0.02
-6.77 -0.01
-6.77 -0.01
-6.77 -0.01
-6.77 -0.01
-6.77 -0.01
-6.77 -0.01
-6.77 -0.01
-6.77 -0.01
-6.77 -0.01
-6.77 -0.01
-6.77 -0.01
-6.77 -0.01
-6.77 -0.01
-6.77 -0.01
-6.77 -0.01
-6.77 -0.01
-6.77 -0.01
-6.77 -0.01
-6.77 -0.01
-6.77 -0.01
-6.77 -0.01
-6.77 -0.01
-6.77 -0.01
-6.77 -0.01
-6.77 -0.01
-6.77 -0.01
-6.77 -0.01
-6.77 -0.01
-6.77 -0.01
-6.77 -0.01
-6.77 -0.01
-6.77 -0.01
-6.77 -0.01
-6.77 -0.01
-6.77 -0.01
-6.77 -0.01
-6.77 -0.01
-6.77 -0.01
-6.77 -0.01
-6.77 -0.01
-6.77 -0.01
-6.77 -0.01
-6.77 -0.01
-6.77 -0.01
-6.77 -0.01
-6.77 -0.01
-6.77 -0.01
-6.77 -0.01
-6.77 -0.01
-6.77 -0.01
-6.77 -0.01
-6.77 -0.01
-6.77 -0.01
-6.77 -0.01
-6.77 -0.01
-6.77 -0.01
-6.77 -0.01
-6.77 -0.01
-6.77 -0.01
-6.77 -0.01
-6.77 -0.01
-6.77 -0.01
-6.77 -0.01
-6.77 -0.01
-6.77 -0.01
-6.77 -0.01
-6.77 -0.01
-6.77 -0.01
-6.77 -0.01
-6.77 -0.01
-6.77 -0.01
-6.77 -0.01
-6.77 -0.01
-6.77 -0.01
-6.77 -0.01
-6.77 -0.01
-6.77 -0.01
-6.77 -0.01
-6.77 -0.01
-6.77 -0.01
-6.77 -0.01
-6.77 -0.01
-6.77 -0.01
-6.77 -0.01
-6.77 -0.01
-6.77 -0.01
-6.77 -0.01
-6.77 -0.01
-6.77 -0.01
-6.77 -0.01
-6.77 -0.01
-6.77 -0.01
-6.77 -0.01
-6.77 -0.01
-6.75 -0.01
-6.75 -0.01
-6.77 -0.01
-6.75 -0.01
-6.77 -0.01
-6.75 -0.01
-6.77 -0.01
-6.77 -0.01
-6.75 -0.01
-6.75 -0.01
-6.75 -0.01
-6.75 -0.01
-6.75 -0.01
-6.75 -0.01
-6.77 -0.01
-6.77 -0.01
-6.75 -0.01
-6.75 -0.01
-6.77 -0.01
-6.77 -0.01
-6.77 -0.01
-6.75 -0.01
-6.77 -0.01
-6.77 -0.01
-6.77 -0.01
-6.77 -0.01
-6.77 -0.01
-6.77 -0.01
-6.77 -0.01
-6.77 -0.01
-6.77 -0.01
-6.77 -0.01
-6.77 -0.01
-6.77 -0.01
-6.77 -0.01
-6.77 -0.01
-6.77 -0.01
-6.77 -0.01
-6.77 -0.01
-6.77 -0.01
-6.77 -0.01
-6.77 -0.01
-6.77 -0.01
-6.77 -0.01
-6.77 -0.01
-6.77 -0.01
-6.77 -0.01
-6.77 -0.01
-6.77 -0.01
-6.77 -0.01
-6.77 -0.01
-6.75 -0.01
-6.77 -0.01
-6.75 -0.01
-6.75 -0.01
-6.75 -0.01
-6.75 -0.01
-6.75 -0.01
-6.75 -0.01
-6.73 -0.01
-6.73 -0.01
-6.73 -0.01
-6.73 -0.01
-6.73 -0.01
-6.72 -0.01
-6.72 -0.01
-6.72 -0.01
-6.72 -0.01
-6.72 -0.01
-6.72 -0.01
-6.72 -0.01
-6.72 -0.01
-6.72 -0.01
-6.72 -0.01
-6.72 -0.01
-6.72 -0.01
-6.72 -0.02
-6.72 -0.02
-6.72 -0.02
-6.72 -0.02
-6.72 -0.02
-6.72 -0.02
-6.72 -0.02
-6.72 -0.02
-6.72 -0.02
-6.72 -0.02
-6.72 -0.02
-6.72 -0.02
-6.72 -0.02
-6.72 -0.02
-6.72 -0.02
-6.72 -0.02
-6.72 -0.02
-6.72 -0.02
-6.70 -0.02
-6.70 -0.02
-6.70 -0.02
-6.70 -0.02
-6.70 -0.02
-6.70 -0.02
-6.70 -0.02
-6.70 -0.02
-6.70 -0.02
-6.69 -0.02
-6.69 -0.02
-6.69 -0.02
-6.69 -0.02
-6.69 -0.02
-6.69 -0.02
-6.69 -0.02
-6.69 -0.02
-6.69 -0.02
-6.69 -0.02
-6.69 -0.02
-6.70 -0.02
-6.70 -0.02
-6.70 -0.02
-6.70 -0.02
-6.70 -0.02
-6.70 -0.02
-6.70 -0.02
-6.70 -0.02
-6.70 -0.02
-6.70 -0.02
-6.70 -0.02
-6.70 -0.02
-6.70 -0.02
-6.70 -0.02
-6.70 -0.02
-6.70 -0.02
-6.70 -0.02
-6.70 -0.02
-6.69 -0.02
-6.69 -0.02
-6.69 -0.02
-6.70 -0.02
-6.69 -0.02
-6.70 -0.02
-6.69 -0.02
-6.69 -0.02
-6.69 -0.02
-6.69 -0.02
-6.69 -0.02
-6.70 -0.02
-6.69 -0.02
-6.70 -0.02
-6.70 -0.02
-6.70 -0.02
-6.70 -0.02
-6.70 -0.02
-6.70 -0.02
-6.70 -0.02
-6.70 -0.02
-6.70 -0.02
-6.70 -0.02
-6.70 -0.02
-6.70 -0.02
-6.70 -0.02
-6.70 -0.02
-6.70 -0.02
-6.70 -0.02
-6.70 -0.02
-6.70 -0.02
-6.70 -0.02
-6.70 -0.02
-6.69 -0.02
-6.70 -0.02
-6.70 -0.02
-6.70 -0.02
-6.70 -0.02
-6.70 -0.02
-6.69 -0.02
-6.70 -0.02
-6.70 -0.02
-6.70 -0.02
-6.70 -0.02
-6.70 -0.02
-6.70 -0.02
-6.70 -0.02
-6.70 -0.02
-6.70 -0.02
-6.70 -0.02
-6.70 -0.02
-6.70 -0.02
-6.70 -0.02
-6.70 -0.02
-6.70 -0.02
-6.70 -0.02
-6.70 -0.02
-6.70 -0.02
-6.70 -0.02
-6.70 -0.02
-6.70 -0.02
-6.70 -0.02
-6.70 -0.02
-6.69 -0.02
-6.70 -0.02
-6.70 -0.02
-6.70 -0.02
-6.70 -0.02
-6.70 -0.02
-6.70 -0.02
-6.70 -0.02
-6.70 -0.02
-6.70 -0.02
-6.70 -0.02
-6.69 -0.02
-6.69 -0.02
-6.70 -0.02
-6.70 -0.02
-6.70 -0.02
-6.70 -0.02
-6.70 -0.02
-6.70 -0.02
-6.70 -0.02
-6.70 -0.02
-6.70 -0.02
-6.70 -0.02
-6.70 -0.02
-6.70 -0.02
-6.69 -0.02
-6.69 -0.02
-6.69 -0.02
-6.69 -0.02
-6.69 -0.02
-6.69 -0.02
-6.69 -0.02
-6.69 -0.02
-6.69 -0.02
-6.69 -0.02
-6.69 -0.02
-6.70 -0.02
-6.69 -0.02
-6.69 -0.02
-6.70 -0.02
-6.70 -0.02
-6.70 -0.02
-6.70 -0.02
-6.70 -0.02
-6.70 -0.02
-6.70 -0.02
-6.70 -0.02
-6.70 -0.02
-6.70 -0.02
-6.70 -0.02
-6.70 -0.02
-6.70 -0.02
-6.70 -0.02
-6.70 -0.02
-6.70 -0.02
-6.70 -0.02
-6.70 -0.02
-6.70 -0.02
-6.70 -0.02
-6.69 -0.02
-6.69 -0.02
-6.69 -0.02
-6.69 -0.02
-6.69 -0.02
-6.67 -0.02
-6.67 -0.03
-6.67 -0.03
-6.67 -0.03
-6.67 -0.03
-6.67 -0.03
-6.67 -0.03
-6.67 -0.03
-6.66 -0.03
-6.67 -0.03
-6.67 -0.03
-6.67 -0.03
-6.67 -0.03
-6.67 -0.03
-6.67 -0.02
-6.67 -0.03
-6.67 -0.03
-6.67 -0.03
-6.67 -0.02
-6.69 -0.02
-6.69 -0.02
-6.69 -0.02
-6.69 -0.02
-6.69 -0.02
-6.69 -0.02
-6.69 -0.02
-6.69 -0.02
-6.70 -0.02
-6.69 -0.02
-6.70 -0.02
-6.70 -0.02
-6.69 -0.02
-6.69 -0.02
-6.69 -0.02
-6.69 -0.02
-6.69 -0.02
-6.69 -0.02
-6.69 -0.02
-6.69 -0.02
-6.69 -0.02
-6.69 -0.02
-6.69 -0.02
-6.69 -0.02
-6.69 -0.02
-6.69 -0.02
-6.69 -0.02
-6.69 -0.02
-6.69 -0.02
-6.69 -0.02
-6.69 -0.02
-6.69 -0.02
-6.69 -0.02
-6.69 -0.02
-6.69 -0.02
-6.69 -0.02
-6.70 -0.02
-6.70 -0.02
-6.70 -0.02
-6.70 -0.02
-6.70 -0.02
-6.70 -0.02
-6.70 -0.02
-6.70 -0.02
-6.69 -0.02
-6.69 -0.02
-6.69 -0.02
-6.69 -0.02
-6.69 -0.02
-6.69 -0.02
-6.69 -0.02
-6.69 -0.02
-6.69 -0.02
-6.69 -0.02
-6.69 -0.02
-6.69 -0.02
-6.69 -0.02
-6.69 -0.02
-6.69 -0.02
-6.69 -0.02
-6.69 -0.02
-6.69 -0.02
-6.69 -0.02
-6.69 -0.02
-6.69 -0.02
-6.69 -0.02
-6.69 -0.02
-6.69 -0.02
-6.69 -0.02
-6.69 -0.02
-6.69 -0.02
-6.69 -0.02
-6.69 -0.02
-6.69 -0.02
-6.69 -0.02
-6.69 -0.02
-6.69 -0.02
-6.69 -0.02
-6.69 -0.02
-6.69 -0.02
-6.69 -0.02
-6.69 -0.02
-6.69 -0.02
-6.69 -0.02
-6.69 -0.02
-6.69 -0.02
-6.69 -0.02
-6.69 -0.02
-6.69 -0.02
-6.67 -0.03
-6.69 -0.02
-6.67 -0.03
-6.66 -0.03
-6.64 -0.03
-6.63 -0.03
-6.63 -0.03
-6.61 -0.03
-6.63 -0.03
-6.61 -0.03
-6.61 -0.03
-6.61 -0.03
-6.61 -0.03
-6.63 -0.03
-6.63 -0.03
-6.63 -0.03
-6.63 -0.03
-6.63 -0.03
-6.63 -0.03
-6.63 -0.03
-6.63 -0.03
-6.63 -0.03
-6.61 -0.03
-6.61 -0.03
-6.60 -0.04
-6.58 -0.04
-6.55 -0.04
-6.54 -0.05
-6.50 -0.05
-6.50 -0.05
-6.49 -0.05
-6.47 -0.05
-6.47 -0.05
-6.47 -0.05
-6.47 -0.06
-6.46 -0.06
-6.46 -0.06
-6.44 -0.06
-6.43 -0.06
-6.41 -0.06
-6.38 -0.07
-6.35 -0.07
-6.32 -0.08
-6.29 -0.08
-6.24 -0.09
-6.20 -0.09
-6.15 -0.10
-6.11 -0.11
-6.03 -0.12
-5.97 -0.13
-5.89 -0.14
-5.80 -0.15
-5.74 -0.16
-5.65 -0.18
-5.57 -0.19
-5.51 -0.19
-5.43 -0.20
-5.39 -0.21
-5.32 -0.22
-5.28 -0.22
-5.25 -0.22
-5.20 -0.23
-5.16 -0.23
-5.12 -0.23
-5.09 -0.23
-5.06 -0.23
-5.03 -0.24
-5.02 -0.24
-5.00 -0.23
-4.99 -0.24
-4.97 -0.24
-4.99 -0.23
-4.97 -0.23
-4.97 -0.23
-4.99 -0.23
-4.97 -0.23
-4.99 -0.23
-4.97 -0.23
-4.99 -0.23
-4.99 -0.23
-5.00 -0.23
-5.02 -0.22
-5.02 -0.22
-5.03 -0.22
-5.03 -0.22
-5.05 -0.21
-5.06 -0.21
-5.06 -0.21
-5.08 -0.20
-5.08 -0.20
-5.09 -0.20
-5.09 -0.19
-5.09 -0.19
-5.09 -0.19
-5.09 -0.19
-5.09 -0.18
-5.09 -0.18
-5.09 -0.18
-5.09 -0.18
-5.08 -0.19
-5.06 -0.19
-5.06 -0.19
-5.05 -0.19
-5.03 -0.19
-5.03 -0.19
-5.02 -0.20
-5.03 -0.19
-5.03 -0.19
-5.02 -0.20
-5.03 -0.19
-5.02 -0.20
-5.02 -0.20
-5.03 -0.19
-5.03 -0.19
-5.03 -0.20
-5.03 -0.20
-5.03 -0.20
-5.03 -0.19
-5.05 -0.19
-5.05 -0.19
-5.06 -0.19
-5.06 -0.19
-5.08 -0.19
-5.09 -0.19
-5.09 -0.19
-5.11 -0.19
-5.11 -0.19
-5.11 -0.19
-5.11 -0.19
-5.11 -0.19
-5.11 -0.19
-5.11 -0.19
-5.11 -0.19
-5.11 -0.19
-5.09 -0.19
-5.11 -0.19
-5.09 -0.19
-5.11 -0.19
-5.09 -0.19
-5.09 -0.19
-5.09 -0.19
-5.09 -0.19
-5.09 -0.19
-5.09 -0.19
-5.09 -0.19
-5.09 -0.19
-5.11 -0.19
-5.09 -0.19
-5.09 -0.19
-5.11 -0.19
-5.09 -0.19
-5.11 -0.19
-5.11 -0.19
-5.11 -0.19
-5.11 -0.19
-5.12 -0.19
-5.12 -0.19
-5.14 -0.18
-5.16 -0.18
-5.16 -0.18
-5.17 -0.18
-5.19 -0.18
-5.20 -0.17
-5.20 -0.17
-5.22 -0.17
-5.23 -0.17
-5.25 -0.17
-5.25 -0.17
-5.26 -0.16
-5.28 -0.16
-5.28 -0.16
-5.29 -0.16
-5.29 -0.16
-5.31 -0.16
-5.32 -0.16
-5.32 -0.16
-5.34 -0.15
-5.35 -0.15
-5.35 -0.15
-5.37 -0.15
-5.40 -0.14
-5.42 -0.14
-5.45 -0.14
-5.48 -0.13
-5.51 -0.13
-5.55 -0.12
-5.58 -0.12
-5.63 -0.11
-5.69 -0.10
-5.74 -0.09
-5.80 -0.09
-5.88 -0.07
-5.95 -0.06
-6.04 -0.05
-6.15 -0.03
-6.26 -0.02
-6.37 -0.00
-6.49 0.02
-6.63 0.03
-6.77 0.05
-6.87 0.06
-6.96 0.06
-7.09 0.07
-7.18 0.07
-7.30 0.07
-7.42 0.07
-7.58 0.08
-7.72 0.08
-7.85 0.09
-7.85 0.07
-7.99 0.08
-8.13 0.08
-8.27 0.09
-8.41 0.10
-8.53 0.10
-8.62 0.10
-8.73 0.09
-8.80 0.11
-8.88 0.09
-8.94 0.07
-9.00 0.05
-9.03 0.02
-9.08 -0.02
-9.11 -0.06
-9.16 -0.10
-9.23 -0.15
-9.33 -0.19
-9.40 -0.23
-9.49 -0.27
-9.57 -0.30
-9.60 -0.34
-9.63 -0.36
-9.63 -0.38
-9.62 -0.38
-9.62 -0.36
-9.62 -0.34
-9.60 -0.31
-9.60 -0.27
-9.60 -0.23
-9.59 -0.19
-9.59 -0.16
-9.59 -0.11
-9.59 -0.08
-9.57 -0.04
-9.57 -0.01
-9.57 0.02
-9.56 0.05
-9.56 0.08
-9.51 0.10
-9.46 0.11
-9.40 0.11
-9.36 0.12
-9.33 0.12
-9.30 0.12
-9.28 0.11
-9.28 0.11
-9.28 0.11
-9.28 0.10
-9.26 0.09
-9.26 0.08
-9.25 0.06
-9.22 0.05
-9.20 0.03
-9.17 0.01
-9.14 -0.01
-9.13 -0.03
-9.10 -0.05
-9.11 -0.06
-9.13 -0.06
-9.16 -0.05
-9.17 -0.04
-9.17 -0.03
-9.19 -0.01
-9.19 0.01
-9.17 0.03
-9.17 0.04
-9.14 0.05
-9.10 0.05
-9.07 0.05
-9.02 0.05
-9.00 0.05
-8.99 0.04
-8.99 0.04
-8.97 0.03
-8.97 0.03
-8.97 0.02
-8.96 0.01
-8.93 -0.01
-8.91 -0.02
-8.88 -0.03
-8.88 -0.03
-8.88 -0.03
-8.88 -0.02
-8.87 -0.02
-8.87 -0.01
-8.85 0.00
-8.84 0.01
-8.80 0.02
-8.74 0.02
-8.67 0.01
-8.59 -0.00
-8.50 -0.02
-8.45 -0.02
-8.44 -0.02
-8.45 -0.02
-8.47 -0.01
-8.50 -0.00
-8.51 0.01
-8.50 0.01
-8.48 0.01
-8.45 0.01
-8.39 0.00
-8.33 -0.01
-8.28 -0.02
-8.25 -0.03
-8.27 -0.03
-8.30 -0.02
-8.33 -0.01
-8.38 -0.00
-8.39 0.01
-8.41 0.01
-8.39 0.02
-8.36 0.01
-8.31 0.00
-8.27 -0.01
-8.22 -0.02
-8.19 -0.03
-8.21 -0.02
-8.25 -0.02
-8.28 -0.01
-8.31 -0.00
-8.33 0.00
-8.31 0.01
-8.30 0.01
-8.24 -0.00
-8.15 -0.02
-8.07 -0.03
-8.02 -0.04
-8.01 -0.04
-7.99 -0.04
-7.99 -0.04
-7.99 -0.03
-7.98 -0.03
-7.96 -0.03
-7.95 -0.03
-7.92 -0.03
-7.88 -0.05
-7.85 -0.05
-7.81 -0.05
-7.93 -0.03
-7.90 -0.03
-7.87 -0.03
-7.85 -0.03
-7.82 -0.03
-7.79 -0.03
-7.78 -0.03
-7.76 -0.03
-7.75 -0.03
-7.75 -0.03
-7.73 -0.04
-7.72 -0.04
-7.72 -0.04
-7.70 -0.04
-7.70 -0.04
-7.69 -0.04
-7.67 -0.05
-7.67 -0.05
-7.65 -0.05
-7.62 -0.05
-7.61 -0.05
-7.58 -0.06
-7.56 -0.06
-7.53 -0.07
-7.52 -0.07
-7.49 -0.07
-7.47 -0.08
-7.46 -0.08
-7.44 -0.08
-7.42 -0.08
-7.41 -0.08
-7.41 -0.08
-7.39 -0.09
-7.39 -0.09
-7.38 -0.09
-7.38 -0.09
-7.38 -0.09
-7.38 -0.09
-7.39 -0.09
-7.38 -0.09
-7.38 -0.09
-7.38 -0.09
-7.38 -0.09
-7.38 -0.09
-7.38 -0.09
-7.36 -0.09
-7.36 -0.09
-7.35 -0.09
-7.35 -0.09
-7.33 -0.10
-7.33 -0.10
-7.32 -0.10
-7.30 -0.10
-7.29 -0.10
-7.29 -0.10
-7.27 -0.11
-7.27 -0.11
-7.27 -0.11
-7.27 -0.11
-7.26 -0.11
-7.27 -0.11
-7.26 -0.11
-7.26 -0.11
-7.26 -0.11
-7.26 -0.11
-7.24 -0.11
-7.24 -0.11
-7.23 -0.11
-7.23 -0.11
-7.21 -0.11
-7.19 -0.12
-7.18 -0.12
-7.18 -0.12
-7.16 -0.12
-7.15 -0.13
-7.13 -0.13
-7.10 -0.13
-7.09 -0.14
-7.07 -0.14
-7.06 -0.14
-7.03 -0.14
-7.01 -0.15
-7.00 -0.15
-6.98 -0.15
-6.95 -0.16
-6.93 -0.16
-6.90 -0.16
-6.87 -0.17
-6.84 -0.17
-6.81 -0.18
-6.77 -0.18
-6.72 -0.19
-6.67 -0.20
-6.63 -0.20
-6.58 -0.21
-6.54 -0.22
-6.47 -0.23
-6.43 -0.23
-6.37 -0.24
-6.31 -0.25
-6.24 -0.26
-6.17 -0.27
-6.11 -0.28
-6.03 -0.29
-5.97 -0.30
-5.89 -0.31
-5.83 -0.32
-5.77 -0.33
-5.72 -0.34
-5.66 -0.35
-5.62 -0.36
-5.57 -0.36
-5.54 -0.37
-5.49 -0.37
-5.46 -0.38
-5.45 -0.38
-5.43 -0.38
-5.42 -0.38
-5.42 -0.38
-5.42 -0.38
-5.42 -0.38
-5.42 -0.38
-5.42 -0.38
-5.42 -0.38
-5.42 -0.38
-5.42 -0.38
-5.42 -0.38
-5.42 -0.38
-5.42 -0.38
-5.42 -0.38
-5.43 -0.38
-5.45 -0.38
-5.45 -0.38
-5.46 -0.37
-5.46 -0.37
-5.46 -0.37
-5.46 -0.37
-5.48 -0.37
-5.46 -0.37
-5.46 -0.37
-5.46 -0.37
-5.46 -0.37
-5.46 -0.37
-5.46 -0.37
-5.46 -0.37
-5.46 -0.37
-5.46 -0.37
-5.48 -0.37
-5.46 -0.37
-5.46 -0.37
-5.46 -0.37
-5.46 -0.37
-5.46 -0.37
-5.46 -0.37
-5.46 -0.37
-5.45 -0.37
-5.45 -0.37
-5.45 -0.37
-5.45 -0.37
-5.45 -0.37
-5.45 -0.37
-5.45 -0.37
-5.45 -0.37
-5.45 -0.37
-5.45 -0.37
-5.45 -0.37
-5.45 -0.37
-5.45 -0.37
-5.45 -0.37
-5.45 -0.37
-5.45 -0.37
-5.45 -0.37
-5.45 -0.37
-5.45 -0.37
-5.45 -0.37
-5.45 -0.37
-5.45 -0.37
-5.45 -0.37
-5.45 -0.37
-5.45 -0.37
-5.45 -0.37
-5.45 -0.37
-5.45 -0.37
-5.45 -0.37
-5.45 -0.37
-5.45 -0.37
-5.45 -0.37
-5.45 -0.37
-5.45 -0.37
-5.45 -0.37
-5.45 -0.37
-5.45 -0.37
-5.45 -0.37
-5.45 -0.37
-5.45 -0.37
-5.45 -0.37
-5.45 -0.37
-5.45 -0.37
-5.45 -0.37
-5.45 -0.37
-5.46 -0.37
-5.46 -0.37
-5.46 -0.37
-5.46 -0.37
-5.46 -0.37
-5.48 -0.37
-5.48 -0.37
-5.48 -0.37
-5.49 -0.36
-5.49 -0.36
-5.49 -0.36
-5.51 -0.36
-5.51 -0.36
-5.51 -0.36
-5.51 -0.36
-5.52 -0.36
-5.52 -0.36
-5.52 -0.36
-5.54 -0.36
-5.54 -0.36
-5.54 -0.36
-5.55 -0.36
-5.54 -0.36
-5.55 -0.36
-5.55 -0.36
-5.55 -0.36
-5.55 -0.36
-5.55 -0.36
-5.55 -0.36
-5.55 -0.36
-5.55 -0.36
-5.55 -0.36
-5.55 -0.36
-5.55 -0.36
-5.55 -0.36
-5.55 -0.36
-5.55 -0.36
-5.55 -0.36
-5.55 -0.36
-5.55 -0.36
-5.55 -0.36
-5.55 -0.36
-5.55 -0.36
-5.57 -0.36
-5.57 -0.35
-5.57 -0.36
-5.57 -0.35
-5.57 -0.35
-5.57 -0.36
-5.57 -0.36
-5.57 -0.35
-5.57 -0.36
-5.57 -0.36
-5.57 -0.36
-5.57 -0.36
-5.57 -0.35
-5.57 -0.36
-5.57 -0.36
-5.57 -0.36
-5.57 -0.36
-5.57 -0.36
-5.57 -0.36
-5.57 -0.35
-5.57 -0.35
-5.57 -0.36
-5.57 -0.36
-5.57 -0.36
-5.57 -0.36
-5.57 -0.35
-5.58 -0.35
-5.58 -0.35
-5.58 -0.35
-5.58 -0.35
-5.58 -0.35
-5.60 -0.35
-5.60 -0.35
-5.60 -0.35
-5.60 -0.35
-5.60 -0.35
-5.60 -0.35
-5.60 -0.35
-5.60 -0.35
-5.60 -0.35
-5.58 -0.35
-5.60 -0.35
-5.60 -0.35
-5.60 -0.35
-5.60 -0.35
-5.60 -0.35
-5.60 -0.35
-5.60 -0.35
-5.58 -0.35
-5.58 -0.35
-5.58 -0.35
-5.58 -0.35
-5.58 -0.35
-5.58 -0.35
-5.58 -0.35
-5.58 -0.35
-5.58 -0.35
-5.58 -0.35
-5.58 -0.35
-5.58 -0.35
-5.57 -0.35
-5.58 -0.35
-5.57 -0.36
-5.57 -0.36
-5.57 -0.36
-5.57 -0.36
-5.57 -0.36
-5.55 -0.36
-5.55 -0.36
-5.55 -0.36
-5.55 -0.36
-5.54 -0.36
-5.54 -0.36
-5.54 -0.36
-5.54 -0.36
-5.54 -0.36
-5.52 -0.36
-5.52 -0.36
-5.51 -0.37
-5.51 -0.37
-5.51 -0.37
-5.49 -0.37
-5.48 -0.37
-5.48 -0.37
-5.46 -0.38
-5.45 -0.38
-5.43 -0.38
-5.42 -0.39
-5.40 -0.39
-5.37 -0.39
-5.35 -0.40
-5.32 -0.40
-5.29 -0.41
-5.28 -0.41
-5.25 -0.41
-5.22 -0.42
-5.19 -0.42
-5.17 -0.42
-5.14 -0.43
-5.11 -0.43
-5.09 -0.44
-5.08 -0.44
-5.05 -0.44
-5.03 -0.45
-5.02 -0.45
-5.00 -0.45
-4.97 -0.45
-4.96 -0.46
-4.93 -0.46
-4.89 -0.46
-4.88 -0.47
-4.85 -0.47
-4.83 -0.47
-4.82 -0.48
-4.80 -0.48
-4.80 -0.48
-4.79 -0.48
-4.77 -0.48
-4.76 -0.49
-4.74 -0.49
-4.73 -0.49
-4.70 -0.49
-4.66 -0.50
-4.63 -0.50
-4.59 -0.51
-4.54 -0.52
-4.50 -0.52
-4.43 -0.53
-4.37 -0.54
-4.30 -0.55
-4.24 -0.56
-4.16 -0.58
-4.08 -0.59
-4.01 -0.60
-3.91 -0.61
-3.81 -0.63
-3.70 -0.64
-3.58 -0.66
-3.44 -0.68
-3.27 -0.71
-3.12 -0.73
-2.93 -0.76
-2.75 -0.79
-2.58 -0.81
-2.40 -0.84
-2.23 -0.87
-2.06 -0.89
-1.87 -0.92
-1.67 -0.95
-1.44 -0.98
-1.21 -1.02
-0.97 -1.06
-0.71 -1.09
-0.46 -1.13
-0.23 -1.17
-0.03 -1.20
0.15 -1.22
0.35 -1.26
0.50 -1.28
0.67 -1.30
0.84 -1.33
1.01 -1.35
1.16 -1.38
1.35 -1.40
1.51 -1.43
1.68 -1.45
1.85 -1.48
2.01 -1.50
2.16 -1.52
2.31 -1.54
2.45 -1.56
2.60 -1.58
2.77 -1.60
2.93 -1.62
3.12 -1.64
3.32 -1.67
3.52 -1.69
3.72 -1.71
3.89 -1.72
4.08 -1.74
4.21 -1.74
4.37 -1.75
4.50 -1.76
4.64 -1.76
4.78 -1.76
4.93 -1.77
5.09 -1.77
5.27 -1.78
5.44 -1.79
5.62 -1.80
5.81 -1.82
5.99 -1.83
6.18 -1.85
6.18 -1.85
6.38 -1.88
6.62 -1.90
6.88 -1.90
7.14 -1.90
7.39 -1.90
7.65 -1.90
7.89 -1.90
8.12 -1.90
8.38 -1.90
8.66 -1.90
8.94 -1.90
9.27 -1.90
9.58 -1.90
9.90 -1.90
10.25 -1.90
10.59 -1.90
10.93 -1.90
11.28 -1.90
11.62 -1.90
11.96 -1.90
12.34 -1.90
12.74 -1.90
13.17 -1.90
13.61 -1.90
14.10 -1.90
14.50 -1.90
14.92 -1.90
15.25 -1.90
15.53 -1.90
15.79 -1.90
15.99 -1.90
16.20 -1.90
16.40 -1.90
16.56 -1.90
16.74 -1.90
16.94 -1.90
17.11 -1.90
17.28 -1.90
17.45 -1.90
17.58 -1.90
17.72 -1.90
17.84 -1.90
17.97 -1.90
18.07 -1.90
18.17 -1.90
18.26 -1.90
18.37 -1.90
18.47 -1.90
18.58 -1.90
18.67 -1.90
18.76 -1.90
18.87 -1.90
18.96 -1.90
19.04 -1.90
19.12 -1.90
19.21 -1.90
19.27 -1.90
19.33 -1.90
19.41 -1.90
19.47 -1.90
19.53 -1.90
19.61 -1.90
19.67 -1.90
19.71 -1.90
19.76 -1.90
19.82 -1.90
19.87 -1.90
19.91 -1.90
19.96 -1.90
20.01 -1.90
20.05 -1.90
20.10 -1.90
20.13 -1.90
20.17 -1.90
20.33 -1.90
20.37 -1.90
20.42 -1.90
20.45 -1.90
20.50 -1.90
20.53 -1.90
20.56 -1.90
20.59 -1.90
20.62 -1.90
20.63 -1.90
20.67 -1.90
20.68 -1.90
20.71 -1.90
20.73 -1.90
20.80 -1.90
20.86 -1.90
20.93 -1.90
20.97 -1.90
21.02 -1.90
21.06 -1.90
21.11 -1.90
21.14 -1.90
21.19 -1.90
21.25 -1.90
21.29 -1.90
21.34 -1.90
21.40 -1.90
21.45 -1.90
21.49 -1.90
21.54 -1.90
21.59 -1.90
21.63 -1.90
21.68 -1.90
21.74 -1.90
21.78 -1.90
21.85 -1.90
21.91 -1.90
21.97 -1.90
22.03 -1.90
22.11 -1.90
22.17 -1.90
22.26 -1.90
22.34 -1.90
22.41 -1.90
22.49 -1.90
22.58 -1.90
22.67 -1.90
22.77 -1.90
22.87 -1.90
22.97 -1.90
23.07 -1.90
23.18 -1.90
23.29 -1.90
23.39 -1.90
23.50 -1.90
23.62 -1.90
23.75 -1.90
23.85 -1.90
23.98 -1.90
24.10 -1.90
24.25 -1.90
24.41 -1.90
24.56 -1.90
24.73 -1.90
24.88 -1.90
25.05 -1.90
25.17 -1.90
25.31 -1.90
25.43 -1.90
25.54 -1.90
25.66 -1.90
25.79 -1.90
25.91 -1.90
26.06 -1.90
26.20 -1.90
26.42 -1.90
26.60 -1.90
26.84 -1.90
27.04 -1.90
27.24 -1.90
27.41 -1.90
27.55 -1.90
27.67 -1.90
27.78 -1.90
27.89 -1.90
27.99 -1.90
28.10 -1.90
28.21 -1.90
28.32 -1.90
28.42 -1.90
28.53 -1.90
28.65 -1.90
28.78 -1.90
28.91 -1.90
29.07 -1.90
29.21 -1.90
29.37 -1.90
29.54 -1.90
29.71 -1.90
29.85 -1.90
29.96 -1.90
30.06 -1.90
30.17 -1.90
30.28 -1.90
30.39 -1.90
30.46 -1.90
30.54 -1.90
30.60 -1.90
30.66 -1.90
30.72 -1.90
30.82 -1.90
30.94 -1.90
31.03 -1.90
31.12 -1.90
31.20 -1.90
31.25 -1.90
31.29 -1.90
31.34 -1.90
31.38 -1.90
31.44 -1.90
31.49 -1.90
31.55 -1.90
31.61 -1.90
31.67 -1.90
31.74 -1.90
31.77 -1.90
31.89 -1.90
32.01 -1.90
32.12 -1.90
32.21 -1.90
32.27 -1.90
32.29 -1.90
32.33 -1.90
32.38 -1.90
32.43 -1.90
32.46 -1.90
32.50 -1.90
32.53 -1.90
32.56 -1.90
32.58 -1.90
32.59 -1.90
32.61 -1.90
32.63 -1.90
32.64 -1.90
32.64 -1.90
32.66 -1.90
32.66 -1.90
32.66 -1.90
32.66 -1.90
32.66 -1.90
32.66 -1.90
32.66 -1.90
32.66 -1.90
32.64 -1.90
32.64 -1.90
32.64 -1.90
32.63 -1.90
32.63 -1.90
32.63 -1.90
32.61 -1.90
32.61 -1.90
32.61 -1.90
32.61 -1.90
32.59 -1.90
32.59 -1.90
32.59 -1.90
32.59 -1.90
32.59 -1.90
32.59 -1.90
32.58 -1.90
32.58 -1.90
32.58 -1.90
32.58 -1.90
32.58 -1.90
32.58 -1.90
32.58 -1.90
32.58 -1.90
32.56 -1.90
32.56 -1.90
32.55 -1.90
32.53 -1.90
32.52 -1.90
32.50 -1.90
32.47 -1.90
32.46 -1.90
32.43 -1.90
32.41 -1.90
32.36 -1.90
32.33 -1.90
32.30 -1.90
32.26 -1.90
32.21 -1.90
32.17 -1.90
32.10 -1.90
32.06 -1.90
31.98 -1.90
31.92 -1.90
31.86 -1.90
31.78 -1.90
31.71 -1.90
31.63 -1.90
31.54 -1.90
31.43 -1.90
31.32 -1.90
31.20 -1.90
31.06 -1.90
30.88 -1.90
30.69 -1.90
30.46 -1.90
30.19 -1.90
29.90 -1.90
29.57 -1.90
29.18 -1.90
28.75 -1.90
28.33 -1.90
27.87 -1.90
27.41 -1.90
26.98 -1.90
26.57 -1.90
26.14 -1.90
25.68 -1.90
25.25 -1.90
24.74 -1.90
24.28 -1.90
23.87 -1.90
23.44 -1.90
23.03 -1.90
22.67 -1.90
22.35 -1.90
22.06 -1.90
21.80 -1.90
21.51 -1.90
21.20 -1.90
20.93 -1.90
20.62 -1.90
20.34 -1.90
19.94 -1.90
19.68 -1.90
19.42 -1.90
19.19 -1.90
18.93 -1.90
18.67 -1.90
18.40 -1.90
18.10 -1.90
17.74 -1.90
17.37 -1.90
16.95 -1.90
16.53 -1.90
16.08 -1.90
15.62 -1.90
15.11 -1.90
14.65 -1.90
14.15 -1.90
13.67 -1.83
13.21 -1.76
12.71 -1.67
12.17 -1.59
11.59 -1.50
11.05 -1.41
10.50 -1.33
10.01 -1.26
9.63 -1.21
9.27 -1.15
8.97 -1.11
8.64 -1.07
8.34 -1.03
8.06 -1.00
7.75 -0.96
7.48 -0.92
7.20 -0.89
6.94 -0.86
6.71 -0.84
6.48 -0.81
6.25 -0.79
6.02 -0.77
6.05 -0.78
5.82 -0.76
5.59 -0.73
5.36 -0.71
5.13 -0.69
4.92 -0.67
4.73 -0.65
4.54 -0.63
4.35 -0.62
4.17 -0.61
3.98 -0.60
3.80 -0.58
3.63 -0.58
3.45 -0.58
3.25 -0.58
3.06 -0.58
2.88 -0.59
2.63 -0.59
2.37 -0.60
2.07 -0.60
1.70 -0.59
1.32 -0.57
0.93 -0.54
0.52 -0.51
0.15 -0.47
-0.22 -0.43
-0.60 -0.38
-0.97 -0.33
-1.34 -0.28
-1.75 -0.22
-2.17 -0.16
-2.67 -0.08
-3.16 -0.01
-3.62 0.06
-4.07 0.12
-4.48 0.16
-4.82 0.19
-5.11 0.19
-5.37 0.18
-5.60 0.16
-5.83 0.14
-6.08 0.13
-6.32 0.12
-6.57 0.11
-6.84 0.12
-7.12 0.12
-7.38 0.12
-7.62 0.12
-7.87 0.13
-7.87 0.09
-8.08 0.10
-8.31 0.10
-8.53 0.10
-8.71 0.11
-8.93 0.11
-9.11 0.11
-9.31 0.14
-9.54 0.13
-9.77 0.12
-10.02 0.11
-10.29 0.08
-10.58 0.04
-10.83 -0.04
-11.09 -0.15
-11.37 -0.29
-11.70 -0.38
-12.07 -0.44
-12.52 -0.45
-12.99 -0.44
-13.45 -0.40
-13.93 -0.36
-14.39 -0.30
-14.85 -0.25
-15.34 -0.18
-15.95 -0.09
-16.59 0.01
-17.22 0.10
-17.79 0.19
-18.27 0.25
-18.68 0.31
-18.97 0.33
-19.26 0.36
-19.55 0.38
-19.89 0.41
-20.23 0.44
-20.57 0.46
-20.89 0.49
-21.18 0.50
-21.45 0.52
-21.72 0.53
-21.67 0.50
-21.93 0.51
-22.18 0.51
-22.44 0.56
-22.67 0.55
-22.88 0.53
-23.06 0.49
-23.25 0.44
-23.40 0.36
-23.54 0.25
-23.68 0.09
-23.82 -0.08
-23.98 -0.22
-24.14 -0.31
-24.35 -0.35
-24.61 -0.38
-24.89 -0.38
-25.18 -0.37
-25.50 -0.35
-25.86 -0.32
-26.24 -0.27
-26.64 -0.22
-27.04 -0.16
-27.43 -0.10
-27.85 -0.03
-28.25 0.04
-28.66 0.11
-29.06 0.18
-29.44 0.25
-29.86 0.31
-30.27 0.38
-30.72 0.45
-31.16 0.51
-31.59 0.57
-31.99 0.62
-32.36 0.67
-32.69 0.71
-32.99 0.74
-33.26 0.77
-33.48 0.78
-33.68 0.80
-33.86 0.81
-34.03 0.81
-34.21 0.82
-34.38 0.83
-34.55 0.84
-34.72 0.84
-34.84 1.75
-34.96 0.92
-35.07 0.89
-35.12 0.85
-35.15 0.78
-35.19 0.70
-35.24 0.59
-35.30 0.43
-35.36 0.23
-35.42 0.04
-35.50 -0.08
-35.58 -0.16
-35.65 -0.22
-35.90 -0.24
-36.07 -0.26
-36.27 -0.26
-36.45 -0.26
-36.63 -0.25
-36.80 -0.24
-36.99 -0.22
-37.17 -0.19
-37.37 -0.16
-37.59 -0.12
-37.83 -0.07
-38.11 -0.01
-38.40 0.06
-38.64 0.12
-38.89 0.18
-39.09 0.24
-39.21 0.28
-39.36 0.32
-39.49 0.35
-39.59 0.38
-39.75 0.40
-39.90 0.43
-40.01 0.44
-40.12 0.44
-40.21 0.44
-40.24 0.43
-40.27 0.42
-40.28 0.41
-40.28 0.39
-40.28 0.37
-40.28 0.35
-40.30 0.34
-40.30 0.32
-40.30 0.30
-40.30 0.29
-40.28 0.27
-40.25 0.25
-40.21 0.23
-40.15 0.21
-40.08 0.18
-40.02 0.16
-39.96 0.13
-39.90 0.11
-39.84 -0.03
-39.76 -0.06
-39.73 -0.08
-39.70 -0.09
-39.70 -0.09
-39.69 -0.09
-39.66 -0.09
-39.61 -0.09
-39.53 -0.08
-39.43 -0.08
-39.33 -0.09
-39.23 -0.09
-39.10 -0.08
-38.98 -0.08
-38.86 -0.08
-38.74 -0.07
-38.60 -0.05
-38.46 -0.04
-38.31 -0.02
-38.15 0.01
-38.00 0.05
-37.83 0.10
-37.60 0.15
-37.36 0.21
-37.09 0.31
-36.80 0.39
-36.51 0.48
-36.25 0.54
-35.99 0.57
-35.67 0.57
-35.44 0.57
-35.19 0.56
-34.95 0.53
-34.70 0.50
-34.46 0.45
-34.21 0.41
-33.95 0.35
-33.63 0.28
-33.25 0.19
-32.83 0.09
-32.39 -0.02
-31.94 -0.14
-31.51 -0.24
-31.13 -0.33
-30.78 -0.40
-30.44 -0.45
-30.12 -0.48
-29.77 -0.49
-29.41 -0.50
-29.00 -0.52
-28.55 -0.53
-28.11 -0.54
-27.66 -0.55
-27.25 -0.56
-26.85 -0.57
-26.50 -0.57
-26.16 -0.58
-25.86 -0.58
-25.58 -0.58
-25.33 -0.54
-25.09 -0.53
-24.84 -0.53
-24.58 -0.51
-24.29 -0.49
-24.02 -0.44
-23.74 -0.35
-23.49 -0.19
-23.26 0.04
-23.05 0.27
-22.79 0.40
-22.50 0.47
-22.14 0.50
-21.75 0.47
-21.35 0.46
-20.86 0.43
-20.34 0.40
-19.78 0.35
-19.17 0.30
-18.56 0.25
-17.96 0.20
-17.38 0.14
-16.84 0.09
-16.27 0.03
-15.74 -0.03
-15.21 -0.09
-14.80 -0.13
-14.46 -0.15
-14.05 -0.18
-13.65 -0.19
-13.27 -0.18
-12.88 -0.16
-12.52 -0.11
-12.19 -0.05
-11.92 0.03
-11.66 0.08
-11.40 0.11
-11.07 0.12
-10.80 0.12
-10.54 0.11
-10.31 0.10
-10.11 0.08
-9.92 0.07
-9.77 0.05
-9.65 0.04
-9.51 0.02
-9.40 0.00
-9.28 -0.02
-9.16 -0.04
-9.02 -0.06
-8.91 -0.07
-8.82 -0.09
-8.73 -0.10
-8.65 -0.10
-8.56 -0.11
-8.45 -0.12
-8.36 -0.13
-8.25 -0.14
-8.15 -0.15
-8.05 -0.16
-7.95 -0.17
-7.87 -0.18
-7.76 -0.20
-7.69 -0.21
-7.61 -0.22
-7.50 -0.23
-7.87 -0.18
-7.78 -0.19
-7.69 -0.21
-7.59 -0.22
-7.49 -0.24
-7.39 -0.25
-7.29 -0.27
-7.19 -0.28
-7.10 -0.30
-7.00 -0.32
-6.90 -0.33
-6.80 -0.35
-6.69 -0.37
-6.58 -0.38
-6.46 -0.40
-6.34 -0.43
-6.21 -0.45
-6.08 -0.47
-5.94 -0.49
-5.78 -0.52
-5.60 -0.55
-5.40 -0.58
-5.20 -0.61
-5.00 -0.65
-4.80 -0.68
-4.62 -0.71
-4.45 -0.74
-4.27 -0.76
-4.08 -0.79
-3.91 -0.82
-3.71 -0.85
-3.50 -0.88
-3.28 -0.92
-3.09 -0.95
-2.86 -0.98
-2.66 -1.01
-2.44 -1.04
-2.23 -1.08
-2.01 -1.11
-1.78 -1.14
-1.54 -1.18
-1.29 -1.22
-1.05 -1.25
-0.80 -1.29
-0.56 -1.33
-0.34 -1.36
-0.14 -1.39
0.06 -1.42
0.23 -1.44
0.40 -1.47
0.53 -1.49
0.69 -1.51
0.82 -1.53
0.93 -1.55
1.04 -1.56
1.15 -1.58
1.24 -1.59
1.33 -1.61
1.41 -1.62
1.50 -1.63
1.58 -1.64
1.65 -1.65
1.71 -1.66
1.78 -1.67
1.84 -1.68
1.90 -1.69
1.97 -1.70
2.04 -1.71
2.10 -1.72
2.17 -1.73
2.25 -1.74
2.31 -1.75
2.37 -1.76
2.45 -1.77
2.53 -1.78
2.60 -1.80
2.70 -1.81
2.79 -1.82
2.88 -1.84
3.00 -1.85
3.12 -1.87
3.25 -1.89
3.37 -1.90
3.49 -1.90
3.62 -1.90
3.72 -1.90
3.83 -1.90
3.92 -1.90
4.00 -1.90
4.08 -1.90
4.15 -1.90
4.23 -1.90
4.29 -1.90
4.35 -1.90
4.41 -1.90
4.47 -1.90
4.52 -1.90
4.55 -1.90
4.60 -1.90
4.64 -1.90
4.67 -1.90
4.70 -1.90
4.75 -1.90
4.80 -1.90
4.84 -1.90
4.89 -1.90
4.93 -1.90
4.98 -1.90
5.04 -1.90
5.12 -1.90
5.18 -1.90
5.26 -1.90
5.35 -1.90
5.42 -1.90
5.50 -1.90
5.58 -1.90
5.67 -1.90
5.75 -1.90
5.82 -1.90
5.90 -1.90
5.98 -1.90
6.05 -1.90
6.15 -1.90
6.15 -1.90
4.60 -1.90
4.70 -1.90
4.84 -1.90
5.00 -1.90
5.13 -1.90
5.27 -1.90
5.42 -1.90
5.58 -1.90
5.72 -1.90
5.85 -1.90
6.02 -1.90
6.18 -1.90
6.33 -1.90
6.50 -1.90
6.67 -1.90
6.85 -1.90
7.03 -1.90
7.23 -1.90
7.45 -1.90
7.66 -1.90
7.89 -1.90
8.12 -1.90
8.35 -1.90
8.58 -1.90
8.81 -1.90
9.04 -1.90
9.24 -1.90
9.44 -1.90
9.64 -1.90
9.87 -1.90
10.10 -1.90
10.35 -1.90
10.61 -1.90
10.91 -1.90
11.22 -1.90
11.63 -1.90
12.02 -1.90
12.40 -1.90
12.78 -1.90
13.12 -1.90
13.43 -1.90
13.70 -1.90
13.90 -1.90
14.12 -1.90
14.29 -1.90
14.47 -1.90
14.62 -1.90
14.79 -1.90
14.98 -1.90
15.11 -1.90
15.28 -1.90
15.44 -1.90
15.59 -1.90
15.74 -1.90
15.88 -1.90
16.02 -1.90
16.16 -1.90
16.28 -1.90
16.40 -1.90
16.53 -1.90
16.65 -1.90
16.77 -1.90
16.89 -1.90
17.03 -1.90
17.17 -1.90
17.29 -1.90
17.45 -1.90
17.57 -1.90
17.69 -1.90
17.80 -1.90
17.91 -1.90
18.00 -1.90
18.09 -1.90
18.18 -1.90
18.27 -1.90
18.37 -1.90
18.46 -1.90
18.55 -1.90
18.64 -1.90
20.31 -1.90
20.40 -1.90
20.51 -1.90
20.59 -1.90
20.68 -1.90
20.77 -1.90
20.85 -1.90
20.94 -1.90
21.02 -1.90
21.11 -1.90
21.19 -1.90
21.26 -1.90
21.34 -1.90
21.42 -1.90
21.49 -1.90
21.57 -1.90
21.65 -1.90
21.72 -1.90
21.80 -1.90
21.88 -1.90
21.95 -1.90
22.03 -1.90
22.11 -1.90
22.20 -1.90
22.29 -1.90
22.41 -1.90
22.51 -1.90
22.61 -1.90
22.70 -1.90
22.80 -1.90
22.87 -1.90
22.93 -1.90
23.00 -1.90
23.06 -1.90
23.10 -1.90
23.16 -1.90
23.23 -1.90
23.27 -1.90
23.32 -1.90
23.36 -1.90
23.41 -1.90
23.46 -1.90
23.49 -1.90
23.53 -1.90
23.58 -1.90
23.61 -1.90
23.67 -1.90
23.75 -1.90
23.81 -1.90
23.89 -1.90
23.96 -1.90
24.02 -1.90
24.08 -1.90
24.13 -1.90
24.19 -1.90
24.25 -1.90
24.31 -1.90
24.38 -1.90
24.45 -1.90
24.51 -1.90
24.61 -1.90
24.68 -1.90
24.77 -1.90
24.87 -1.90
24.94 -1.90
25.04 -1.90
25.13 -1.90
25.22 -1.90
25.31 -1.90
25.39 -1.90
25.46 -1.90
25.53 -1.90
25.59 -1.90
25.66 -1.90
25.73 -1.90
25.79 -1.90
25.89 -1.90
25.97 -1.90
26.08 -1.90
26.20 -1.90
26.32 -1.90
26.45 -1.90
26.57 -1.90
26.72 -1.90
26.88 -1.90
27.01 -1.90
27.15 -1.90
27.26 -1.90
27.37 -1.90
27.44 -1.90
27.52 -1.90
27.60 -1.90
27.69 -1.90
27.78 -1.90
27.90 -1.90
27.98 -1.90
28.06 -1.90
28.12 -1.90
28.18 -1.90
28.24 -1.90
28.29 -1.90
28.36 -1.90
28.45 -1.90
28.56 -1.90
28.65 -1.90
28.73 -1.90
28.81 -1.90
28.85 -1.90
28.90 -1.90
28.96 -1.90
29.01 -1.90
29.05 -1.90
29.11 -1.90
29.16 -1.90
29.21 -1.90
29.25 -1.90
29.30 -1.90
29.33 -1.90
29.36 -1.90
29.39 -1.90
29.44 -1.90
29.47 -1.90
29.48 -1.90
29.51 -1.90
29.54 -1.90
29.56 -1.90
29.57 -1.90
29.60 -1.90
29.64 -1.90
29.67 -1.90
29.68 -1.90
29.71 -1.90
29.73 -1.90
29.76 -1.90
29.77 -1.90
29.80 -1.90
29.82 -1.90
29.85 -1.90
29.88 -1.90
29.91 -1.90
29.93 -1.90
29.96 -1.90
29.99 -1.90
30.02 -1.90
30.05 -1.90
30.08 -1.90
30.11 -1.90
30.14 -1.90
30.19 -1.90
30.22 -1.90
30.25 -1.90
30.28 -1.90
30.31 -1.90
30.34 -1.90
30.39 -1.90
30.42 -1.90
30.45 -1.90
30.48 -1.90
30.51 -1.90
30.54 -1.90
30.57 -1.90
30.62 -1.90
30.65 -1.90
30.69 -1.90
30.74 -1.90
30.79 -1.90
30.83 -1.90
30.88 -1.90
30.92 -1.90
30.97 -1.90
31.02 -1.90
31.06 -1.90
31.11 -1.90
31.15 -1.90
31.17 -1.90
31.21 -1.90
31.26 -1.90
31.31 -1.90
31.35 -1.90
31.38 -1.90
31.41 -1.90
31.43 -1.90
31.44 -1.90
31.46 -1.90
31.46 -1.90
31.46 -1.90
31.46 -1.90
31.44 -1.90
31.44 -1.90
31.44 -1.90
31.43 -1.90
31.43 -1.90
31.43 -1.90
31.41 -1.90
31.40 -1.90
31.38 -1.90
31.34 -1.90
31.29 -1.90
31.21 -1.90
31.12 -1.90
31.02 -1.90
30.88 -1.90
30.72 -1.90
30.54 -1.90
30.33 -1.90
30.10 -1.90
29.87 -1.90
29.62 -1.90
29.37 -1.90
29.13 -1.90
28.90 -1.90
28.65 -1.90
28.38 -1.90
28.12 -1.90
27.86 -1.90
27.57 -1.90
27.26 -1.90
26.95 -1.90
26.63 -1.90
26.26 -1.90
25.83 -1.90
25.40 -1.90
24.96 -1.90
24.51 -1.90
24.12 -1.90
23.72 -1.90
23.35 -1.90
23.00 -1.90
22.66 -1.90
22.35 -1.90
22.05 -1.90
21.75 -1.90
21.42 -1.90
21.08 -1.90
20.76 -1.90
20.44 -1.90
19.98 -1.90
19.70 -1.90
19.39 -1.90
19.12 -1.90
18.84 -1.90
18.55 -1.90
18.29 -1.90
17.98 -1.90
17.68 -1.90
17.35 -1.90
17.02 -1.90
16.68 -1.90
16.31 -1.90
15.90 -1.90
15.50 -1.90
15.04 -1.90
14.58 -1.90
14.16 -1.90
13.72 -1.90
13.32 -1.90
12.86 -1.90
12.42 -1.90
11.93 -1.90
11.36 -1.90
10.79 -1.90
10.25 -1.90
9.76 -1.90
9.32 -1.90
8.90 -1.90
8.46 -1.90
8.06 -1.90
7.69 -1.90
7.36 -1.90
7.02 -1.90
6.73 -1.90
6.45 -1.90
6.19 -1.90
13.44 -1.90
5.96 -1.90
5.65 -1.90
5.38 -1.90
5.12 -1.90
4.84 -1.90
4.58 -1.90
4.32 -1.90
4.04 -1.89
3.78 -1.85
3.52 -1.81
3.25 -1.77
2.99 -1.73
2.71 -1.68
2.40 -1.64
2.08 -1.59
1.70 -1.53
1.28 -1.47
0.87 -1.40
0.44 -1.34
-0.02 -1.27
-0.45 -1.21
-0.89 -1.14
-1.35 -1.07
-1.81 -1.00
-2.29 -0.93
-2.82 -0.85
-3.30 -0.78
-3.73 -0.71
-4.19 -0.64
-4.57 -0.59
-4.94 -0.53
-5.29 -0.48
-5.62 -0.43
-5.92 -0.38
-6.21 -0.34
-6.55 -0.29
-6.84 -0.25
-7.15 -0.20
-7.47 -0.15
-7.76 -0.11
-7.76 -0.11
-8.02 -0.07
-8.28 -0.03
-8.54 0.01
-8.80 0.05
-9.07 0.08
-9.31 0.11
-9.56 0.14
-9.82 0.17
-10.11 0.20
-10.41 0.23
-10.75 0.26
-11.10 0.29
-11.44 0.31
-11.83 0.34
-12.27 0.37
-12.73 0.40
-13.19 0.41
-13.71 0.43
-14.25 0.42
-14.82 0.39
-15.41 0.34
-16.12 0.31
-16.92 0.29
-17.68 0.30
-18.42 0.32
-19.08 0.35
-19.65 0.38
-20.20 0.40
-20.70 0.43
-21.13 0.45
-21.53 0.46
-21.42 0.40
-21.79 0.44
-22.19 0.44
-22.59 0.41
-22.96 0.36
-23.29 0.26
-23.62 0.10
-23.95 -0.08
-24.28 -0.23
-24.60 -0.32
-25.01 -0.34
-25.50 -0.33
-26.09 -0.30
-26.76 -0.23
-27.50 -0.15
-28.22 -0.07
-28.94 0.02
-29.66 0.12
-30.36 0.21
-30.96 0.29
-31.50 0.35
-31.97 0.41
-32.39 0.45
-32.77 0.45
-33.14 0.48
-33.46 0.50
-33.75 0.52
-34.07 0.53
-34.40 0.53
-34.69 0.53
-34.99 0.51
-35.24 0.48
-35.47 0.42
-35.87 0.36
-36.07 0.25
-36.25 0.14
-36.40 0.04
-36.57 -0.04
-36.73 -0.09
-36.88 -0.11
-37.06 -0.13
-37.26 -0.13
-37.49 -0.12
-37.72 -0.10
-37.97 -0.08
-38.20 -0.05
-38.41 -0.02
-38.61 0.01
-38.80 0.05
-38.93 0.07
-39.03 0.09
-39.09 0.10
-39.13 0.11
-39.20 0.12
-39.26 0.12
-39.33 0.13
-39.41 0.14
-39.49 0.15
-39.58 0.16
-39.66 0.16
-39.76 0.17
-39.84 0.18
-39.92 0.19
-40.01 0.19
-40.07 0.20
-40.13 0.20
-40.19 0.21
-40.25 0.21
-40.30 0.21
-40.36 0.22
-40.42 0.22
-40.48 0.23
-40.54 0.23
-40.61 0.24
-40.65 0.24
-40.71 0.24
-40.76 0.24
-40.81 0.25
-40.84 0.25
-40.87 0.25
-40.91 0.25
-40.96 0.26
-41.02 0.27
-41.08 0.27
-41.16 0.28
-41.27 0.30
-41.37 0.31
-41.50 0.33
-41.65 0.35
-41.83 0.38
-42.05 0.41
-42.31 0.45
-42.60 0.50
-42.91 0.54
-43.24 0.59
-43.63 0.65
-44.04 0.71
-44.44 0.77
-44.79 0.82
-45.10 0.86
-45.36 0.90
-45.57 0.92
-45.76 0.94
-45.94 0.96
-46.10 0.98
-46.22 0.98
-46.31 0.99
-46.40 0.99
-46.46 0.98
-46.51 0.97
-46.56 0.95
-46.59 0.97
-46.60 0.94
-46.60 0.90
-46.60 0.85
-46.60 0.80
-46.60 0.73
-46.62 0.65
-46.62 0.54
-46.62 0.41
-46.62 0.27
-46.63 0.13
-46.63 0.01
-46.63 -0.08
-46.63 -0.15
-46.68 -0.20
-46.71 -0.24
-46.75 -0.27
-46.75 -0.30
-46.77 -0.32
-46.77 -0.33
-46.77 -0.33
-46.77 -0.33
-46.75 -0.32
-46.74 -0.31
-46.68 -0.30
-46.59 -0.30
-46.45 -0.30
-46.29 -0.30
-46.13 -0.30
-45.94 -0.31
-45.76 -0.31
-45.54 -0.31
-45.30 -0.30
-45.02 -0.28
-44.72 -0.26
-44.38 -0.22
-44.01 -0.16
-43.61 -0.11
-43.17 -0.05
-42.71 -0.01
-42.20 0.01
-41.69 0.02
-41.17 0.01
-40.64 -0.02
-40.16 -0.04
-39.76 -0.06
-39.46 -0.03
-39.18 -0.03
-38.95 -0.03
-38.74 -0.02
-38.49 -0.00
-38.23 0.02
-37.98 0.06
-37.72 0.10
-37.45 0.17
-37.16 0.27
-36.83 0.40
-36.53 0.53
-36.24 0.62
-35.96 0.67
-35.73 0.71
-35.48 0.73
-35.24 0.73
-34.98 0.72
-34.73 0.70
-34.46 0.67
-34.18 0.64
-33.89 0.60
-33.55 0.55
-33.18 0.49
-32.77 0.42
-32.36 0.35
-31.94 0.27
-31.54 0.20
-31.16 0.13
-30.82 0.07
-30.49 0.00
-30.18 -0.05
-29.87 -0.11
-29.60 -0.15
-29.38 -0.18
-29.15 -0.20
-28.94 -0.22
-28.71 -0.23
-28.43 -0.25
-28.17 -0.26
-27.91 -0.27
-27.68 -0.27
-27.47 -0.28
-27.27 -0.36
-27.07 -0.36
-26.90 -0.36
-26.73 -0.35
-26.56 -0.34
-26.41 -0.32
-26.25 -0.29
-26.12 -0.24
-25.98 -0.17
-25.86 -0.07
-25.73 0.10
-25.63 0.29
-25.49 0.47
-25.30 0.60
-25.10 0.68
-24.86 0.72
-24.58 0.73
-24.31 0.73
-24.03 0.73
-23.79 0.68
-23.56 0.66
-23.33 0.64
-23.11 0.61
-22.90 0.57
-22.68 0.54
-22.47 0.50
-22.25 0.45
-22.02 0.41
-21.78 0.35
-21.78 0.32
-21.45 0.25
-21.06 0.15
-20.61 0.05
-20.12 -0.07
-19.58 -0.19
-19.11 -0.30
-18.77 -0.39
-18.45 -0.46
-18.19 -0.52
-17.96 -0.56
-17.67 -0.61
-17.31 -0.65
-16.93 -0.69
-16.50 -0.73
-16.09 -0.76
-15.66 -0.79
-15.23 -0.81
-14.77 -0.83
-14.31 -0.85
-13.83 -0.87
-13.40 -0.89
-13.02 -0.90
-12.68 -0.90
-12.41 -0.90
-12.19 -0.88
-12.04 -0.85
-11.89 -0.80
-11.75 -0.72
-11.61 -0.60
-11.46 -0.40
-11.30 -0.15
-11.15 0.04
-10.98 0.15
-10.78 0.20
-10.51 0.21
-10.25 0.21
-10.02 0.20
-9.82 0.19
-9.65 0.16
-9.51 0.14
-9.39 0.11
-9.28 0.07
-9.17 0.03
-9.05 -0.03
-8.91 -0.10
-8.79 -0.17
-8.70 -0.25
-8.64 -0.34
-8.57 -0.45
-8.53 -0.57
-8.48 -0.71
-8.42 -0.84
-8.36 -0.94
-8.28 -1.03
-8.21 -1.09
-8.15 -1.14
-8.10 -1.16
-8.05 -1.18
-8.01 -1.18
-7.96 -1.17
-7.90 -1.16
-7.85 -1.14
-7.78 -1.11
-7.72 -1.07
-7.90 -0.98
-7.82 -0.92
-7.73 -0.87
-7.64 -0.82
-7.53 -0.77
-7.42 -0.73
-7.30 -0.70
-7.18 -0.68
-7.06 -0.68
-6.95 -0.68
-6.83 -0.69
-6.70 -0.71
-6.58 -0.74
-6.44 -0.77
-6.29 -0.80
-6.14 -0.84
-5.94 -0.88
-5.74 -0.93
-5.52 -0.97
-5.31 -1.00
-5.08 -1.04
-4.89 -1.07
-4.70 -1.09
-4.54 -1.11
-4.37 -1.12
-4.20 -1.14
-4.02 -1.15
-3.82 -1.16
-3.59 -1.18
-3.36 -1.20
-3.12 -1.21
-2.86 -1.23
-2.59 -1.25
-2.33 -1.27
-2.07 -1.29
-1.80 -1.31
-1.52 -1.34
-1.20 -1.37
-0.88 -1.40
-0.56 -1.42
-0.25 -1.45
0.01 -1.47
0.27 -1.49
0.49 -1.50
0.69 -1.51
0.89 -1.52
1.09 -1.54
1.28 -1.55
1.48 -1.57
1.70 -1.59
1.88 -1.61
2.05 -1.63
2.20 -1.65
2.36 -1.67
2.51 -1.69
2.66 -1.71
2.83 -1.74
3.00 -1.76
3.19 -1.79
3.39 -1.82
3.57 -1.85
3.74 -1.87
3.91 -1.90
4.04 -1.90
4.17 -1.90
4.27 -1.90
4.38 -1.90
4.50 -1.90
4.61 -1.90
4.73 -1.90
4.86 -1.90
4.98 -1.90
5.12 -1.90
5.24 -1.90
5.38 -1.90
5.50 -1.90
5.62 -1.90
5.75 -1.90
5.87 -1.90
5.99 -1.90
6.11 -1.90
6.11 -1.90
6.24 -1.90
6.39 -1.90
6.56 -1.90
6.71 -1.90
6.88 -1.90
7.02 -1.90
7.14 -1.90
7.26 -1.90
7.39 -1.90
7.51 -1.90
7.62 -1.90
7.75 -1.90
7.88 -1.90
8.00 -1.90
8.14 -1.90
8.28 -1.90
8.41 -1.90
8.57 -1.90
8.72 -1.90
8.87 -1.90
9.04 -1.90
9.21 -1.90
9.38 -1.90
9.55 -1.90
9.75 -1.90
9.92 -1.90
10.10 -1.90
10.30 -1.90
10.48 -1.90
10.68 -1.90
10.88 -1.90
11.08 -1.90
11.30 -1.90
11.50 -1.90
11.73 -1.90
11.94 -1.90
12.16 -1.90
12.37 -1.90
12.62 -1.90
12.85 -1.90
13.14 -1.90
13.41 -1.90
13.70 -1.90
14.01 -1.90
14.27 -1.90
14.52 -1.90
14.75 -1.90
14.95 -1.90
15.13 -1.90
15.30 -1.90
15.45 -1.90
15.62 -1.90
15.76 -1.90
15.93 -1.90
16.07 -1.90
16.22 -1.90
16.36 -1.90
16.49 -1.90
16.63 -1.90
16.76 -1.90
16.89 -1.90
17.02 -1.90
17.14 -1.90
17.28 -1.90
17.38 -1.90
17.51 -1.90
17.61 -1.90
17.71 -1.90
17.80 -1.90
17.89 -1.90
17.98 -1.90
18.09 -1.90
18.17 -1.90
18.26 -1.90
18.35 -1.90
18.46 -1.90
18.55 -1.90
18.66 -1.90
18.76 -1.90
18.84 -1.90
18.95 -1.90
19.04 -1.90
19.12 -1.90
19.21 -1.90
19.29 -1.90
19.36 -1.90
19.44 -1.90
19.52 -1.90
19.56 -1.90
19.64 -1.90
19.70 -1.90
19.76 -1.90
19.81 -1.90
19.87 -1.90
19.90 -1.90
19.96 -1.90
20.01 -1.90
20.05 -1.90
20.11 -1.90
20.16 -1.90
20.22 -1.90
20.31 -1.90
20.36 -1.90
20.42 -1.90
20.47 -1.90
20.53 -1.90
20.59 -1.90
20.63 -1.90
20.70 -1.90
20.74 -1.90
20.79 -1.90
20.83 -1.90
20.88 -1.90
20.91 -1.90
20.96 -1.90
21.00 -1.90
21.03 -1.90
21.08 -1.90
21.11 -1.90
21.14 -1.90
21.17 -1.90
21.19 -1.90
21.22 -1.90
21.23 -1.90
21.26 -1.90
21.28 -1.90
21.29 -1.90
21.32 -1.90
21.34 -1.90
21.37 -1.90
21.39 -1.90
21.43 -1.90
21.46 -1.90
21.49 -1.90
21.54 -1.90
21.57 -1.90
21.62 -1.90
21.65 -1.90
21.69 -1.90
21.74 -1.90
21.77 -1.90
21.82 -1.90
21.88 -1.90
21.92 -1.90
21.97 -1.90
22.03 -1.90
22.09 -1.90
22.15 -1.90
22.23 -1.90
22.31 -1.90
22.38 -1.90
22.46 -1.90
22.55 -1.90
22.61 -1.90
22.69 -1.90
22.78 -1.90
22.84 -1.90
22.92 -1.90
22.98 -1.90
23.04 -1.90
23.10 -1.90
23.15 -1.90
23.21 -1.90
23.26 -1.90
23.30 -1.90
23.33 -1.90
23.38 -1.90
23.41 -1.90
23.44 -1.90
23.46 -1.90
23.49 -1.90
23.50 -1.90
23.50 -1.90
23.52 -1.90
23.52 -1.90
23.50 -1.90
23.52 -1.90
23.50 -1.90
23.50 -1.90
23.50 -1.90
23.50 -1.90
23.50 -1.90
23.50 -1.90
23.49 -1.90
23.47 -1.90
23.46 -1.90
23.46 -1.90
23.44 -1.90
23.44 -1.90
23.44 -1.90
23.44 -1.90
23.44 -1.90
23.46 -1.90
23.44 -1.90
23.44 -1.90
23.46 -1.90
23.44 -1.90
23.46 -1.90
23.46 -1.90
23.46 -1.90
23.46 -1.90
23.46 -1.90
23.46 -1.90
23.46 -1.90
23.46 -1.90
23.46 -1.90
23.47 -1.90
23.50 -1.90
23.52 -1.90
23.56 -1.90
23.61 -1.90
23.66 -1.90
23.70 -1.90
23.75 -1.90
23.81 -1.90
23.87 -1.90
23.96 -1.90
24.04 -1.90
24.15 -1.90
24.25 -1.90
24.35 -1.90
24.45 -1.90
24.54 -1.90
24.64 -1.90
24.74 -1.90
24.85 -1.90
24.96 -1.90
25.08 -1.90
25.19 -1.90
25.31 -1.90
25.42 -1.90
25.51 -1.90
25.60 -1.90
25.68 -1.90
25.76 -1.90
25.82 -1.90
25.88 -1.90
25.94 -1.90
26.02 -1.90
26.06 -1.90
26.11 -1.90
26.17 -1.90
26.20 -1.90
26.25 -1.90
26.28 -1.90
26.31 -1.90
26.34 -1.90
26.38 -1.90
26.40 -1.90
26.43 -1.90
26.48 -1.90
26.52 -1.90
26.57 -1.90
26.61 -1.90
26.66 -1.90
26.66 -1.90
26.68 -1.90
26.66 -1.90
26.68 -1.90
26.68 -1.90
26.74 -1.90
26.81 -1.90
26.89 -1.90
26.95 -1.90
27.01 -1.90
27.04 -1.90
27.07 -1.90
27.09 -1.90
27.12 -1.90
27.15 -1.90
27.18 -1.90
27.21 -1.90
27.24 -1.90
27.27 -1.90
27.30 -1.90
27.34 -1.90
27.35 -1.90
27.38 -1.90
27.41 -1.90
27.44 -1.90
27.46 -1.90
27.47 -1.90
27.47 -1.90
27.47 -1.90
27.47 -1.90
27.47 -1.90
27.47 -1.90
27.47 -1.90
27.47 -1.90
27.47 -1.90
27.47 -1.90
27.47 -1.90
27.46 -1.90
27.44 -1.90
27.40 -1.90
27.35 -1.90
27.30 -1.90
27.24 -1.90
27.18 -1.90
27.12 -1.90
27.06 -1.90
26.98 -1.90
26.92 -1.90
26.84 -1.90
26.75 -1.90
26.65 -1.90
26.52 -1.90
26.38 -1.90
26.22 -1.90
26.05 -1.90
25.85 -1.90
25.63 -1.90
25.43 -1.90
25.22 -1.90
25.00 -1.90
24.79 -1.90
24.56 -1.90
24.33 -1.90
24.08 -1.90
23.82 -1.90
23.58 -1.90
23.32 -1.90
23.07 -1.90
22.84 -1.90
22.61 -1.90
22.38 -1.90
22.12 -1.90
21.88 -1.90
21.60 -1.90
21.31 -1.90
21.02 -1.90
20.71 -1.90
20.45 -1.90
20.02 -1.90
19.75 -1.90
19.50 -1.90
19.22 -1.90
18.95 -1.90
18.64 -1.90
18.32 -1.90
17.98 -1.90
17.55 -1.90
17.11 -1.90
16.59 -1.90
16.02 -1.90
15.44 -1.90
14.73 -1.90
14.00 -1.90
13.27 -1.90
12.43 -1.90
11.57 -1.90
10.58 -1.90
9.67 -1.90
8.92 -1.90
8.20 -1.90
7.54 -1.90
7.02 -1.90
6.56 -1.90
6.10 -1.90
5.98 -1.90
5.58 -1.90
5.16 -1.90
4.80 -1.90
4.44 -1.90
4.09 -1.90
3.77 -1.90
3.46 -1.88
3.14 -1.83
2.85 -1.79
2.51 -1.74
2.16 -1.68
1.78 -1.63
1.35 -1.56
0.93 -1.50
0.53 -1.44
0.15 -1.38
-0.25 -1.32
-0.63 -1.27
-1.02 -1.21
-1.40 -1.15
-1.80 -1.09
-2.20 -1.03
-2.59 -0.98
-2.95 -0.90
-3.28 -0.85
-3.62 -0.81
-3.93 -0.76
-4.20 -0.72
-4.48 -0.69
-4.71 -0.66
-4.94 -0.62
-5.14 -0.60
-5.34 -0.57
-5.52 -0.54
-5.68 -0.52
-5.86 -0.49
-6.03 -0.47
-6.20 -0.44
-6.38 -0.42
-6.60 -0.38
-6.80 -0.35
-7.01 -0.32
-7.23 -0.29
-7.41 -0.26
-7.59 -0.23
-7.78 -0.20
-7.78 -0.20
-5.94 -0.48
-6.11 -0.46
-6.31 -0.43
-6.50 -0.40
-6.72 -0.36
-6.93 -0.33
-7.16 -0.29
-7.41 -0.26
-7.70 -0.22
-8.02 -0.17
-8.36 -0.12
-8.74 -0.06
-9.11 -0.00
-9.48 0.05
-9.86 0.11
-10.23 0.16
-10.60 0.21
-10.98 0.26
-11.35 0.30
-11.73 0.34
-12.19 0.38
-12.73 0.44
-13.30 0.49
-14.05 0.56
-14.85 0.64
-15.60 0.69
-16.32 0.73
-16.95 0.72
-17.48 0.67
-17.93 0.57
-18.37 0.49
-18.76 0.41
-19.12 0.36
-19.46 0.33
-19.78 0.31
-21.67 0.53
-21.99 0.53
-22.33 0.52
-22.65 0.52
-22.93 0.51
-23.17 0.59
-23.40 0.54
-23.60 0.45
-23.79 0.31
-23.98 0.10
-24.18 -0.12
-24.38 -0.29
-24.58 -0.38
-24.84 -0.43
-25.18 -0.44
-25.58 -0.43
-26.04 -0.40
-26.53 -0.35
-26.97 -0.31
-27.43 -0.26
-27.88 -0.21
-28.34 -0.16
-28.81 -0.21
-29.27 -0.15
-29.80 -0.08
-30.33 0.00
-30.88 0.09
-31.38 0.16
-31.80 0.23
-32.19 0.28
-32.51 0.33
-32.83 0.37
-33.11 0.41
-33.40 0.45
-33.66 0.48
-33.92 0.51
-34.20 0.54
-34.46 0.57
-34.73 0.60
-34.96 0.62
-35.22 0.64
-35.42 0.64
-35.64 0.65
-35.88 0.66
-36.07 0.66
-36.27 0.65
-36.44 0.63
-36.63 0.60
-36.80 0.56
-36.99 0.50
-37.17 0.42
-37.34 0.32
-37.55 0.24
-37.78 0.17
-38.05 0.12
-38.31 0.09
-38.55 0.07
-38.77 0.06
-39.00 0.05
-39.20 0.04
-39.44 0.04
-39.69 0.05
-39.96 0.06
-40.25 0.08
-40.62 0.11
-40.90 0.13
-41.19 0.15
-41.46 0.17
-41.69 0.18
-41.96 0.20
-42.23 0.28
-42.52 0.30
-42.83 0.31
-43.12 0.32
-43.43 0.33
-43.73 0.34
-44.03 0.34
-44.29 0.33
-44.52 0.32
-44.70 0.29
-44.88 0.26
-45.05 0.21
-45.24 0.15
-45.42 0.07
-45.60 0.01
-45.77 -0.05
-45.96 -0.10
-46.22 -0.12
-46.48 -0.12
-46.79 -0.09
-47.05 -0.06
-47.25 -0.03
-47.41 0.01
-47.55 0.05
-47.66 0.08
-47.72 0.11
-47.75 0.12
-47.80 0.14
-47.87 0.15
-47.97 0.16
-48.07 0.18
-48.17 0.19
-48.26 0.20
-48.35 0.20
-48.43 0.21
-48.50 0.22
-48.59 0.23
-48.67 0.23
-48.78 0.25
-48.89 0.26
-48.99 0.27
-49.09 0.28
-49.18 0.29
-49.27 0.31
-49.35 0.32
-49.42 0.33
-49.50 0.34
-49.58 0.35
-49.65 0.36
-49.73 0.37
-49.78 0.37
-49.82 0.38
-49.85 0.38
-49.88 0.39
-50.34 0.45
-50.39 0.46
-50.45 0.47
-50.51 0.47
-50.57 0.48
-50.63 0.49
-50.66 0.49
-50.70 0.49
-50.71 0.49
-50.73 0.48
-50.76 0.49
-50.77 0.48
-50.79 0.48
-50.77 0.47
-50.77 0.47
-50.77 0.47
-50.77 0.46
-50.77 0.46
-50.77 0.46
-50.77 0.45
-50.77 0.45
-50.77 0.45
-50.77 0.44
-50.77 0.44
-50.77 0.44
-50.76 0.44
-50.76 0.43
-50.76 0.43
-50.74 0.43
-50.74 0.43
-50.74 0.43
-50.73 0.42
-50.73 0.42
-50.71 0.42
-50.70 0.41
-50.66 0.41
-50.63 0.40
-50.57 0.39
-50.50 0.38
-50.42 0.37
-50.33 0.36
-50.02 0.31
-49.90 0.29
-49.74 0.27
-49.59 0.25
-49.41 0.22
-49.21 0.19
-48.98 0.15
-48.73 0.12
-48.47 0.08
-48.15 0.03
-47.78 -0.03
-47.40 -0.08
-47.06 -0.13
-46.72 -0.17
-46.40 -0.20
-46.08 -0.22
-45.67 -0.25
-45.19 -0.28
-44.64 -0.30
-44.10 -0.31
-43.55 -0.31
-43.03 -0.30
-42.52 -0.27
-41.97 -0.24
-41.43 -0.22
-40.96 -0.21
-40.53 -0.19
-40.16 -0.18
-39.82 -0.17
-39.50 -0.16
-39.20 -0.09
-38.87 -0.08
-38.58 -0.08
-38.29 -0.07
-38.00 -0.05
-37.72 -0.00
-37.46 0.07
-37.20 0.19
-36.93 0.37
-36.60 0.57
-36.27 0.70
-45.16 1.90
-34.75 0.67
-34.44 0.68
-34.14 0.67
-33.83 0.65
-33.55 0.64
-33.28 0.47
-32.97 0.44
-32.63 0.40
-32.26 0.34
-31.87 0.28
-31.48 0.22
-31.08 0.15
-30.67 0.08
-30.26 0.01
-29.83 -0.06
-29.43 -0.14
-29.04 -0.20
-28.72 -0.26
-28.40 -0.31
-28.08 -0.35
-27.74 -0.40
-27.39 -0.44
-27.04 -0.48
-26.70 -0.52
-26.39 -0.56
-26.10 -0.58
-25.86 -0.60
-25.59 -0.62
-25.36 -0.64
-25.15 -0.64
-24.95 -0.64
-24.78 -0.63
-24.61 -0.61
-24.44 -0.57
-24.28 -0.52
-24.09 -0.45
-23.89 -0.32
-23.69 -0.13
-23.48 0.06
-23.26 0.21
-23.05 0.30
-22.80 0.37
-22.54 0.40
-22.24 -0.70
-21.95 0.47
-21.68 0.47
-21.50 0.49
-21.27 0.49
-20.99 0.48
-21.61 0.60
-21.24 0.58
-20.83 0.54
-20.37 0.49
-19.89 0.43
-19.40 0.36
-18.89 0.28
-18.39 0.20
-17.88 0.11
-17.36 0.02
-16.87 -0.07
-16.36 -0.17
-15.93 -0.25
-15.66 -0.30
-15.34 -0.35
-15.03 -0.40
-14.69 -0.45
-14.26 -0.51
-13.79 -0.57
-13.31 -0.62
-12.84 -0.68
-12.44 -0.72
-12.12 -0.74
-11.87 -0.74
-11.67 -0.73
-11.49 -0.72
-11.32 -0.68
-11.17 -0.62
-10.98 -0.53
-10.81 -0.42
-10.64 -0.28
-10.49 -0.14
-10.32 -0.05
-10.15 0.02
-10.00 0.07
-9.85 0.11
-9.63 0.12
-9.40 0.11
-9.20 0.11
-8.97 0.00
-8.77 -0.02
-8.59 -0.04
-8.45 -0.05
-8.36 -0.06
-8.30 -0.07
-8.25 -0.08
-8.19 -0.10
-8.13 -0.11
-8.05 -0.13
-7.95 -0.16
-7.84 -0.18
-7.72 -0.20
-7.90 -0.19
-7.78 -0.22
-7.65 -0.25
-7.53 -0.28
-7.41 -0.31
-7.29 -0.34
-7.16 -0.37
-7.06 -0.40
-6.95 -0.43
-6.86 -0.45
-6.77 -0.47
-6.66 -0.50
-6.55 -0.52
-6.44 -0.55
-6.32 -0.57
-6.17 -0.60
-6.01 -0.62
-5.85 -0.65
-5.65 -0.67
-5.48 -0.70
-5.28 -0.73
-5.09 -0.75
-4.93 -0.78
-4.77 -0.80
-4.63 -0.82
-4.50 -0.84
-4.36 -0.85
-4.20 -0.88
-4.04 -0.90
-3.85 -0.93
-3.67 -0.96
-3.45 -0.99
-3.24 -1.02
-3.04 -1.05
-2.84 -1.08
-2.64 -1.11
-2.46 -1.14
-2.27 -1.17
-2.07 -1.20
-1.89 -1.22
-1.71 -1.25
-1.48 -1.29
-1.26 -1.32
-1.05 -1.35
-0.83 -1.38
-0.63 -1.41
-0.46 -1.44
-0.31 -1.46
-0.16 -1.48
-0.02 -1.50
0.12 -1.53
0.24 -1.54
0.40 -1.57
0.53 -1.59
0.67 -1.60
0.81 -1.62
0.92 -1.64
1.04 -1.65
1.13 -1.67
1.22 -1.68
1.33 -1.69
1.42 -1.70
1.51 -1.71
1.61 -1.72
1.68 -1.73
1.78 -1.74
1.85 -1.75
1.91 -1.76
1.99 -1.77
2.05 -1.78
2.13 -1.79
2.19 -1.79
2.25 -1.80
2.31 -1.81
2.39 -1.82
2.47 -1.83
2.53 -1.84
2.60 -1.85
2.70 -1.87
2.77 -1.88
2.85 -1.89
2.96 -1.90
3.06 -1.90
3.16 -1.90
3.26 -1.90
3.39 -1.90
3.49 -1.90
3.60 -1.90
3.69 -1.90
3.80 -1.90
3.88 -1.90
3.97 -1.90
4.06 -1.90
4.12 -1.90
4.20 -1.90
4.26 -1.90
4.32 -1.90
4.40 -1.90
4.46 -1.90
4.52 -1.90
4.60 -1.90
4.66 -1.90
4.73 -1.90
4.78 -1.90
4.86 -1.90
4.92 -1.90
5.00 -1.90
5.06 -1.90
5.12 -1.90
5.18 -1.90
5.26 -1.90
5.32 -1.90
5.38 -1.90
5.44 -1.90
5.49 -1.90
5.55 -1.90
5.59 -1.90
5.64 -1.90
5.69 -1.90
5.73 -1.90
5.76 -1.90
5.79 -1.90
5.82 -1.90
5.84 -1.90
5.87 -1.90
5.87 -1.90
5.88 -1.90
5.92 -1.90
5.93 -1.90
5.96 -1.90
5.99 -1.90
6.02 -1.90
6.07 -1.90
6.13 -1.90
6.21 -1.90
6.21 -1.90
6.31 -1.90
6.44 -1.90
6.57 -1.90
6.74 -1.90
6.91 -1.90
7.08 -1.90
7.25 -1.90
7.42 -1.90
7.57 -1.90
7.71 -1.90
7.85 -1.90
7.97 -1.90
8.09 -1.90
8.21 -1.90
8.34 -1.90
8.46 -1.90
8.58 -1.90
8.72 -1.90
8.84 -1.90
8.97 -1.90
9.09 -1.90
9.20 -1.90
9.30 -1.90
9.43 -1.90
9.55 -1.90
9.67 -1.90
9.81 -1.90
9.95 -1.90
10.09 -1.90
10.22 -1.90
10.39 -1.90
10.56 -1.90
10.73 -1.90
10.91 -1.90
11.10 -1.90
11.31 -1.90
11.56 -1.90
11.80 -1.90
12.09 -1.90
12.40 -1.90
12.72 -1.90
13.12 -1.90
13.52 -1.90
13.93 -1.90
14.35 -1.90
14.70 -1.90
15.02 -1.90
15.30 -1.90
15.53 -1.90
15.73 -1.90
15.91 -1.90
16.11 -1.90
16.28 -1.90
16.45 -1.90
16.65 -1.90
16.82 -1.90
17.00 -1.90
17.17 -1.90
17.32 -1.90
17.48 -1.90
17.63 -1.90
17.77 -1.90
17.91 -1.90
18.03 -1.90
18.15 -1.90
18.27 -1.90
18.40 -1.90
18.53 -1.90
18.66 -1.90
18.81 -1.90
18.98 -1.90
19.12 -1.90
19.27 -1.90
19.39 -1.90
19.52 -1.90
19.64 -1.90
19.73 -1.90
19.82 -1.90
19.91 -1.90
20.01 -1.90
20.08 -1.90
20.16 -1.90
20.24 -1.90
20.25 -1.90
20.31 -1.90
20.37 -1.90
20.44 -1.90
20.50 -1.90
20.54 -1.90
20.59 -1.90
20.65 -1.90
20.70 -1.90
20.74 -1.90
20.80 -1.90
20.85 -1.90
20.90 -1.90
20.94 -1.90
20.97 -1.90
21.02 -1.90
21.06 -1.90
21.11 -1.90
21.14 -1.90
21.17 -1.90
21.20 -1.90
21.22 -1.90
21.25 -1.90
21.28 -1.90
21.29 -1.90
21.32 -1.90
21.34 -1.90
21.37 -1.90
21.39 -1.90
21.42 -1.90
21.45 -1.90
21.48 -1.90
21.51 -1.90
21.54 -1.90
21.59 -1.90
21.62 -1.90
21.68 -1.90
21.72 -1.90
21.78 -1.90
21.86 -1.90
21.94 -1.90
22.03 -1.90
22.12 -1.90
22.23 -1.90
22.37 -1.90
22.47 -1.90
22.61 -1.90
22.74 -1.90
22.86 -1.90
22.98 -1.90
23.09 -1.90
23.20 -1.90
23.30 -1.90
23.41 -1.90
23.53 -1.90
23.66 -1.90
23.81 -1.90
23.95 -1.90
24.08 -1.90
24.24 -1.90
24.39 -1.90
24.54 -1.90
24.71 -1.90
24.85 -1.90
25.04 -1.90
25.19 -1.90
25.36 -1.90
25.53 -1.90
25.66 -1.90
25.82 -1.90
25.99 -1.90
26.14 -1.90
26.32 -1.90
26.51 -1.90
26.69 -1.90
26.92 -1.90
27.09 -1.90
27.27 -1.90
27.41 -1.90
27.55 -1.90
27.67 -1.90
27.78 -1.90
27.90 -1.90
27.99 -1.90
28.10 -1.90
28.18 -1.90
28.27 -1.90
28.36 -1.90
28.45 -1.90
28.56 -1.90
28.67 -1.90
28.76 -1.90
28.84 -1.90
28.91 -1.90
28.98 -1.90
29.02 -1.90
29.07 -1.90
29.13 -1.90
29.19 -1.90
29.24 -1.90
29.30 -1.90
29.34 -1.90
29.41 -1.90
29.45 -1.90
29.51 -1.90
29.59 -1.90
29.67 -1.90
29.74 -1.90
29.80 -1.90
29.88 -1.90
29.94 -1.90
30.00 -1.90
30.06 -1.90
30.11 -1.90
30.17 -1.90
30.23 -1.90
30.29 -1.90
30.34 -1.90
30.39 -1.90
30.45 -1.90
30.49 -1.90
30.54 -1.90
30.59 -1.90
30.63 -1.90
30.66 -1.90
30.71 -1.90
30.74 -1.90
30.77 -1.90
30.82 -1.90
30.85 -1.90
30.88 -1.90
30.91 -1.90
30.94 -1.90
30.97 -1.90
31.02 -1.90
31.05 -1.90
31.06 -1.90
31.09 -1.90
31.11 -1.90
31.09 -1.90
31.09 -1.90
31.09 -1.90
31.09 -1.90
31.09 -1.90
31.09 -1.90
31.08 -1.90
31.08 -1.90
31.08 -1.90
31.06 -1.90
31.06 -1.90
31.05 -1.90
31.05 -1.90
31.03 -1.90
31.00 -1.90
30.95 -1.90
30.88 -1.90
30.80 -1.90
30.71 -1.90
30.60 -1.90
30.49 -1.90
30.37 -1.90
30.26 -1.90
30.14 -1.90
30.00 -1.90
29.88 -1.90
29.76 -1.90
29.65 -1.90
29.53 -1.90
29.39 -1.90
29.27 -1.90
29.14 -1.90
28.99 -1.90
28.87 -1.90
28.72 -1.90
28.58 -1.90
28.42 -1.90
28.27 -1.90
28.13 -1.90
27.98 -1.90
27.84 -1.90
27.69 -1.90
27.55 -1.90
27.41 -1.90
27.26 -1.90
27.12 -1.90
26.98 -1.90
26.83 -1.90
26.68 -1.90
26.49 -1.90
26.32 -1.90
26.11 -1.90
25.89 -1.90
25.66 -1.90
25.43 -1.90
25.20 -1.90
24.99 -1.90
24.79 -1.90
24.59 -1.90
24.39 -1.90
24.19 -1.90
23.99 -1.90
23.78 -1.90
23.58 -1.90
23.36 -1.90
23.16 -1.90
22.97 -1.90
22.80 -1.90
22.63 -1.90
22.46 -1.90
22.29 -1.90
22.12 -1.90
21.95 -1.90
21.77 -1.90
21.59 -1.90
21.39 -1.90
21.20 -1.90
21.02 -1.90
20.85 -1.90
20.68 -1.90
20.54 -1.90
20.39 -1.90
20.25 -1.90
20.13 -1.90
19.98 -1.90
19.82 -1.90
19.67 -1.90
19.52 -1.90
19.38 -1.90
19.22 -1.90
19.07 -1.90
18.92 -1.90
18.75 -1.90
18.58 -1.90
18.38 -1.90
18.17 -1.90
17.95 -1.90
17.71 -1.90
17.46 -1.90
17.22 -1.90
16.97 -1.90
16.74 -1.90
16.48 -1.90
16.22 -1.90
15.93 -1.90
15.61 -1.90
15.30 -1.90
14.96 -1.90
14.62 -1.90
14.33 -1.90
14.01 -1.90
13.70 -1.90
13.37 -1.90
13.00 -1.90
12.60 -1.90
12.11 -1.90
11.62 -1.90
11.07 -1.90
10.55 -1.90
10.10 -1.90
9.69 -1.90
9.33 -1.90
9.01 -1.90
8.69 -1.90
8.35 -1.90
8.05 -1.90
7.74 -1.90
7.45 -1.90
7.17 -1.90
6.93 -1.90
6.71 -1.90
6.50 -1.90
6.27 -1.90
6.19 -1.90
5.96 -1.90
5.73 -1.90
5.49 -1.90
5.24 -1.90
5.03 -1.90
4.81 -1.90
4.61 -1.90
4.41 -1.90
4.21 -1.90
4.00 -1.90
3.78 -1.90
3.60 -1.90
3.39 -1.90
3.19 -1.90
2.97 -1.90
2.73 -1.87
2.48 -1.84
2.17 -1.79
1.84 -1.74
1.48 -1.69
1.10 -1.63
0.76 -1.58
0.43 -1.53
0.09 -1.48
-0.23 -1.43
-0.54 -1.38
-0.88 -1.33
-1.20 -1.28
-1.52 -1.24
-1.90 -1.18
-2.30 -1.12
-2.73 -1.06
-3.13 -1.01
-3.55 -0.95
-3.90 -0.90
-4.22 -0.85
-4.56 -0.81
-4.85 -0.77
-5.16 -0.73
-5.43 -0.69
-5.69 -0.66
-5.97 -0.62
-6.20 -0.59
-6.46 -0.56
-6.72 -0.53
-6.98 -0.49
-7.24 -0.46
-7.47 -0.43
-7.70 -0.40
-7.90 -0.37
-7.90 -0.37
-8.08 -0.35
-8.27 -0.32
-8.45 -0.30
-8.64 -0.27
-8.82 -0.25
-9.00 -0.22
-9.19 -0.20
-9.34 -0.17
-9.54 -0.14
-9.74 -0.11
-9.95 -0.08
-10.20 -0.05
-10.45 -0.01
-10.71 0.03
-10.97 0.07
-11.17 0.09
-11.32 0.10
-11.46 0.11
-11.60 0.11
-11.73 0.10
-11.92 0.10
-12.13 0.09
-12.39 0.07
-12.68 0.04
-13.01 0.01
-13.30 -0.07
-13.63 -0.13
-14.03 -0.15
-14.57 -0.15
-15.14 -0.12
-15.89 -0.05
-16.70 0.06
-17.38 0.15
-17.96 0.23
-18.36 0.28
-18.63 0.31
-18.85 0.33
-19.06 0.35
-19.32 0.38
-19.63 0.41
-19.98 0.45
-20.32 0.49
-20.64 0.52
-20.93 0.54
-21.18 0.55
-21.45 0.56
-21.70 0.56
-21.64 0.52
-21.91 0.53
-22.19 0.53
-22.45 0.54
-22.70 0.54
-22.93 0.54
-23.11 0.54
-23.28 0.53
-23.43 0.58
-23.57 0.55
-23.71 0.51
-23.86 0.46
-24.00 0.38
-24.15 0.26
-24.29 0.09
-24.41 -0.09
-24.55 -0.25
-24.69 -0.35
-24.89 -0.41
-25.15 -0.44
-25.44 -0.44
-25.79 -0.43
-26.16 -0.40
-26.53 -0.36
-26.87 -0.33
-27.20 -0.28
-27.53 -0.24
-27.85 -0.19
-28.19 -0.14
-28.52 -0.07
-28.89 -0.01
-29.27 0.07
-29.66 0.14
-30.06 0.22
-30.46 0.29
-30.82 0.36
-31.16 0.42
-31.47 0.47
-31.76 0.51
-32.03 0.55
-32.31 0.58
-32.56 0.61
-32.82 0.64
-33.05 0.65
-33.28 0.67
-33.48 0.68
-33.66 0.69
-33.86 0.70
-34.06 0.71
-34.24 0.72
-34.46 0.73
-34.67 0.75
-34.87 0.76
-35.06 0.76
-35.22 0.75
-35.38 0.74
-35.52 0.72
-35.65 0.69
-35.79 0.65
-36.04 0.60
-36.17 0.52
-36.31 0.41
-36.47 0.24
-36.60 0.09
-36.74 -0.04
-36.88 -0.12
-37.03 -0.17
-37.25 -0.20
-37.48 -0.21
-37.75 -0.20
-38.05 -0.19
-38.34 -0.16
-38.60 -0.14
-38.86 -0.10
-39.12 -0.07
-39.33 -0.03
-39.58 0.01
-39.85 0.06
-40.10 0.11
-40.28 0.15
-40.50 0.19
-40.65 0.22
-40.79 0.24
-40.96 0.27
-41.13 0.29
-41.28 0.31
-41.45 0.34
-41.57 0.35
-41.68 0.36
-41.77 0.37
-41.86 0.38
-41.96 0.38
-42.03 0.39
-42.11 0.39
-42.17 0.39
-42.20 0.39
-42.22 0.38
-42.23 0.38
-42.23 0.37
-42.25 0.36
-42.25 0.36
-42.25 0.35
-42.26 0.34
-42.25 0.34
-42.22 0.33
-42.17 0.31
-42.11 0.30
-42.03 0.29
-41.96 0.27
-41.89 0.26
-41.82 0.24
-41.74 0.23
-41.68 0.22
-41.62 0.20
-41.59 0.19
-41.56 0.18
-41.56 0.18
-41.54 0.17
-41.56 0.17
-41.56 0.16
-41.54 0.15
-41.54 0.14
-41.54 0.13
-41.56 0.12
-41.56 0.07
-41.56 0.06
-41.57 0.05
-41.57 0.04
-41.57 0.03
-41.57 0.02
-41.56 0.01
-41.51 -0.01
-41.45 -0.02
-41.39 -0.03
-41.36 -0.04
-41.33 -0.03
-41.30 -0.02
-41.23 -0.02
-41.14 -0.02
-41.00 -0.02
-40.87 0.01
-40.70 0.00
-40.50 -0.01
-40.28 -0.03
-40.07 -0.04
-39.85 -0.05
-39.70 -0.05
-39.55 -0.05
-39.39 -0.04
-39.23 -0.03
-39.04 -0.01
-38.81 0.01
-38.58 0.03
-38.35 0.07
-38.08 0.11
-37.83 0.18
-37.57 0.26
-37.29 0.34
-37.02 0.42
-36.74 0.48
-36.47 0.50
-36.21 0.51
-35.96 0.50
-35.55 0.46
-35.29 0.43
-35.02 0.39
-34.76 0.35
-34.50 0.29
-34.24 0.24
-33.94 0.16
-33.60 0.08
-33.22 -0.02
-32.79 -0.12
-32.37 -0.21
-32.03 -0.29
-31.73 -0.35
-31.45 -0.38
-31.18 -0.41
-30.85 -0.42
-30.50 -0.44
-30.12 -0.46
-29.70 -0.47
-29.29 -0.49
-28.85 -0.51
-28.40 -0.52
-27.99 -0.53
-27.62 -0.54
-27.27 -0.55
-26.96 -0.55
-26.68 -0.55
-26.41 -0.54
-26.16 -0.53
-25.93 -0.53
-25.73 -0.51
-25.53 -0.47
-25.35 -0.42
-25.17 -0.35
-24.97 -0.20
-24.75 0.01
-24.52 0.24
-24.26 0.39
-23.95 0.48
-23.63 0.53
-23.33 0.55
-23.00 0.53
-22.70 0.53
-22.42 0.52
-22.19 0.52
-21.96 0.52
-21.76 0.52
-21.82 0.56
-21.56 0.54
-21.24 0.51
-20.87 0.46
-20.46 0.40
-20.06 0.34
-19.63 0.27
-19.23 0.19
-18.83 0.12
-18.45 0.04
-18.07 -0.03
-17.68 -0.11
-17.36 -0.17
-17.15 -0.21
-16.92 -0.25
-16.75 -0.28
-16.61 -0.30
-16.38 -0.33
-16.12 -0.36
-15.80 -0.39
-15.43 -0.43
-15.05 -0.47
-14.66 -0.51
-14.29 -0.54
-13.93 -0.57
-13.59 -0.60
-13.31 -0.62
-13.08 -0.63
-12.90 -0.64
-12.76 -0.64
-12.64 -0.64
-12.52 -0.64
-12.38 -0.65
-12.24 -0.66
-12.09 -0.67
-11.93 -0.68
-11.78 -0.69
-11.64 -0.71
-11.50 -0.72
-11.37 -0.73
-11.23 -0.75
-11.10 -0.76
-10.97 -0.77
-10.84 -0.78
-10.72 -0.80
-10.60 -0.81
-10.46 -0.82
-10.35 -0.83
-10.23 -0.84
-10.12 -0.85
-9.99 -0.86
-9.86 -0.87
-9.74 -0.88
-9.60 -0.89
-9.45 -0.90
-9.30 -0.91
-9.14 -0.92
-8.99 -0.92
-8.82 -0.93
-8.68 -0.94
-8.54 -0.94
-8.41 -0.95
-8.27 -0.95
-8.16 -0.96
-8.04 -0.97
-7.92 -0.97
-7.79 -0.99
-7.90 -0.97
-7.78 -0.98
-7.64 -1.00
-7.52 -1.02
-7.38 -1.04
-7.26 -1.06
-7.13 -1.08
-7.03 -1.09
-6.92 -1.11
-6.80 -1.13
-6.67 -1.15
-6.55 -1.16
-6.43 -1.18
-6.27 -1.21
-6.11 -1.23
-5.91 -1.26
-5.69 -1.29
-5.46 -1.33
-5.25 -1.36
-5.03 -1.39
-4.82 -1.42
-4.63 -1.45
-4.45 -1.48
-4.27 -1.50
-4.10 -1.52
-3.88 -1.55
-3.68 -1.57
-3.45 -1.60
-3.22 -1.63
-2.99 -1.65
-2.76 -1.68
-2.55 -1.70
-2.33 -1.72
-2.13 -1.74
-1.89 -1.76
-1.64 -1.79
-1.37 -1.82
-1.06 -1.85
-0.77 -1.89
-0.48 -1.90
-0.23 -1.90
-0.00 -1.90
0.18 -1.90
0.36 -1.90
0.55 -1.90
0.73 -1.90
0.92 -1.90
1.13 -1.90
1.33 -1.90
1.55 -1.90
1.73 -1.90
1.94 -1.90
2.11 -1.90
2.28 -1.90
2.45 -1.90
2.62 -1.90
2.77 -1.90
2.96 -1.90
3.14 -1.90
3.34 -1.90
3.54 -1.90
3.74 -1.90
3.89 -1.90
4.04 -1.90
4.20 -1.90
4.32 -1.90
4.46 -1.90
4.58 -1.90
4.70 -1.90
4.84 -1.90
5.00 -1.90
5.13 -1.90
5.27 -1.90
5.42 -1.90
5.56 -1.90
5.70 -1.90
5.84 -1.90
5.98 -1.90
6.13 -1.90
6.13 -1.90
6.30 -1.90
6.50 -1.90
6.71 -1.90
6.91 -1.90
7.13 -1.90
7.30 -1.90
7.48 -1.90
7.65 -1.90
7.83 -1.90
8.02 -1.90
8.18 -1.90
8.40 -1.90
8.60 -1.90
8.81 -1.90
9.01 -1.90
9.21 -1.90
9.44 -1.90
9.66 -1.90
9.87 -1.90
10.10 -1.90
10.35 -1.90
10.59 -1.90
10.84 -1.90
11.10 -1.90
11.34 -1.90
11.59 -1.90
11.85 -1.90
12.14 -1.90
12.45 -1.90
12.77 -1.90
13.18 -1.90
13.58 -1.90
14.00 -1.90
14.39 -1.90
14.76 -1.90
15.08 -1.90
15.34 -1.90
15.59 -1.90
15.84 -1.90
16.07 -1.90
16.28 -1.90
16.51 -1.90
16.74 -1.90
16.95 -1.90
17.17 -1.90
17.37 -1.90
17.57 -1.90
17.75 -1.90
17.94 -1.90
18.09 -1.90
18.26 -1.90
18.43 -1.90
18.60 -1.90
18.76 -1.90
18.95 -1.90
19.12 -1.90
19.29 -1.90
19.44 -1.90
19.58 -1.90
19.71 -1.90
19.84 -1.90
19.96 -1.90
20.08 -1.90
20.19 -1.90
20.24 -1.90
20.34 -1.90
20.45 -1.90
20.56 -1.90
20.65 -1.90
20.74 -1.90
20.83 -1.90
20.91 -1.90
20.99 -1.90
21.06 -1.90
21.14 -1.90
21.22 -1.90
21.28 -1.90
21.36 -1.90
21.43 -1.90
21.51 -1.90
21.60 -1.90
21.69 -1.90
21.80 -1.90
21.91 -1.90
22.01 -1.90
22.17 -1.90
22.32 -1.90
22.47 -1.90
22.63 -1.90
22.78 -1.90
22.92 -1.90
23.04 -1.90
23.15 -1.90
23.26 -1.90
23.36 -1.90
23.47 -1.90
23.58 -1.90
23.69 -1.90
23.79 -1.90
23.90 -1.90
23.99 -1.90
24.08 -1.90
24.19 -1.90
24.30 -1.90
24.41 -1.90
24.51 -1.90
24.62 -1.90
24.73 -1.90
24.84 -1.90
24.94 -1.90
25.05 -1.90
25.14 -1.90
25.25 -1.90
25.34 -1.90
25.42 -1.90
25.51 -1.90
25.59 -1.90
25.68 -1.90
25.77 -1.90
25.86 -1.90
25.96 -1.90
26.05 -1.90
26.15 -1.90
26.26 -1.90
26.37 -1.90
26.51 -1.90
26.63 -1.90
26.77 -1.90
26.89 -1.90
27.01 -1.90
27.12 -1.90
27.23 -1.90
27.30 -1.90
27.40 -1.90
27.50 -1.90
27.61 -1.90
27.72 -1.90
27.81 -1.90
27.89 -1.90
27.96 -1.90
28.03 -1.90
28.10 -1.90
28.18 -1.90
28.29 -1.90
28.38 -1.90
28.49 -1.90
28.58 -1.90
28.67 -1.90
28.73 -1.90
28.81 -1.90
28.88 -1.90
28.96 -1.90
29.04 -1.90
29.11 -1.90
29.18 -1.90
29.25 -1.90
29.31 -1.90
29.37 -1.90
29.44 -1.90
29.48 -1.90
29.54 -1.90
29.59 -1.90
29.64 -1.90
29.70 -1.90
29.73 -1.90
29.77 -1.90
29.82 -1.90
29.87 -1.90
29.90 -1.90
29.93 -1.90
29.97 -1.90
30.00 -1.90
30.03 -1.90
30.06 -1.90
30.10 -1.90
30.13 -1.90
30.16 -1.90
30.20 -1.90
30.23 -1.90
30.26 -1.90
30.29 -1.90
30.33 -1.90
30.34 -1.90
30.36 -1.90
30.39 -1.90
30.40 -1.90
30.43 -1.90
30.45 -1.90
30.46 -1.90
30.48 -1.90
30.49 -1.90
30.52 -1.90
30.54 -1.90
30.56 -1.90
30.57 -1.90
30.60 -1.90
30.62 -1.90
30.65 -1.90
30.66 -1.90
30.69 -1.90
30.72 -1.90
30.75 -1.90
30.79 -1.90
30.83 -1.90
30.86 -1.90
30.91 -1.90
30.95 -1.90
31.00 -1.90
31.06 -1.90
31.11 -1.90
31.17 -1.90
31.25 -1.90
31.34 -1.90
31.41 -1.90
31.49 -1.90
31.58 -1.90
31.66 -1.90
31.74 -1.90
31.80 -1.90
31.86 -1.90
31.92 -1.90
31.98 -1.90
32.04 -1.90
32.10 -1.90
32.15 -1.90
32.21 -1.90
32.26 -1.90
32.30 -1.90
32.35 -1.90
32.40 -1.90
32.43 -1.90
32.49 -1.90
32.52 -1.90
32.56 -1.90
32.61 -1.90
32.66 -1.90
32.70 -1.90
32.75 -1.90
32.78 -1.90
32.82 -1.90
32.87 -1.90
32.90 -1.90
32.95 -1.90
32.98 -1.90
33.02 -1.90
33.05 -1.90
33.10 -1.90
33.13 -1.90
33.18 -1.90
33.21 -1.90
33.25 -1.90
33.28 -1.90
33.32 -1.90
33.36 -1.90
33.39 -1.90
33.44 -1.90
33.47 -1.90
33.50 -1.90
33.53 -1.90
33.58 -1.90
33.61 -1.90
33.65 -1.90
33.68 -1.90
33.73 -1.90
33.79 -1.90
33.85 -1.90
33.93 -1.90
34.01 -1.90
34.10 -1.90
34.17 -1.90
34.27 -1.90
33.96 -1.90
33.88 -1.90
33.96 -1.90
34.04 -1.90
34.10 -1.90
34.16 -1.90
34.22 -1.90
34.28 -1.90
34.34 -1.90
34.40 -1.90
34.47 -1.90
34.51 -1.90
34.57 -1.90
34.62 -1.90
34.66 -1.90
34.71 -1.90
34.76 -1.90
34.80 -1.90
34.85 -1.90
34.89 -1.90
34.93 -1.90
34.97 -1.90
35.00 -1.90
35.03 -1.90
35.06 -1.90
35.09 -1.90
35.12 -1.90
35.14 -1.90
35.17 -1.90
35.20 -1.90
35.22 -1.90
35.25 -1.90
35.26 -1.90
35.29 -1.90
35.32 -1.90
35.34 -1.90
35.35 -1.90
35.39 -1.90
35.40 -1.90
35.42 -1.90
35.43 -1.90
35.45 -1.90
35.48 -1.90
35.48 -1.90
35.51 -1.90
35.52 -1.90
35.55 -1.90
35.57 -1.90
35.60 -1.90
35.63 -1.90
35.66 -1.90
35.69 -1.90
35.72 -1.90
35.75 -1.90
35.78 -1.90
35.83 -1.90
35.88 -1.90
35.91 -1.90
35.95 -1.90
36.00 -1.90
36.04 -1.90
36.09 -1.90
36.14 -1.90
36.18 -1.90
36.23 -1.90
36.27 -1.90
36.32 -1.90
36.38 -1.90
36.43 -1.90
36.47 -1.90
36.54 -1.90
36.58 -1.90
36.64 -1.90
36.70 -1.90
36.77 -1.90
36.83 -1.90
36.89 -1.90
36.96 -1.90
37.03 -1.90
37.09 -1.90
37.16 -1.90
37.24 -1.90
37.32 -1.90
37.39 -1.90
37.49 -1.90
37.56 -1.90
37.64 -1.90
37.72 -1.90
37.81 -1.90
37.90 -1.90
37.99 -1.90
38.08 -1.90
38.18 -1.90
38.19 -1.90
38.22 -1.90
38.24 -1.90
38.28 -1.90
38.39 -1.90
38.51 -1.90
38.67 -1.90
38.80 -1.90
38.91 -1.90
38.96 -1.90
38.99 -1.90
39.05 -1.90
39.13 -1.90
39.22 -1.90
39.28 -1.90
39.34 -1.90
39.39 -1.90
39.43 -1.90
39.46 -1.90
39.49 -1.90
39.53 -1.90
39.56 -1.90
39.59 -1.90
39.60 -1.90
39.63 -1.90
39.63 -1.90
39.65 -1.90
39.65 -1.90
39.66 -1.90
39.68 -1.90
39.69 -1.90
39.69 -1.90
39.69 -1.90
39.71 -1.90
39.72 -1.90
39.72 -1.90
39.74 -1.90
39.76 -1.90
39.79 -1.90
39.82 -1.90
39.83 -1.90
39.86 -1.90
39.89 -1.90
39.92 -1.90
39.95 -1.90
40.00 -1.90
40.03 -1.90
40.06 -1.90
40.11 -1.90
40.14 -1.90
40.17 -1.90
40.18 -1.90
40.18 -1.90
40.11 -1.90
39.97 -1.90
39.77 -1.90
39.54 -1.90
39.28 -1.90
39.03 -1.90
38.76 -1.90
38.53 -1.90
38.25 -1.90
37.96 -1.90
37.67 -1.90
37.38 -1.90
37.09 -1.90
36.80 -1.90
36.49 -1.90
36.21 -1.90
35.95 -1.90
35.71 -1.90
35.46 -1.90
35.20 -1.90
34.99 -1.90
34.77 -1.90
34.59 -1.90
34.40 -1.90
34.24 -1.90
34.07 -1.90
33.93 -1.90
39.14 -1.90
33.84 -1.90
33.70 -1.90
33.53 -1.90
33.36 -1.90
33.19 -1.90
33.01 -1.90
32.82 -1.90
32.64 -1.90
32.47 -1.90
32.30 -1.90
32.12 -1.90
31.94 -1.90
31.74 -1.90
31.55 -1.90
31.37 -1.90
31.17 -1.90
30.98 -1.90
30.80 -1.90
30.59 -1.90
30.34 -1.90
30.06 -1.90
29.76 -1.90
29.45 -1.90
29.11 -1.90
28.78 -1.90
28.45 -1.90
28.12 -1.90
27.76 -1.90
27.44 -1.90
27.07 -1.90
26.74 -1.90
26.37 -1.90
26.00 -1.90
25.63 -1.90
25.20 -1.90
24.79 -1.90
24.35 -1.90
23.92 -1.90
23.52 -1.90
23.16 -1.90
22.80 -1.90
22.44 -1.90
22.12 -1.90
21.83 -1.90
21.54 -1.90
21.23 -1.90
20.96 -1.90
20.63 -1.90
20.33 -1.90
20.05 -1.90
19.96 -1.90
19.79 -1.90
19.53 -1.90
19.27 -1.90
19.02 -1.90
18.73 -1.90
18.44 -1.90
18.15 -1.90
17.81 -1.90
17.41 -1.90
17.00 -1.90
16.59 -1.90
16.14 -1.90
15.65 -1.90
15.13 -1.90
14.62 -1.90
14.03 -1.90
13.41 -1.90
12.80 -1.90
12.14 -1.90
11.30 -1.90
10.45 -1.90
9.72 -1.90
8.98 -1.90
8.37 -1.90
7.82 -1.90
7.30 -1.90
6.87 -1.90
6.44 -1.90
6.05 -1.90
6.04 -1.90
5.65 -1.90
5.30 -1.87
4.96 -1.79
4.63 -1.71
4.34 -1.61
4.03 -1.50
3.78 -1.38
3.54 -1.26
3.29 -1.13
3.08 -1.00
2.86 -0.87
2.63 -0.78
2.39 -0.69
2.10 -0.61
1.79 -0.54
1.50 -0.48
1.18 -0.43
0.89 -0.39
0.61 -0.36
0.32 -0.34
0.03 -0.32
-0.26 -0.31
-0.59 -0.31
-0.89 -0.32
-1.20 -0.34
-1.57 -0.35
-1.92 -0.36
-2.33 -0.35
-2.76 -0.32
-3.18 -0.30
-3.59 -0.26
-3.96 -0.21
-4.33 -0.16
-4.62 -0.11
-4.93 -0.06
-5.22 0.00
-5.48 0.05
-5.69 0.09
-5.89 0.12
-6.06 0.13
-6.23 0.13
-6.40 0.14
-6.60 0.13
-6.83 0.14
-7.07 0.14
-7.33 0.14
-7.58 0.14
-7.82 0.15
-7.82 0.12
-8.04 0.12
-8.24 0.12
-8.47 0.12
-8.68 0.12
-8.91 0.13
-9.16 0.13
-9.40 0.14
-9.69 0.15
-10.05 0.18
-10.40 0.20
-10.80 0.23
-11.21 0.27
-11.58 0.30
-11.99 0.33
-12.41 0.36
-12.84 0.43
-13.30 0.45
-13.77 0.47
-14.23 0.47
-14.82 0.47
-15.41 0.43
-16.13 0.36
-16.89 0.26
-17.62 0.18
-18.30 0.14
-18.94 0.13
-19.52 0.14
-20.07 0.15
-20.55 0.17
-20.96 0.17
-21.35 0.17
-21.70 0.25
-21.59 0.16
-21.93 0.10
-22.25 -0.01
-22.56 -0.19
-22.87 -0.37
-23.19 -0.52
-23.54 -0.59
-23.88 -0.63
-24.21 -0.64
-24.54 -0.64
-24.81 -0.63
-25.10 -0.62
-25.41 -0.59
-25.78 -0.55
-26.15 -0.50
-26.53 -0.44
-26.90 -0.38
-27.24 -0.32
-27.57 -0.26
-27.91 -0.19
-28.22 -0.12
-28.54 -0.05
-28.88 0.04
-29.23 0.12
-29.57 0.21
-29.87 0.29
-30.15 0.36
-30.41 0.42
-30.67 0.49
-30.93 0.55
-31.21 0.60
-31.45 0.65
-31.70 0.69
-31.91 0.72
-32.13 0.74
-32.31 0.76
-32.53 0.77
-32.71 0.78
-32.88 0.78
-33.05 0.78
-33.20 0.77
-33.34 0.76
-33.48 0.75
-33.61 0.74
-33.75 0.73
-33.91 0.71
-34.09 0.71
-34.27 0.71
-34.46 0.71
-34.63 0.70
-34.81 0.70
-34.98 0.66
-35.13 0.64
-35.25 0.61
-35.41 0.57
-35.53 0.51
-35.90 0.46
-36.05 0.34
-36.19 0.16
-36.34 -0.01
-36.50 -0.15
-36.65 -0.22
-36.83 -0.27
-37.06 -0.30
-37.28 -0.31
-37.51 -0.31
-37.75 -0.30
-38.00 -0.28
-38.24 -0.25
-38.51 -0.22
-38.75 -0.18
-39.01 -0.14
-39.24 -0.09
-39.50 -0.04
-39.76 0.02
-40.08 0.09
-40.31 0.14
-40.58 0.20
-40.77 0.25
-40.96 0.29
-41.16 0.33
-41.37 0.36
-41.62 0.39
-41.86 0.42
-42.09 0.45
-42.31 0.47
-42.52 0.49
-42.74 0.50
-42.94 0.51
-43.14 0.52
-43.34 0.54
-43.53 0.55
-43.72 0.56
-43.92 0.57
-44.10 0.58
-44.26 0.58
-44.36 0.58
-44.44 0.57
-44.49 0.56
-44.52 0.54
-44.52 0.51
-44.52 0.49
-44.53 0.46
-44.53 0.43
-44.53 0.39
-44.53 0.34
-44.55 0.29
-44.55 0.24
-44.56 0.17
-44.56 0.11
-44.56 0.02
-44.56 -0.07
-44.58 -0.17
-44.65 -0.24
-44.72 -0.30
-44.84 -0.32
-44.93 -0.33
-44.98 -0.33
-44.99 -0.32
-44.99 -0.30
-44.99 -0.27
-44.99 -0.22
-44.99 -0.17
-44.99 -0.10
-44.99 -0.02
-45.01 0.07
-44.99 0.13
-44.93 0.18
-44.84 0.21
-44.68 0.22
-44.52 0.22
-44.39 0.22
-44.29 0.23
-44.21 0.23
-44.13 0.23
-44.03 0.23
-43.90 0.22
-43.75 0.20
-43.58 0.18
-43.38 0.16
-43.18 0.13
-43.00 0.10
-42.81 0.08
-42.60 0.04
-42.40 0.01
-42.17 -0.02
-41.96 -0.05
-41.80 -0.07
-41.66 -0.07
-41.56 -0.07
-41.48 -0.06
-41.36 -0.06
-41.22 -0.05
-41.05 -0.05
-40.88 -0.05
-40.70 -0.07
-40.54 -0.06
-40.39 -0.06
-40.27 -0.04
-40.15 -0.03
-40.04 -0.01
-39.92 0.02
-39.78 0.06
-39.61 0.09
-39.38 0.12
-39.16 0.16
-38.92 0.22
-38.72 0.31
-38.55 0.40
-38.38 0.49
-38.23 0.57
-38.06 0.63
-37.89 0.66
-37.69 0.66
-37.49 0.65
-37.26 0.62
-37.02 0.57
-36.76 0.52
-36.53 0.46
-36.28 0.39
-36.07 0.31
-35.52 0.16
-35.41 0.08
-35.19 -0.03
-34.95 -0.12
-34.72 -0.20
-34.50 -0.27
-34.32 -0.31
-34.12 -0.34
-33.89 -0.35
-33.60 -0.36
-33.23 -0.36
-32.79 -0.36
-32.33 -0.34
-31.84 -0.33
-31.36 -0.32
-30.87 -0.32
-30.38 -0.32
-29.89 -0.33
-29.37 -0.35
-28.81 -0.38
-28.26 -0.42
-27.73 -0.45
-27.20 -0.49
-26.73 -0.52
-26.30 -0.54
-25.93 -0.54
-25.58 -0.52
-25.27 -0.48
-24.97 -0.41
-24.66 -0.25
-24.34 -0.02
-24.00 0.19
-23.63 0.31
-23.25 0.37
-22.85 0.40
-22.41 0.38
-21.95 0.37
-21.50 0.35
-21.22 0.36
-20.69 0.33
-20.11 0.30
-19.48 0.27
-18.82 0.22
-18.16 0.18
-17.53 0.16
-16.92 0.14
-16.27 0.12
-15.61 0.09
-15.03 0.06
-14.43 0.02
-13.79 -0.03
-13.13 -0.09
-12.56 -0.14
-12.16 -0.16
-11.83 -0.17
-11.60 -0.17
-11.41 -0.16
-11.24 -0.15
-11.04 -0.14
-10.83 -0.14
-10.60 -0.14
-10.38 -0.14
-10.18 -0.14
-10.00 -0.13
-9.85 -0.12
-9.71 -0.11
-9.59 -0.10
-9.46 -0.09
-9.33 -0.08
-9.17 -0.08
-9.02 -0.08
-8.85 -0.15
-8.68 -0.15
-8.53 -0.15
-8.38 -0.15
-8.24 -0.14
-8.11 -0.13
-7.99 -0.12
-7.88 -0.11
-7.76 -0.09
-7.64 -0.08
-7.50 -0.07
-7.82 0.01
-7.69 0.01
-7.52 -0.01
-7.32 -0.03
-7.12 -0.07
-6.93 -0.11
-6.80 -0.14
-6.67 -0.18
-6.55 -0.22
-6.43 -0.26
-6.26 -0.30
-6.09 -0.35
-5.85 -0.40
-5.58 -0.46
-5.32 -0.52
-5.05 -0.57
-4.80 -0.62
-4.59 -0.67
-4.39 -0.71
-4.20 -0.74
-3.99 -0.78
-3.76 -0.82
-3.48 -0.86
-3.21 -0.90
-2.92 -0.94
-2.61 -0.99
-2.35 -1.02
-2.09 -1.06
-1.81 -1.10
-1.54 -1.13
-1.21 -1.18
-0.89 -1.22
-0.52 -1.27
-0.20 -1.31
0.10 -1.35
0.40 -1.39
0.63 -1.42
0.87 -1.46
1.09 -1.48
1.30 -1.51
1.53 -1.54
1.74 -1.57
1.96 -1.60
2.16 -1.63
2.34 -1.65
2.51 -1.67
2.68 -1.69
2.86 -1.72
3.06 -1.74
3.28 -1.77
3.49 -1.80
3.69 -1.83
3.88 -1.85
4.03 -1.87
4.20 -1.90
4.32 -1.90
4.46 -1.90
4.60 -1.90
4.72 -1.90
4.83 -1.90
4.95 -1.90
5.06 -1.90
5.16 -1.90
5.27 -1.90
5.38 -1.90
5.49 -1.90
5.59 -1.90
5.72 -1.90
5.85 -1.90
5.98 -1.90
6.11 -1.90
6.11 -1.90
6.28 -1.90
6.48 -1.90
6.70 -1.90
6.91 -1.90
7.14 -1.90
7.37 -1.90
7.59 -1.90
7.82 -1.90
8.05 -1.90
8.26 -1.90
8.48 -1.90
8.72 -1.90
8.97 -1.90
9.23 -1.90
9.49 -1.90
9.76 -1.90
10.02 -1.90
10.32 -1.90
10.58 -1.90
10.87 -1.90
11.16 -1.90
11.43 -1.90
11.76 -1.90
12.09 -1.90
12.43 -1.90
12.85 -1.90
13.32 -1.90
13.73 -1.90
14.21 -1.90
14.65 -1.90
15.01 -1.90
15.34 -1.90
15.62 -1.90
15.90 -1.90
16.16 -1.90
16.39 -1.90
16.66 -1.90
16.92 -1.90
17.17 -1.90
17.41 -1.90
17.64 -1.90
17.86 -1.90
18.06 -1.90
18.24 -1.90
18.44 -1.90
18.63 -1.90
18.83 -1.90
19.04 -1.90
19.24 -1.90
19.41 -1.90
19.58 -1.90
19.73 -1.90
19.85 -1.90
19.98 -1.90
20.10 -1.90
20.22 -1.90
20.24 -1.90
20.36 -1.90
20.50 -1.90
20.62 -1.90
20.74 -1.90
20.86 -1.90
20.99 -1.90
21.08 -1.90
21.20 -1.90
21.31 -1.90
21.42 -1.90
21.52 -1.90
21.63 -1.90
21.75 -1.90
21.88 -1.90
22.01 -1.90
22.17 -1.90
22.32 -1.90
22.51 -1.90
22.69 -1.90
22.84 -1.90
23.01 -1.90
23.15 -1.90
23.29 -1.90
23.43 -1.90
23.56 -1.90
23.70 -1.90
23.85 -1.90
23.99 -1.90
24.15 -1.90
24.28 -1.90
24.41 -1.90
24.54 -1.90
24.68 -1.90
24.84 -1.90
24.99 -1.90
25.14 -1.90
25.30 -1.90
25.45 -1.90
25.60 -1.90
25.74 -1.90
25.91 -1.90
26.09 -1.90
26.28 -1.90
26.48 -1.90
26.69 -1.90
26.91 -1.90
27.11 -1.90
27.27 -1.90
27.43 -1.90
27.60 -1.90
27.72 -1.90
27.86 -1.90
27.98 -1.90
28.09 -1.90
28.19 -1.90
28.30 -1.90
28.41 -1.90
28.52 -1.90
28.61 -1.90
28.68 -1.90
28.75 -1.90
28.82 -1.90
28.87 -1.90
28.93 -1.90
28.99 -1.90
29.04 -1.90
29.10 -1.90
29.14 -1.90
29.19 -1.90
29.24 -1.90
29.28 -1.90
29.33 -1.90
29.39 -1.90
29.44 -1.90
29.50 -1.90
29.54 -1.90
29.59 -1.90
29.64 -1.90
29.70 -1.90
29.74 -1.90
29.79 -1.90
29.83 -1.90
29.87 -1.90
29.90 -1.90
29.93 -1.90
29.96 -1.90
29.99 -1.90
30.03 -1.90
30.06 -1.90
30.10 -1.90
30.13 -1.90
30.16 -1.90
30.19 -1.90
30.20 -1.90
30.25 -1.90
30.28 -1.90
30.31 -1.90
30.34 -1.90
30.37 -1.90
30.40 -1.90
30.43 -1.90
30.46 -1.90
30.49 -1.90
30.52 -1.90
30.56 -1.90
30.59 -1.90
30.62 -1.90
30.65 -1.90
30.68 -1.90
30.71 -1.90
30.72 -1.90
30.75 -1.90
30.77 -1.90
30.79 -1.90
30.80 -1.90
30.82 -1.90
30.82 -1.90
30.82 -1.90
30.82 -1.90
30.82 -1.90
30.82 -1.90
30.82 -1.90
30.80 -1.90
30.80 -1.90
30.79 -1.90
30.79 -1.90
30.77 -1.90
30.72 -1.90
30.68 -1.90
30.57 -1.90
30.46 -1.90
30.34 -1.90
30.19 -1.90
30.03 -1.90
29.85 -1.90
29.67 -1.90
29.47 -1.90
29.25 -1.90
29.02 -1.90
28.76 -1.90
28.49 -1.90
28.21 -1.90
27.90 -1.90
27.61 -1.90
27.29 -1.90
26.95 -1.90
26.61 -1.90
26.23 -1.90
25.82 -1.90
25.36 -1.90
24.87 -1.90
24.41 -1.90
23.95 -1.90
23.53 -1.90
23.13 -1.90
22.74 -1.90
22.40 -1.90
22.05 -1.90
21.71 -1.90
21.36 -1.90
20.97 -1.90
20.59 -1.90
20.25 -1.90
19.79 -1.90
19.47 -1.90
19.12 -1.90
18.78 -1.90
18.44 -1.90
18.04 -1.90
17.61 -1.90
17.09 -1.90
16.51 -1.90
15.90 -1.90
15.18 -1.90
14.41 -1.90
13.64 -1.90
12.80 -1.90
11.94 -1.90
10.84 -1.90
9.78 -1.90
8.87 -1.90
8.02 -1.90
7.23 -1.90
6.64 -1.90
6.11 -1.90
5.98 -1.90
5.52 -1.90
5.04 -1.90
4.57 -1.90
4.14 -1.88
3.71 -1.82
3.28 -1.75
2.89 -1.69
2.51 -1.63
2.07 -1.57
1.62 -1.50
1.13 -1.43
0.59 -1.35
0.09 -1.27
-0.42 -1.20
-0.92 -1.12
-1.37 -1.06
-1.84 -0.99
-2.38 -0.91
-2.90 -0.83
-3.42 -0.76
-3.91 -0.69
-4.34 -0.62
-4.76 -0.57
-5.12 -0.51
-5.45 -0.47
-5.77 -0.43
-6.04 -0.39
-6.31 -0.35
-6.61 -0.31
-6.87 -0.27
-7.15 -0.23
-7.38 -0.20
-7.59 -0.17
-7.79 -0.14
-7.79 -0.14
-7.98 -0.12
-8.16 -0.09
-8.34 -0.06
-8.48 -0.04
-8.64 -0.02
-8.79 0.00
-8.94 0.02
-9.07 0.04
-9.16 0.04
-9.23 0.05
-9.34 0.05
-9.45 0.05
-9.56 0.06
-9.68 0.06
-9.83 0.07
-9.95 0.07
-10.09 0.08
-10.25 0.09
-10.38 0.10
-10.52 0.11
-10.66 0.11
-10.77 0.11
-10.87 0.12
-10.98 0.11
-11.07 0.10
-11.17 0.08
-11.26 0.06
-11.33 0.03
-11.41 -0.01
-11.49 -0.06
-11.61 -0.11
-11.79 -0.15
-11.99 -0.19
-12.24 -0.22
-12.48 -0.26
-12.67 -0.29
-12.82 -0.31
-12.98 -0.31
-13.10 -0.30
-13.24 -0.28
-13.40 -0.23
-13.57 -0.18
-13.76 -0.11
-13.96 -0.03
-14.14 0.05
-14.32 0.13
-14.43 0.18
-14.48 0.21
-14.52 0.23
-14.54 0.23
-14.59 0.22
-14.66 0.22
-14.77 0.20
-14.88 0.17
-14.98 0.14
-15.08 0.09
-15.12 0.03
-15.15 -0.03
-15.15 -0.09
-15.21 -0.13
-15.38 -0.14
-15.54 -0.13
-15.72 -0.11
-15.87 -0.08
-15.92 -0.05
-15.92 -0.02
-15.89 0.02
-15.83 0.05
-15.70 0.06
-15.52 0.07
-15.31 0.06
-15.00 0.03
-14.68 -0.02
-14.39 -0.05
-14.17 -0.08
-14.02 -0.10
-13.88 -0.10
-13.79 -0.09
-13.68 -0.08
-13.56 -0.06
-13.39 -0.05
-13.21 -0.04
-13.02 -0.03
-12.84 -0.02
-12.68 -0.01
-12.55 -0.00
-12.41 0.01
-12.25 0.01
-12.09 -0.00
-11.86 -0.02
-11.67 -0.04
-11.52 -0.05
-11.41 -0.05
-11.37 -0.04
-11.32 -0.03
-11.29 -0.01
-11.23 0.01
-11.15 0.02
-11.04 0.02
-10.89 0.01
-10.74 0.00
-10.60 -0.01
-10.48 -0.02
-10.41 -0.03
-10.41 -0.02
-10.40 -0.01
-10.41 -0.00
-10.40 0.01
-10.35 0.01
-10.28 0.01
-10.18 -0.01
-10.08 -0.02
-10.00 -0.03
-10.00 -0.03
-10.03 -0.03
-10.06 -0.02
-10.11 -0.01
-10.12 -0.01
-10.11 -0.01
-10.11 -0.00
-10.11 -0.00
-10.12 0.00
-10.14 0.01
-10.14 0.01
-10.12 -0.00
-10.11 -0.01
-10.08 -0.02
-10.08 -0.02
-10.09 -0.02
-10.12 -0.01
-10.15 -0.01
-10.15 -0.00
-10.15 -0.00
-10.15 -0.00
-10.15 0.00
-10.15 0.00
-10.14 -0.00
-10.09 -0.01
-10.08 -0.02
-10.06 -0.02
-10.09 -0.01
-10.12 -0.01
-10.15 -0.00
-10.18 0.00
-10.18 0.00
-10.18 -0.00
-10.15 -0.01
-10.14 -0.02
-10.14 -0.02
-10.17 -0.01
-10.23 -0.00
-10.26 0.00
-10.29 0.01
-10.29 0.01
-10.26 -0.00
-10.22 -0.01
-10.20 -0.02
-10.23 -0.02
-10.29 -0.01
-10.37 0.01
-10.45 0.02
-10.48 0.03
-10.46 0.02
-10.43 0.01
-10.40 0.01
-10.38 -0.00
-10.40 -0.01
-10.45 -0.00
-10.54 0.01
-10.64 0.03
-10.69 0.03
-10.71 0.04
-10.69 0.03
-10.64 0.02
-10.63 0.01
-10.63 0.01
-10.64 0.01
-10.68 0.00
-10.71 -0.00
-10.74 -0.00
-10.77 -0.00
-10.83 0.00
-10.91 0.02
-10.97 0.03
-10.98 0.03
-11.00 0.03
-10.98 0.02
-10.98 0.02
-10.98 0.02
-11.00 0.02
-11.03 0.01
-11.06 0.02
-11.06 0.01
-11.07 0.01
-11.07 0.00
-11.07 -0.00
-11.09 -0.01
-11.10 -0.00
-11.18 0.01
-11.26 0.03
-11.33 0.05
-11.35 0.05
-11.33 0.05
-11.30 0.04
-11.29 0.04
-11.30 0.04
-11.32 0.04
-11.35 0.04
-11.38 0.04
-11.43 0.05
-11.47 0.05
-11.52 0.05
-11.55 0.05
-11.60 0.06
-11.64 0.06
-11.69 0.06
-11.75 0.07
-11.79 0.07
-11.84 0.08
-11.87 0.08
-11.92 0.08
-11.95 0.08
-11.96 0.08
-11.99 0.08
-12.01 0.08
-12.02 0.08
-12.04 0.07
-12.06 0.07
-12.07 0.07
-12.10 0.07
-12.12 0.06
-12.15 0.06
-12.16 0.05
-12.18 0.05
-12.21 0.04
-12.22 0.03
-12.25 0.01
-12.27 -0.01
-12.29 -0.03
-12.35 -0.04
-12.47 -0.04
-12.58 -0.04
-12.68 -0.03
-12.75 -0.03
-12.73 -0.03
-12.68 -0.03
-12.61 -0.04
-12.53 -0.04
-12.48 -0.04
-12.44 -0.03
-12.42 -0.02
-12.39 -0.01
-12.38 -0.00
-12.35 0.00
-12.32 0.01
-12.24 0.00
-12.13 -0.01
-12.04 -0.03
-11.98 -0.04
-11.98 -0.04
-11.99 -0.04
-12.06 -0.03
-12.10 -0.02
-12.10 -0.01
-12.09 -0.01
-12.04 -0.01
-12.02 -0.00
-11.99 -0.00
-11.98 0.01
-11.96 0.01
-11.92 0.01
-11.81 -0.01
-11.70 -0.02
-11.63 -0.03
-11.61 -0.03
-11.63 -0.03
-11.67 -0.01
-11.72 0.01
-11.75 0.03
-11.70 0.03
-11.63 0.02
-11.55 0.02
-11.46 0.00
-11.40 -0.01
-11.38 -0.01
-11.40 -0.00
-11.44 0.01
-11.50 0.03
-11.53 0.04
-11.50 0.04
-11.44 0.03
-11.37 0.02
-11.30 0.00
-11.27 -0.00
-11.26 -0.01
-11.29 -0.00
-11.33 0.01
-11.40 0.03
-11.41 0.03
-11.40 0.03
-11.37 0.03
-11.29 0.02
-11.24 0.01
-11.20 -0.00
-11.20 -0.01
-11.20 -0.00
-11.24 0.01
-11.27 0.02
-11.29 0.02
-11.26 0.02
-11.21 0.01
-11.14 0.00
-11.09 -0.01
-11.06 -0.01
-11.06 -0.01
-11.10 -0.00
-11.15 0.01
-11.20 0.03
-11.21 0.04
-11.17 0.03
-11.09 0.02
-11.01 0.01
-10.95 -0.00
-10.92 -0.01
-10.94 -0.01
-10.97 -0.00
-11.01 0.01
-11.06 0.02
-11.06 0.03
-11.00 0.02
-10.94 0.01
-10.86 -0.01
-10.80 -0.02
-10.80 -0.02
-10.83 -0.01
-10.89 0.00
-10.95 0.02
-10.97 0.02
-10.94 0.02
-10.87 0.01
-10.80 -0.01
-10.74 -0.02
-10.72 -0.02
-10.77 -0.01
-10.83 0.00
-10.89 0.02
-10.92 0.02
-10.87 0.02
-10.81 0.00
-10.72 -0.01
-10.64 -0.03
-10.63 -0.03
-10.68 -0.02
-10.72 -0.01
-10.78 0.01
-10.83 0.02
-10.80 0.02
-10.74 0.01
-10.64 -0.01
-10.57 -0.02
-10.54 -0.03
-10.55 -0.02
-10.61 -0.01
-10.69 0.01
-10.74 0.02
-10.74 0.02
-10.71 0.02
-10.64 0.01
-10.57 -0.01
-10.52 -0.02
-10.54 -0.02
-10.60 -0.01
-10.66 0.00
-10.74 0.02
-10.78 0.03
-10.75 0.02
-10.69 0.01
-10.63 -0.01
-10.57 -0.02
-10.58 -0.02
-10.63 -0.01
-10.69 0.00
-10.77 0.02
-10.80 0.02
-10.77 0.02
-10.71 0.01
-10.63 -0.01
-10.57 -0.02
-10.55 -0.03
-10.60 -0.02
-10.66 -0.00
-10.74 0.01
-10.78 0.02
-10.78 0.03
-10.72 0.02
-10.66 0.01
-10.58 -0.01
-10.52 -0.02
-10.54 -0.02
-10.60 -0.01
-10.68 0.00
-10.74 0.02
-10.77 0.02
-10.74 0.02
-10.68 0.01
-10.60 -0.01
-10.55 -0.02
-10.55 -0.02
-10.61 -0.01
-10.69 0.00
-10.75 0.02
-10.80 0.02
-10.77 0.02
-10.71 0.01
-10.63 -0.01
-10.58 -0.02
-10.57 -0.02
-10.63 -0.01
-10.69 0.00
-10.75 0.02
-10.80 0.02
-10.75 0.02
-10.71 0.01
-10.63 -0.01
-10.57 -0.02
-10.57 -0.02
-10.61 -0.01
-10.68 0.00
-10.75 0.02
-10.78 0.02
-10.77 0.02
-10.71 0.01
-10.64 -0.00
-10.58 -0.02
-10.58 -0.02
-10.61 -0.01
-10.68 0.00
-10.74 0.01
-10.77 0.02
