-4.27 0.22
-4.27 0.22
-4.27 0.21
-4.20 0.19
-4.13 0.15
-4.05 0.11
-3.96 0.06
-3.85 0.01
-3.71 -0.05
-3.58 -0.11
-3.45 -0.15
-3.41 -0.17
-3.42 -0.17
-3.45 -0.15
-3.50 -0.13
-3.58 -0.09
-3.70 -0.04
-3.85 0.03
-4.04 0.10
-4.20 0.17
-4.30 0.21
-4.34 0.24
-4.36 0.25
-4.34 0.24
-4.31 0.22
-4.25 0.18
-4.17 0.13
-4.08 0.08
-3.99 0.02
-3.88 -0.04
-3.74 -0.10
-3.64 -0.15
-3.59 -0.18
-3.59 -0.18
-3.62 -0.18
-3.65 -0.16
-3.71 -0.13
-3.81 -0.09
-3.94 -0.03
-4.10 0.04
-4.28 0.12
-4.43 0.19
-4.53 0.24
-4.56 0.27
-4.54 0.28
-4.51 0.27
-4.43 0.25
-4.36 0.21
-4.25 0.16
-4.13 0.10
-4.01 0.03
-3.85 -0.04
-3.70 -0.11
-3.55 -0.16
-3.48 -0.19
-3.47 -0.20
-3.50 -0.20
-3.56 -0.18
-3.62 -0.15
-3.71 -0.11
-3.82 -0.06
-3.96 0.01
-4.13 0.09
-4.30 0.16
-4.39 0.22
-4.42 0.25
-4.43 0.26
-4.42 0.26
-4.36 0.24
-4.30 0.21
-4.20 0.16
-4.10 0.10
-3.96 0.04
-3.82 -0.03
-3.67 -0.10
-3.53 -0.15
-3.47 -0.18
-3.47 -0.19
-3.50 -0.19
-3.56 -0.17
-3.65 -0.14
-3.76 -0.10
-3.88 -0.04
-4.01 0.02
-4.16 0.10
-4.31 0.16
-4.39 0.21
-4.40 0.24
-4.40 0.25
-4.37 0.24
-4.31 0.22
-4.24 0.19
-4.14 0.14
-4.02 0.08
-3.90 0.02
-3.74 -0.05
-3.58 -0.12
-3.45 -0.17
-3.42 -0.19
-3.45 -0.20
-3.53 -0.18
-3.64 -0.16
-3.74 -0.12
-3.88 -0.07
-4.02 -0.01
-4.20 0.06
-4.39 0.14
-4.54 0.21
-4.60 0.25
-4.60 0.28
-4.57 0.28
-4.53 0.27
-4.43 0.24
-4.33 0.19
-4.20 0.14
-4.07 0.08
-3.94 0.01
-3.81 -0.06
-3.70 -0.12
-3.67 -0.15
-3.73 -0.16
-3.88 -0.15
-4.08 -0.12
-4.30 -0.08
-4.51 -0.03
-4.70 0.02
-4.85 0.08
-4.94 0.12
-4.93 0.14
-4.85 0.15
-4.73 0.14
-4.59 0.12
-4.45 0.09
-4.30 0.05
-4.17 0.02
-4.04 -0.02
-3.91 -0.06
-3.87 -0.08
-3.93 -0.07
-4.08 -0.04
-4.27 0.00
-4.47 0.05
-4.62 0.09
-4.68 0.10
-4.66 0.10
-4.62 0.09
-4.53 0.07
-4.45 0.05
-4.36 0.02
-4.28 -0.01
-4.22 -0.03
-4.19 -0.04
-4.27 -0.03
-4.39 -0.01
-4.53 0.03
-4.66 0.07
-4.74 0.10
-4.73 0.10
-4.63 0.09
-4.53 0.07
-4.37 0.04
-4.24 0.01
-4.11 -0.02
-4.02 -0.05
-3.97 -0.06
-4.04 -0.04
-4.14 -0.02
-4.28 0.02
-4.40 0.06
-4.47 0.08
-4.42 0.09
-4.28 0.07
-4.10 0.03
-3.90 -0.00
-3.68 -0.05
-3.55 -0.07
-3.53 -0.07
-3.58 -0.05
-3.68 -0.02
-3.81 0.02
-3.91 0.05
-3.96 0.08
-3.88 0.07
-3.74 0.05
-3.58 0.02
-3.36 -0.03
-3.15 -0.07
-3.01 -0.11
-3.01 -0.11
-3.09 -0.09
-3.21 -0.06
-3.35 -0.02
-3.45 0.02
-3.55 0.05
-3.56 0.07
-3.47 0.07
-3.28 0.03
-3.10 -0.00
-2.89 -0.05
-2.70 -0.09
-2.66 -0.09
-2.69 -0.09
-2.76 -0.06
-2.84 -0.04
-2.89 -0.01
-2.90 0.01
-2.90 0.03
-2.87 0.04
-2.76 0.03
-2.58 -0.00
-2.36 -0.04
-2.17 -0.08
-2.06 -0.09
-2.01 -0.10
-2.04 -0.08
-2.09 -0.06
-2.18 -0.03
-2.26 0.00
-2.33 0.03
-2.44 0.06
-2.44 0.06
-2.35 0.04
-2.20 0.00
-2.01 -0.05
-1.84 -0.10
-1.71 -0.14
-1.64 -0.16
-1.66 -0.16
-1.69 -0.15
-1.74 -0.13
-1.78 -0.11
-1.83 -0.08
-1.86 -0.04
-1.86 -0.01
-1.86 0.03
-1.86 0.06
-1.84 0.07
-1.77 0.07
-1.64 0.04
-1.48 -0.00
-1.31 -0.05
-1.15 -0.09
-1.09 -0.12
-1.12 -0.13
-1.23 -0.11
-1.38 -0.08
-1.54 -0.05
-1.69 -0.01
-1.83 0.03
-1.92 0.05
-1.98 0.07
-1.95 0.05
-1.87 0.02
-1.77 -0.02
-1.64 -0.06
-1.57 -0.10
-1.60 -0.11
-1.72 -0.10
-1.90 -0.07
-2.10 -0.03
-2.33 0.01
-2.61 0.07
-2.84 0.11
-2.95 0.12
-2.93 0.11
-2.84 0.07
-2.73 0.03
-2.63 -0.02
-2.53 -0.07
-2.52 -0.10
-2.63 -0.10
-2.81 -0.08
-3.02 -0.05
-3.25 -0.00
-3.47 0.05
-3.68 0.09
-3.81 0.12
-3.81 0.12
-3.70 0.10
-3.55 0.06
-3.38 0.02
-3.19 -0.03
-3.02 -0.08
-2.92 -0.11
-2.96 -0.11
-3.10 -0.09
-3.28 -0.05
-3.48 0.00
-3.65 0.04
-3.79 0.08
-3.79 0.09
-3.70 0.07
-3.56 0.05
-3.38 0.01
-3.19 -0.04
-3.05 -0.08
-2.96 -0.10
-3.02 -0.09
-3.18 -0.06
-3.36 -0.02
-3.55 0.03
-3.73 0.07
-3.87 0.11
-3.85 0.11
-3.74 0.09
-3.58 0.06
-3.38 0.01
-3.18 -0.04
-3.01 -0.08
-2.89 -0.12
-2.93 -0.12
-3.09 -0.09
-3.28 -0.05
-3.47 0.00
-3.65 0.05
-3.79 0.08
-3.81 0.10
-3.71 0.08
-3.55 0.05
-3.33 0.00
-3.12 -0.05
-2.92 -0.10
-2.79 -0.13
-2.81 -0.12
-2.92 -0.10
-3.09 -0.06
-3.27 -0.01
-3.44 0.04
-3.61 0.09
-3.71 0.12
-3.68 0.13
-3.55 0.11
-3.32 0.06
-3.04 0.00
-2.75 -0.07
-2.49 -0.13
-2.33 -0.17
-2.29 -0.18
-2.32 -0.17
-2.43 -0.14
-2.58 -0.10
-2.78 -0.05
-2.98 0.01
-3.21 0.07
-3.39 0.13
-3.44 0.15
-3.36 0.14
-3.18 0.10
-2.89 0.04
-2.53 -0.04
-2.18 -0.12
-1.83 -0.20
-1.55 -0.25
-1.37 -0.28
-1.21 -0.30
-1.11 -0.30
-1.02 -0.29
-0.95 -0.27
-0.92 -0.23
-0.89 -0.19
-0.89 -0.13
-0.89 -0.08
-0.89 -0.02
-0.89 0.03
-0.88 0.07
-0.82 0.08
-0.65 0.07
-0.31 0.02
0.12 -0.05
0.56 -0.14
1.01 -0.23
1.35 -0.30
1.58 -0.35
1.71 -0.38
1.78 -0.40
1.78 -0.40
1.71 -0.39
1.62 -0.37
1.47 -0.33
1.30 -0.29
1.13 -0.25
0.95 -0.21
0.75 -0.16
0.55 -0.12
0.35 -0.08
0.17 -0.04
-0.02 0.00
-0.17 0.03
-0.28 0.04
-0.25 0.02
-0.10 -0.02
0.15 -0.09
0.46 -0.17
0.73 -0.24
0.95 -0.30
1.09 -0.34
1.18 -0.37
1.21 -0.38
1.18 -0.37
1.12 -0.35
1.02 -0.32
0.92 -0.28
0.82 -0.25
0.72 -0.20
0.66 -0.17
0.63 -0.14
0.64 -0.12
0.66 -0.11
0.69 -0.09
0.72 -0.08
0.76 -0.07
0.79 -0.06
0.86 -0.06
0.92 -0.05
0.98 -0.05
1.04 -0.04
1.10 -0.03
1.16 -0.02
1.22 -0.00
1.27 0.01
1.30 0.03
1.36 0.05
1.50 0.04
1.67 0.03
1.87 0.01
2.07 -0.02
2.20 -0.04
2.31 -0.05
2.33 -0.05
2.31 -0.05
2.28 -0.04
2.24 -0.02
2.24 -0.02
2.25 -0.01
2.27 -0.01
2.27 0.00
2.25 0.01
2.27 0.02
2.31 0.01
2.42 -0.01
2.57 -0.04
2.71 -0.06
2.83 -0.08
2.96 -0.10
3.06 -0.11
3.19 -0.13
3.31 -0.14
3.46 -0.16
3.62 -0.18
3.77 -0.20
3.91 -0.21
4.04 -0.23
4.18 -0.25
4.29 -0.25
4.41 -0.26
4.52 -0.27
4.64 -0.28
4.72 -0.28
4.77 -0.28
4.80 -0.28
4.81 -0.27
4.81 -0.26
4.80 -0.25
4.78 -0.24
4.78 -0.23
4.75 -0.21
4.72 -0.20
4.70 -0.18
4.67 -0.15
4.67 -0.13
4.64 -0.11
4.61 -0.08
4.60 -0.05
4.58 -0.02
4.58 0.01
4.58 0.04
4.60 0.07
4.69 0.07
4.84 0.06
5.07 0.03
5.35 -0.02
5.64 -0.07
5.90 -0.12
6.11 -0.16
6.11 -0.17
6.25 -0.20
6.41 -0.23
6.59 -0.27
6.79 -0.30
7.03 -0.34
7.28 -0.38
7.56 -0.42
7.83 -0.46
8.09 -0.50
8.32 -0.53
8.54 -0.56
8.74 -0.59
8.92 -0.61
9.09 -0.63
9.24 -0.65
9.38 -0.66
9.53 -0.67
9.66 -0.68
9.78 -0.69
9.90 -0.70
9.99 -0.70
10.10 -0.69
10.19 -0.69
10.28 -0.67
10.38 -0.64
10.44 -0.59
10.50 -0.53
10.56 -0.44
10.62 -0.35
10.68 -0.24
10.74 -0.14
10.81 -0.06
10.88 0.00
10.96 0.05
11.10 0.08
11.37 0.07
11.65 0.06
11.89 0.04
12.12 0.02
12.32 -0.00
12.51 -0.02
12.63 -0.04
12.71 -0.04
12.80 -0.05
12.91 -0.06
13.08 -0.08
13.24 -0.10
13.46 -0.12
13.70 -0.15
13.95 -0.18
14.21 -0.21
14.47 -0.24
14.72 -0.27
14.95 -0.30
15.18 -0.32
15.38 -0.34
15.56 -0.36
15.73 -0.39
15.88 -0.40
16.02 -0.42
16.14 -0.43
16.25 -0.44
16.34 -0.44
16.42 -0.45
16.48 -0.45
16.51 -0.45
16.54 -0.45
16.56 -0.45
16.57 -0.44
16.59 -0.44
16.59 -0.43
16.59 -0.42
16.59 -0.40
16.59 -0.39
16.59 -0.36
16.57 -0.34
16.56 -0.31
16.54 -0.28
16.53 -0.25
16.51 -0.22
16.49 -0.18
16.46 -0.14
16.45 -0.09
16.42 -0.04
16.39 0.02
16.37 0.08
16.37 0.14
16.42 0.19
16.48 0.21
16.53 0.22
16.57 0.21
16.60 0.19
16.65 0.15
16.69 0.09
16.74 0.03
16.79 -0.03
16.82 -0.08
16.83 -0.13
16.83 -0.16
16.83 -0.19
16.83 -0.21
16.82 -0.23
16.82 -0.25
16.80 -0.26
16.79 -0.28
16.77 -0.28
16.74 -0.29
16.72 -0.29
16.69 -0.29
16.66 -0.29
16.63 -0.28
16.59 -0.27
16.56 -0.26
16.53 -0.25
16.49 -0.24
16.45 -0.23
16.42 -0.21
16.37 -0.20
16.33 -0.19
16.28 -0.17
16.23 -0.16
16.19 -0.15
16.16 -0.14
16.11 -0.13
16.07 -0.12
16.02 -0.11
15.96 -0.10
15.90 -0.09
15.84 -0.09
15.77 -0.08
15.70 -0.07
15.61 -0.06
15.50 -0.05
15.41 -0.04
15.28 -0.02
15.16 -0.00
15.02 0.01
14.90 0.03
14.81 0.03
14.76 0.02
14.72 0.01
14.69 0.00
14.64 -0.01
14.56 -0.02
14.39 -0.02
14.16 0.00
13.86 0.03
13.60 0.06
13.34 0.08
13.11 0.10
12.86 0.12
12.58 0.15
12.25 0.18
11.86 0.22
11.48 0.25
11.08 0.27
10.70 0.28
10.35 0.29
10.02 0.28
9.75 0.24
9.52 0.17
9.33 0.06
9.17 -0.12
8.98 -0.29
8.75 -0.41
8.34 -0.46
7.83 -0.46
7.31 -0.45
6.87 -0.43
6.48 -0.41
6.10 -0.38
5.90 -0.38
5.52 -0.35
5.13 -0.31
4.73 -0.26
4.32 -0.21
3.94 -0.16
3.55 -0.11
3.23 -0.07
2.96 -0.03
2.66 0.01
2.37 0.05
2.07 0.09
1.79 0.13
1.53 0.15
1.28 0.18
1.09 0.22
0.90 0.23
0.76 0.22
0.66 0.21
0.59 0.18
0.58 0.14
0.61 0.09
0.64 0.03
0.69 -0.05
0.73 -0.13
0.75 -0.23
0.66 -0.32
0.46 -0.38
0.13 -0.42
-0.31 -0.42
-0.83 -0.39
-1.43 -0.34
-2.12 -0.26
-2.89 -0.15
-3.64 -0.03
-4.33 0.09
-4.93 0.19
-5.46 0.28
-5.83 0.34
-6.06 0.37
-6.21 0.38
-6.32 0.38
-6.43 0.36
-6.49 0.34
-6.54 0.31
-6.57 0.28
-6.61 0.25
-6.66 0.23
-6.69 0.20
-6.73 0.17
-6.78 0.14
-6.84 0.11
-6.89 0.09
-6.96 0.06
-7.03 0.04
-7.10 0.02
-7.19 0.01
-7.27 -0.01
-7.35 -0.02
-7.44 -0.03
-7.61 -0.02
-7.87 -0.01
-7.87 -0.03
-8.24 0.03
-8.67 0.08
-9.13 0.13
-9.59 0.18
-10.05 0.22
-10.57 0.27
-11.07 0.32
-11.58 0.35
-12.09 0.38
-12.56 0.40
-13.01 0.39
-13.33 0.35
-13.54 0.26
-13.60 0.11
-13.56 -0.04
-13.47 -0.18
-13.36 -0.29
-13.44 -0.34
-13.71 -0.35
-14.19 -0.32
-14.85 -0.25
-15.78 -0.13
-17.21 0.07
-18.59 0.26
-19.78 0.43
-20.63 0.54
-21.19 0.60
-21.58 0.64
-21.59 0.62
-21.88 0.65
-22.13 0.66
-22.36 0.67
-22.57 0.68
-22.76 0.67
-22.90 0.66
-22.99 0.70
-23.05 0.66
-23.10 0.61
-23.10 0.54
-23.10 0.45
-23.10 0.34
-23.10 0.17
-23.10 -0.02
-23.10 -0.20
-23.13 -0.33
-23.29 -0.41
-23.56 -0.43
-23.97 -0.42
-24.44 -0.39
-24.97 -0.34
-25.63 -0.26
-26.42 -0.15
-27.31 -0.03
-28.32 0.12
-29.26 0.26
-30.10 0.39
-30.81 0.50
-31.38 0.58
-31.77 0.64
-32.05 0.67
-32.25 0.69
-32.40 0.71
-32.49 0.71
-32.57 0.71
-32.65 0.71
-32.76 0.71
-32.83 0.71
-32.95 0.71
-33.06 0.72
-33.20 0.72
-33.29 0.72
-33.41 0.72
-33.51 1.90
-33.63 0.77
-33.75 0.75
-33.86 0.72
-34.00 0.68
-34.20 0.64
-34.52 0.59
-34.87 0.52
-35.25 0.40
-35.64 0.26
-35.45 0.07
-35.84 0.01
-36.24 -0.02
-36.68 -0.03
-37.20 -0.01
-37.89 0.05
-38.78 0.15
-39.85 0.28
-40.84 0.40
-41.71 0.50
-42.54 0.60
-43.53 0.72
-44.59 0.83
-45.54 0.93
-46.40 1.01
-47.18 1.07
-47.83 1.10
-48.40 1.10
-48.93 1.06
-48.70 0.88
-49.16 0.78
-49.61 0.70
-50.07 0.65
-50.47 0.60
-50.85 0.56
-51.22 0.55
-51.58 0.54
-51.89 0.53
-52.21 0.52
-52.58 0.55
-52.96 0.61
-53.36 0.69
-53.76 0.78
-54.13 0.86
-54.42 0.93
-54.65 0.98
-54.82 1.02
-54.94 1.03
-55.00 1.04
-55.05 1.03
-55.08 1.02
-55.08 1.00
-55.08 0.99
-55.08 0.97
-55.08 0.96
-55.08 0.97
-55.10 0.98
-55.10 0.99
-55.10 0.99
-55.10 1.00
-55.10 1.00
-55.10 1.00
-55.10 0.99
-55.10 0.99
-55.10 0.99
-55.11 0.99
-55.11 0.99
-55.11 0.99
-55.11 0.99
-55.11 0.99
-55.11 0.99
-55.11 0.99
-55.11 0.99
-55.11 0.99
-55.11 0.99
-55.11 0.99
-55.11 0.99
-55.11 0.99
-55.11 0.99
-55.11 0.99
-55.11 0.99
-55.11 0.99
-55.11 0.99
-55.08 0.99
-55.05 0.98
-55.03 0.98
-55.02 0.98
-55.02 0.98
-55.02 0.98
-55.02 0.98
-55.02 0.98
-55.02 0.98
-55.02 0.98
-55.02 0.98
-55.02 0.98
-55.02 0.98
-55.00 0.98
-55.00 0.98
-54.99 0.97
-54.97 0.97
-54.96 0.97
-54.94 0.97
-54.91 0.96
-54.90 0.96
-54.87 0.96
-54.84 0.95
-54.80 0.95
-54.77 0.94
-54.73 0.94
-54.70 0.93
-54.67 0.93
-54.62 0.92
-54.57 0.91
-54.51 0.90
-54.47 0.90
-54.42 0.89
-54.38 0.88
-54.33 0.88
-54.27 0.87
-54.22 0.86
-54.16 0.85
-54.10 0.84
-54.04 0.83
-53.96 0.82
-53.88 0.81
-53.81 0.80
-53.73 0.79
-53.65 0.78
-53.56 0.76
-53.47 0.75
-53.38 0.73
-53.27 0.72
-53.18 0.70
-53.07 0.69
-52.98 0.68
-52.87 0.66
-52.77 0.64
-52.66 0.63
-52.55 0.61
-52.43 0.59
-52.29 0.57
-52.15 0.55
-52.00 0.53
-51.80 0.50
-51.60 0.47
-51.32 0.43
-51.08 0.39
-50.85 0.36
-50.62 0.33
-50.40 0.29
-50.20 0.26
-50.02 0.24
-49.81 0.21
-49.56 0.17
-49.36 0.14
-49.16 0.11
-48.95 0.08
-48.70 0.04
-49.50 0.16
-49.15 0.11
-48.69 0.04
-48.12 -0.04
-47.46 -0.14
-46.86 -0.23
-46.43 -0.28
-46.14 -0.31
-45.93 -0.32
-45.80 -0.32
-45.79 -0.30
-45.85 -0.27
-45.97 -0.22
-46.11 -0.18
-46.25 -0.13
-46.37 -0.07
-46.45 -0.03
-46.46 0.02
-46.40 0.06
-46.25 0.09
-45.87 0.09
-45.25 0.05
-44.55 -0.02
-43.81 -0.09
-43.09 -0.15
-42.52 -0.19
-41.97 -0.20
-41.40 -0.22
-40.87 -0.22
-40.36 -0.23
-39.93 -0.23
-39.59 -0.21
-39.33 -0.19
-39.13 -0.16
-39.01 -0.12
-38.92 -0.08
-38.84 -0.04
-38.77 0.01
-38.72 0.05
-38.64 0.08
-38.44 0.09
-38.12 0.09
-37.77 0.08
-37.39 0.08
-36.97 0.07
-36.59 0.07
-36.17 0.07
-35.73 0.08
-35.27 0.10
-34.86 0.13
-34.47 0.16
-34.09 0.19
-33.75 0.23
-33.41 0.24
-33.02 0.22
-32.57 0.19
-32.10 0.13
-31.59 0.06
-31.11 -0.01
-30.65 -0.08
-30.26 -0.14
-29.98 -0.18
-29.86 -0.19
-29.84 -0.18
-29.92 -0.15
-30.04 -0.11
-30.23 -0.05
-30.39 -0.00
-30.58 0.05
-30.72 0.10
-30.76 0.13
-30.65 0.13
-30.39 0.11
-30.03 0.07
-29.60 0.01
-29.09 -0.06
-28.55 -0.13
-28.03 -0.19
-27.60 -0.24
-27.31 -0.27
-27.11 -0.27
-26.96 -0.27
-26.84 -0.26
-26.71 -0.26
-26.59 -0.34
-26.48 -0.33
-26.36 -0.32
-26.22 -0.31
-26.09 -0.29
-25.93 -0.28
-25.79 -0.25
-25.67 -0.20
-25.56 -0.13
-25.44 -0.04
-25.33 0.13
-25.20 0.32
-25.03 0.49
-24.77 0.61
-24.43 0.67
-23.98 0.67
-23.51 0.66
-23.00 0.63
-22.42 0.57
-21.85 0.51
-21.27 0.44
-20.84 0.34
-20.07 0.23
-19.22 0.10
-18.25 -0.04
-17.21 -0.21
-16.26 -0.35
-15.61 -0.45
-15.34 -0.49
-15.26 -0.49
-15.31 -0.48
-15.41 -0.46
-15.57 -0.42
-15.78 -0.38
-16.06 -0.32
-16.36 -0.26
-16.70 -0.20
-17.05 -0.12
-17.45 -0.04
-17.76 0.03
-18.04 0.10
-18.17 0.14
-18.10 0.16
-17.74 0.13
-17.10 0.05
-16.35 -0.05
-15.54 -0.16
-14.78 -0.26
-14.25 -0.33
-13.74 -0.39
-13.14 -0.47
-12.61 -0.53
-12.13 -0.58
-11.79 -0.60
-11.58 -0.61
-11.47 -0.58
-11.49 -0.53
-11.58 -0.43
-11.76 -0.30
-11.98 -0.15
-12.24 0.04
-12.50 0.20
-12.65 0.31
-12.55 0.37
-12.19 0.36
-11.66 0.32
-11.07 0.25
-10.49 0.19
-9.94 0.12
-9.45 0.05
-9.05 -0.00
-8.73 -0.05
-8.47 -0.08
-8.27 -0.11
-8.11 -0.12
-7.99 -0.12
-7.92 -0.12
-7.84 -0.12
-7.81 -0.11
-7.78 -0.09
-7.78 -0.08
-7.78 -0.06
-7.78 -0.04
-7.79 -0.03
-7.78 -0.02
-7.79 0.00
-7.79 0.02
-7.76 0.03
-7.69 0.02
-7.53 0.01
-7.35 -0.01
-7.78 0.06
-7.59 0.03
-7.46 0.02
-7.32 0.00
-7.19 -0.01
-7.09 -0.03
-7.00 -0.04
-6.96 -0.04
-6.98 -0.03
-7.04 -0.00
-7.13 0.02
-7.24 0.05
-7.35 0.08
-7.38 0.09
-7.33 0.09
-7.24 0.08
-7.10 0.05
-6.93 0.03
-6.75 -0.01
-6.57 -0.04
-6.37 -0.08
-6.26 -0.10
-6.18 -0.11
-6.15 -0.11
-6.17 -0.11
-6.20 -0.10
-6.26 -0.08
-6.34 -0.06
-6.46 -0.04
-6.61 -0.00
-6.80 0.03
-7.01 0.08
-7.21 0.12
-7.32 0.14
-7.33 0.14
-7.27 0.12
-7.15 0.10
-6.96 0.06
-6.75 0.02
-6.47 -0.04
-6.17 -0.10
-5.81 -0.16
-5.46 -0.22
-5.12 -0.27
-4.80 -0.32
-4.51 -0.37
-4.27 -0.40
-4.08 -0.42
-3.96 -0.43
-3.90 -0.42
-3.91 -0.41
-3.96 -0.38
-4.02 -0.35
-4.13 -0.31
-4.25 -0.26
-4.39 -0.21
-4.53 -0.16
-4.65 -0.10
-4.76 -0.03
-4.83 0.03
-4.89 0.11
-4.88 0.18
-4.73 0.23
-4.47 0.25
-4.08 0.23
-3.61 0.19
-3.05 0.12
-2.49 0.03
-1.95 -0.06
-1.41 -0.16
-0.94 -0.24
-0.59 -0.30
-0.34 -0.34
-0.14 -0.36
0.01 -0.37
0.09 -0.36
0.12 -0.33
0.10 -0.29
0.06 -0.24
-0.02 -0.19
-0.11 -0.13
-0.20 -0.07
-0.26 -0.02
-0.31 0.02
-0.33 0.05
-0.28 0.05
-0.11 0.03
0.18 -0.02
0.52 -0.08
0.86 -0.15
1.10 -0.20
1.28 -0.24
1.42 -0.28
1.51 -0.30
1.58 -0.31
1.59 -0.32
1.59 -0.32
1.58 -0.31
1.58 -0.30
1.58 -0.30
1.58 -0.29
1.58 -0.28
1.56 -0.27
1.55 -0.26
1.51 -0.25
1.47 -0.23
1.39 -0.21
1.30 -0.19
1.19 -0.17
1.07 -0.15
0.93 -0.12
0.78 -0.09
0.61 -0.07
0.43 -0.04
0.23 -0.01
0.03 0.02
-0.17 0.05
-0.36 0.07
-0.43 0.06
-0.46 0.04
-0.52 0.00
-0.60 -0.04
-0.69 -0.09
-0.82 -0.13
-1.03 -0.16
-1.31 -0.16
-1.66 -0.15
-2.06 -0.11
-2.53 -0.05
-3.05 0.03
-3.55 0.09
-4.01 0.15
-4.36 0.18
-4.59 0.18
-4.76 0.17
-4.85 0.13
-4.86 0.08
-4.82 0.02
-4.74 -0.04
-4.65 -0.10
-4.54 -0.15
-4.54 -0.18
-4.66 -0.19
-4.86 -0.18
-5.12 -0.16
-5.43 -0.14
-5.78 -0.10
-6.17 -0.05
-6.58 0.01
-7.04 0.07
-7.47 0.13
-7.85 0.18
-7.85 0.17
-8.08 0.19
-8.27 0.20
-8.42 0.21
-8.53 0.21
-8.56 0.20
-8.54 0.18
-8.48 0.16
-8.39 0.13
-8.28 0.10
-8.13 0.06
-7.99 0.02
-7.84 -0.03
-7.69 -0.05
-7.85 -0.05
-7.81 -0.08
-7.85 -0.09
-7.85 -0.11
-8.05 -0.09
-8.31 -0.06
-8.64 -0.02
-8.97 0.04
-9.37 0.10
-9.80 0.17
-10.23 0.23
-10.63 0.29
-10.98 0.34
-11.29 0.37
-11.53 0.40
-11.72 0.42
-11.81 0.43
-11.87 0.42
-11.87 0.40
-11.84 0.38
-11.78 0.35
-11.70 0.31
-11.64 0.26
-11.55 0.20
-11.47 0.13
-11.38 0.05
-11.32 -0.05
-11.27 -0.16
-11.30 -0.25
-11.47 -0.30
-11.84 -0.29
-12.41 -0.24
-13.21 -0.13
-14.17 0.01
-15.12 0.17
-16.10 0.32
-17.04 0.47
-17.77 0.58
-18.36 0.66
-18.83 0.72
-19.20 0.75
-19.46 0.76
-19.63 0.75
-19.71 0.73
-19.69 0.69
-19.58 0.64
-19.42 0.58
-19.19 0.51
-18.89 0.43
-18.54 0.33
-18.20 0.24
-17.88 0.15
-17.58 0.07
-17.36 -0.00
-17.27 -0.05
-17.35 -0.07
-17.67 -0.04
-18.25 0.02
-19.00 0.12
-19.81 0.22
-20.40 0.38
-20.83 0.49
-21.15 0.51
-21.36 0.51
-21.47 0.48
-21.53 0.43
-21.52 0.37
-21.49 0.28
-21.44 0.17
-21.39 0.04
-21.36 -0.12
-21.35 -0.27
-21.39 -0.37
-21.56 -0.44
-21.88 -0.45
-21.58 -0.53
-22.08 -0.47
-22.68 -0.40
-23.23 -0.31
-23.77 -0.23
-24.31 -0.13
-24.75 -0.04
-25.17 0.06
-25.61 0.17
-25.99 0.27
-26.27 0.36
-26.45 0.43
-26.61 0.49
-26.68 0.52
-26.71 0.53
-26.68 0.52
-26.62 0.50
-26.53 0.46
-26.39 0.41
-26.25 0.36
-26.12 0.30
-25.98 0.24
-25.86 0.19
-25.78 0.15
-25.76 0.12
-25.79 0.09
-25.87 0.08
-26.02 0.08
-26.22 0.09
-26.45 0.10
-26.70 0.11
-27.05 0.14
-27.42 0.17
-27.82 0.21
-28.23 0.25
-28.62 0.28
-29.00 0.32
-29.40 0.36
-29.86 0.41
-30.32 0.46
-30.75 0.51
-31.15 0.55
-31.47 0.58
-31.74 0.60
-31.99 0.61
-32.19 0.50
-32.39 0.50
-32.57 0.49
-32.77 0.48
-32.94 0.46
-33.11 0.43
-33.28 0.38
-33.43 0.31
-33.60 0.23
-33.78 0.10
-33.97 -0.02
-34.15 -0.13
-34.38 -0.20
-34.66 -0.22
-34.98 -0.22
-35.30 -0.20
-35.55 -0.18
-35.84 -0.15
-36.14 -0.11
-36.39 -0.07
-36.62 -0.03
-36.82 0.01
-36.97 0.04
-37.09 0.07
-37.13 0.09
-37.08 0.09
-37.00 0.08
-36.90 0.06
-36.77 0.05
-36.63 0.03
-36.50 0.00
-36.37 -0.02
-36.25 -0.03
-36.19 -0.03
-36.19 -0.02
-36.22 0.01
-36.25 0.04
-36.25 0.07
-36.17 0.10
-36.04 0.12
-35.88 0.14
-35.70 0.14
-35.52 0.15
-33.72 -0.09
-34.30 0.03
-34.20 0.04
-34.15 0.05
-34.07 0.07
-33.98 0.06
-33.86 0.05
-33.74 0.04
-33.60 0.01
-33.45 -0.02
-33.31 -0.04
-33.20 -0.04
-33.17 -0.03
-33.20 -0.00
-33.26 0.04
-33.35 0.10
-33.43 0.14
-33.46 0.17
-33.40 0.17
-33.29 0.15
-33.15 0.13
-32.95 0.09
-32.72 0.04
-32.48 -0.02
-32.16 -0.08
-31.82 -0.13
-31.56 -0.17
-31.38 -0.17
-31.30 -0.16
-31.28 -0.12
-31.28 -0.09
-31.30 -0.04
-31.31 0.00
-31.33 0.05
-31.28 0.07
-31.16 0.08
-30.90 0.06
-30.58 0.03
-30.19 -0.02
-29.75 -0.08
-29.37 -0.12
-29.15 -0.14
-29.08 -0.13
-29.12 -0.09
-29.21 -0.05
-29.38 0.01
-29.55 0.06
-29.70 0.11
-29.73 0.14
-29.64 0.09
-29.46 0.08
-29.15 0.04
-28.81 -0.00
-28.45 -0.05
-28.11 -0.10
-27.80 -0.14
-27.57 -0.17
-27.36 -0.20
-27.16 -0.22
-27.01 -0.23
-26.85 -0.24
-26.71 -0.24
-26.58 -0.24
-26.42 -0.24
-26.30 -0.23
-26.19 -0.20
-26.12 -0.17
-26.02 -0.12
-25.95 -0.06
-25.84 0.02
-25.75 0.14
-25.59 0.24
-25.29 0.31
-24.92 0.34
-24.52 0.34
-24.15 0.30
-23.82 0.25
-23.49 0.17
-23.16 0.07
-22.80 -0.05
-22.45 -0.16
-22.11 -0.26
-21.91 -0.34
-21.81 -0.38
-21.75 -0.40
-21.75 -0.40
-21.75 -0.39
-21.75 -0.37
-21.73 -0.34
-21.72 -0.31
-21.72 -0.29
-21.68 -0.26
-21.67 -0.24
-21.65 -0.22
-21.62 -0.20
-21.58 -0.20
-21.53 -0.20
-21.50 -0.20
-21.45 -0.20
-21.42 -0.21
-21.39 -0.21
-21.36 -0.22
-21.35 -0.22
-21.32 -0.23
-21.32 -0.23
-21.32 -0.23
-21.32 -0.23
-21.32 -0.23
-21.33 -0.22
-21.33 -0.22
-21.33 -0.22
-21.33 -0.22
-21.33 -0.22
-21.33 -0.22
-21.33 -0.22
-21.33 -0.22
-21.35 -0.22
-21.35 -0.22
-21.35 -0.22
-21.36 -0.22
-21.38 -0.22
-21.39 -0.22
-21.44 -0.21
-21.47 -0.21
-21.52 -0.21
-21.56 -0.21
-21.62 -0.20
-21.65 -0.20
-21.68 -0.20
-21.72 -0.20
-21.75 -0.20
-21.75 -0.20
-21.76 -0.20
-21.79 -0.20
-21.79 -0.20
-21.82 -0.20
-21.84 -0.19
-21.87 -0.19
-21.90 -0.18
-21.93 -0.18
-21.98 -0.17
-22.02 -0.17
-22.07 -0.16
-22.10 -0.15
-22.13 -0.15
-22.16 -0.15
-22.19 -0.14
-22.19 -0.14
-22.21 -0.14
-22.22 -0.14
-22.24 -0.14
-22.24 -0.14
-22.24 -0.14
-22.24 -0.14
-22.24 -0.14
-22.25 -0.13
-22.25 -0.13
-22.25 -0.13
-22.25 -0.13
-22.25 -0.12
-22.27 -0.12
-22.27 -0.12
-22.27 -0.11
-22.27 -0.11
-22.28 -0.10
-22.28 -0.09
-22.30 -0.09
-22.31 -0.09
-22.31 -0.09
-22.33 -0.08
-22.34 -0.08
-22.34 -0.08
-22.36 -0.08
-22.36 -0.08
-22.36 -0.08
-22.36 -0.08
-22.36 -0.08
-22.34 -0.08
-22.34 -0.08
-22.34 -0.08
-22.34 -0.08
-22.33 -0.08
-22.31 -0.09
-22.28 -0.09
-22.25 -0.10
-22.19 -0.10
-22.11 -0.12
-22.05 -0.13
-21.98 -0.14
-21.91 -0.15
-21.85 -0.16
-21.81 -0.16
-21.75 -0.17
-21.72 -0.18
-21.70 -0.18
-21.68 -0.18
-21.68 -0.18
-21.68 -0.18
-21.68 -0.17
-21.70 -0.17
-21.70 -0.16
-21.70 -0.16
-21.70 -0.16
-21.72 -0.15
-21.72 -0.15
-21.72 -0.14
-21.72 -0.14
-21.72 -0.14
-21.72 -0.13
-21.72 -0.13
-21.72 -0.13
-21.72 -0.12
-21.70 -0.12
-21.70 -0.12
-21.68 -0.12
-21.68 -0.12
-21.67 -0.12
-21.67 -0.12
-21.65 -0.12
-21.64 -0.12
-21.62 -0.12
-21.61 -0.13
-21.58 -0.13
-21.56 -0.13
-21.53 -0.14
-21.53 -0.14
-21.52 -0.14
-21.52 -0.14
-21.52 -0.14
-21.53 -0.14
-21.53 -0.14
-21.53 -0.14
-21.53 -0.14
-21.53 -0.14
-21.55 -0.14
-21.56 -0.13
-21.58 -0.13
-21.61 -0.13
-21.64 -0.12
-21.67 -0.12
-21.70 -0.11
-21.75 -0.11
-21.81 -0.10
-21.87 -0.09
-21.93 -0.08
-22.01 -0.07
-22.08 -0.06
-22.18 -0.04
-22.27 -0.03
-22.37 -0.01
-22.48 0.00
-22.57 0.01
-22.67 0.01
-22.71 0.00
-22.73 -0.03
-22.74 -0.05
-22.79 -0.06
-22.90 -0.06
-23.08 -0.03
-23.26 0.01
-23.45 0.04
-23.62 0.06
-23.75 0.08
-23.86 0.08
-23.97 0.08
-24.11 0.07
-24.26 0.07
-24.46 0.06
-24.66 0.06
-24.87 0.05
-25.09 0.05
-25.29 0.05
-25.47 0.04
-25.63 0.04
-25.76 0.03
-25.89 0.03
-25.98 0.02
-26.05 0.02
-26.09 0.02
-26.12 0.01
-26.12 0.01
-26.10 -0.00
-26.10 0.00
-26.10 0.00
-26.18 0.02
-26.24 0.04
-26.27 0.05
-26.28 0.05
-26.28 0.05
-26.25 0.05
-26.24 0.05
-26.19 0.04
-26.16 0.04
-26.12 0.03
-26.09 0.02
-26.05 0.02
-26.02 0.02
-25.99 0.01
-25.99 0.01
-25.98 0.01
-25.98 0.01
-25.98 0.01
-25.98 0.01
-25.98 0.01
-25.98 0.01
-25.98 0.01
-25.98 0.01
-25.98 0.01
-25.98 0.01
-25.98 0.01
-25.98 0.01
-25.98 0.01
-25.99 0.01
-25.98 0.01
-25.98 0.01
-25.99 0.01
-25.99 0.01
-25.98 0.01
-25.98 0.01
-25.99 0.01
-25.99 0.01
-26.01 0.02
-26.01 0.02
-26.02 0.02
-26.04 0.02
-26.05 0.02
-26.07 0.02
-26.07 0.02
-26.07 0.02
-26.07 0.02
-26.07 0.02
-26.07 0.02
-26.07 0.02
-26.09 0.03
-26.07 0.02
-26.09 0.03
-26.10 0.03
-26.10 0.03
-26.12 0.03
-26.12 0.03
-26.13 0.03
-26.15 0.04
-26.18 0.04
-26.19 0.04
-26.22 0.05
-26.24 0.05
-26.27 0.05
-26.28 0.06
-26.28 0.06
-26.30 0.06
-26.32 0.06
-26.33 0.06
-26.33 0.06
-26.35 0.07
-26.35 0.07
-26.35 0.07
-26.35 0.07
-26.36 0.07
-26.35 0.07
-26.35 0.07
-26.35 0.07
-26.35 0.07
-26.33 0.06
-26.33 0.06
-26.32 0.06
-26.30 0.06
-26.27 0.05
-26.27 0.05
-26.25 0.05
-26.24 0.05
-26.24 0.05
-26.24 0.05
-26.24 0.05
-26.24 0.05
-26.25 0.05
-26.24 0.05
-26.25 0.05
-26.25 0.05
-26.25 0.05
-26.25 0.05
-26.25 0.05
-26.25 0.05
-26.27 0.05
-26.27 0.05
-26.30 0.06
-26.33 0.06
-26.36 0.07
-26.39 0.07
-26.44 0.08
-26.47 0.08
-26.51 0.09
-26.55 0.10
-26.55 0.10
-26.55 0.10
-26.55 0.10
-26.55 0.10
-26.55 0.10
-26.55 0.10
-26.53 0.09
-26.53 0.09
-26.53 0.09
-26.51 0.09
-26.51 0.09
-26.51 0.09
-26.51 0.09
-26.50 0.09
-26.50 0.09
-26.50 0.09
-26.48 0.09
-26.47 0.08
-26.44 0.08
-26.41 0.08
-26.38 0.07
-26.35 0.07
-26.32 0.06
-26.28 0.06
-26.28 0.06
-26.28 0.06
-26.30 0.06
-26.32 0.06
-26.35 0.07
-26.41 0.08
-26.50 0.09
-26.64 0.11
-26.78 0.13
-26.99 0.16
-27.25 0.20
-27.56 0.25
-27.85 0.29
-28.20 0.34
-28.62 0.40
-29.11 0.47
-29.61 0.55
-30.12 0.62
-30.55 0.68
-30.93 0.72
-31.30 0.77
-31.62 0.80
-31.88 0.82
-32.08 0.82
-32.22 0.82
-32.33 0.80
-32.45 0.79
-32.54 0.77
-32.66 0.75
-32.77 0.74
-32.89 0.72
-33.06 0.72
-33.28 0.72
-33.54 0.73
-33.80 0.74
-34.06 0.82
-34.29 0.81
-35.67 0.97
-35.87 0.94
-36.02 0.88
-36.13 0.77
-36.19 0.62
-36.25 0.41
-36.28 0.20
-36.30 0.04
-36.33 -0.06
-36.36 -0.14
-36.45 -0.19
-36.67 -0.21
-36.96 -0.20
-37.36 -0.18
-37.86 -0.13
-38.46 -0.06
-39.20 0.03
-39.93 0.13
-40.67 0.22
-41.19 0.24
-41.42 0.25
-41.48 0.24
-41.48 0.22
-41.48 0.20
-41.46 0.17
-41.42 0.14
-41.40 0.12
-41.40 0.09
-41.39 0.07
-41.46 0.07
-41.53 0.06
-41.63 0.07
-41.80 0.09
-42.06 0.13
-42.35 0.17
-42.61 0.21
-42.92 0.26
-43.26 0.31
-43.60 0.36
-43.93 0.41
-44.32 0.47
-44.64 0.52
-44.99 0.57
-45.28 0.61
-45.54 0.65
-45.71 0.68
-45.85 0.70
-45.96 0.71
-46.02 0.71
-46.06 0.72
-46.08 0.71
-46.10 0.70
-46.10 0.69
-46.10 0.68
-46.10 0.66
-46.06 0.62
-46.05 0.59
-46.00 0.53
-45.93 0.47
-45.87 0.39
-45.77 0.29
-45.70 0.20
-45.60 0.10
-45.50 0.01
-45.39 -0.08
-45.30 -0.15
-45.25 -0.20
-45.31 -0.22
-45.50 -0.20
-45.73 -0.17
-45.90 -0.13
-45.97 -0.09
-45.97 -0.06
-45.93 -0.03
-45.80 0.01
-45.67 0.05
-45.45 0.07
-45.07 0.07
-44.59 0.04
-44.10 0.01
-43.55 -0.05
-43.01 -0.10
-42.52 -0.15
-42.12 -0.17
-41.85 -0.17
-41.59 -0.17
-41.34 -0.16
-41.11 -0.15
-40.88 -0.14
-40.68 -0.13
-40.48 -0.11
-40.31 -0.08
-40.18 -0.05
-40.05 -0.02
-39.96 0.02
-39.89 0.05
-39.75 0.11
-39.52 0.11
-39.15 0.09
-38.72 0.05
-38.29 0.01
-37.88 -0.02
-37.51 -0.05
-37.20 -0.06
-36.97 -0.06
-36.77 -0.03
-36.57 -0.00
-36.39 0.04
-36.21 0.10
-35.99 0.19
-35.71 0.28
-35.39 0.37
-35.01 0.44
-34.64 0.47
-34.26 0.48
-33.87 0.47
-33.49 0.44
-33.05 0.39
-32.51 0.32
-31.99 0.25
-31.47 0.17
-30.95 0.08
-30.44 0.00
-29.95 -0.08
-29.44 -0.16
-29.00 -0.23
-28.62 -0.29
-28.25 -0.33
-27.96 -0.37
-27.71 -0.38
-27.50 -0.39
-27.33 -0.39
-27.20 -0.37
-27.11 -0.35
-27.10 -0.32
-27.10 -0.28
-27.13 -0.24
-27.16 -0.25
-27.20 -0.21
-27.25 -0.17
-27.30 -0.12
-27.34 -0.07
-27.39 -0.01
-27.40 0.06
-27.42 0.13
-27.36 0.22
-27.19 0.33
-26.87 0.43
-26.45 0.53
-25.96 0.61
-25.46 0.63
-24.97 0.63
-24.48 0.61
-23.92 0.56
-23.34 0.49
-22.76 0.42
-22.13 0.33
-28.97 1.35
-19.98 -0.01
-19.12 -0.15
-17.99 -0.32
-17.07 -0.46
-16.41 -0.55
-16.07 -0.59
-16.03 -0.57
-16.20 -0.51
-16.46 -0.44
-16.61 -0.38
-16.70 -0.33
-16.79 -0.29
-16.79 -0.26
-16.82 -0.23
-16.78 -0.25
-16.79 -0.23
-16.72 -0.23
-16.67 -0.22
-16.64 -0.21
-16.62 -0.20
-16.62 -0.19
-16.62 -0.19
-16.64 -0.18
-16.64 -0.17
-16.64 -0.16
-16.64 -0.16
-16.66 -0.15
-16.66 -0.14
-16.67 -0.13
-16.67 -0.12
-16.70 -0.12
-16.70 -0.11
-16.70 -0.11
-16.70 -0.10
-16.72 -0.10
-16.72 -0.10
-16.72 -0.10
-16.70 -0.10
-16.70 -0.10
-16.72 -0.10
-16.73 -0.09
-16.76 -0.09
-16.79 -0.09
-16.84 -0.08
-16.87 -0.07
-16.92 -0.07
-16.93 -0.07
-16.99 -0.06
-16.98 -0.06
-16.99 -0.06
-16.99 -0.06
-16.99 -0.06
-16.99 -0.06
-16.99 -0.06
-17.01 -0.06
-17.01 -0.06
-17.05 -0.05
-17.07 -0.05
-17.13 -0.04
-17.18 -0.03
-17.22 -0.03
-17.30 -0.02
-17.36 -0.01
-17.41 0.00
-17.45 0.01
-17.42 -0.00
-17.27 -0.03
-17.01 -0.07
-16.76 -0.11
-16.62 -0.14
-16.58 -0.14
-16.64 -0.13
-16.78 -0.11
-16.98 -0.08
-17.22 -0.04
-17.45 -0.01
-17.68 0.03
-17.91 0.06
-18.05 0.08
-18.02 0.07
-17.81 0.03
-17.44 -0.04
-16.87 -0.14
-16.23 -0.24
-15.70 -0.33
-15.37 -0.38
-15.31 -0.39
-15.46 -0.36
-15.83 -0.30
-16.36 -0.22
-17.02 -0.11
-17.70 -0.00
-18.33 0.10
-18.89 0.20
-19.34 0.27
-19.55 0.30
-19.54 0.30
-19.29 0.25
-18.82 0.18
-18.16 0.07
-17.31 -0.07
-16.32 -0.23
-15.40 -0.37
-14.80 -0.46
-14.42 -0.52
-14.28 -0.53
-14.28 -0.53
-14.39 -0.50
-14.66 -0.45
-15.03 -0.38
-15.52 -0.29
-16.15 -0.18
-16.75 -0.08
-17.35 0.02
-17.84 0.11
-18.19 0.17
-18.30 0.18
-18.16 0.16
-17.77 0.09
-17.19 -0.01
-16.46 -0.14
-15.69 -0.27
-15.24 -0.34
-15.01 -0.38
-14.98 -0.39
-15.09 -0.37
-15.35 -0.32
-15.74 -0.26
-16.21 -0.18
-16.78 -0.08
-17.28 0.01
-17.73 0.09
-18.08 0.15
-18.14 0.16
-17.99 0.13
-17.62 0.07
-17.10 -0.01
-16.50 -0.12
-15.98 -0.20
-15.75 -0.24
-15.75 -0.24
-15.90 -0.22
-16.16 -0.18
-16.53 -0.11
-16.92 -0.05
-17.33 0.02
-17.68 0.08
-17.93 0.13
-17.94 0.13
-17.71 0.09
-17.35 0.03
-16.92 -0.05
-16.50 -0.12
-16.24 -0.16
-16.21 -0.17
-16.26 -0.16
-16.36 -0.15
-16.50 -0.12
-16.72 -0.08
-16.92 -0.05
-17.12 -0.01
-17.31 0.03
-17.48 0.07
-17.56 0.08
-17.44 0.06
-17.16 0.02
-16.82 -0.04
-16.50 -0.10
-16.30 -0.13
-16.30 -0.14
-16.38 -0.13
-16.52 -0.11
-16.70 -0.08
-16.92 -0.04
-17.13 -0.01
-17.35 0.03
-17.54 0.06
-17.65 0.08
-17.59 0.07
-17.36 0.03
-17.07 -0.03
-16.78 -0.08
-16.58 -0.11
-16.53 -0.13
-16.58 -0.12
-16.72 -0.10
-16.89 -0.07
-17.08 -0.03
-17.33 0.01
-17.58 0.06
-17.74 0.08
-17.71 0.08
-17.51 0.05
-17.19 -0.01
-16.85 -0.07
-16.59 -0.11
-16.50 -0.13
-16.50 -0.13
-16.56 -0.12
-16.69 -0.10
-16.87 -0.07
-17.08 -0.03
-17.33 0.01
-17.54 0.05
-17.67 0.06
-17.59 0.05
-17.33 0.00
-17.01 -0.05
-16.69 -0.11
-16.43 -0.16
-16.35 -0.17
-16.35 -0.17
-16.39 -0.17
-16.50 -0.15
-16.58 -0.13
-16.62 -0.12
-16.62 -0.12
-16.61 -0.11
-16.61 -0.11
-16.56 -0.11
-16.50 -0.12
-16.39 -0.13
-16.29 -0.15
-16.16 -0.16
-16.07 -0.18
-15.98 -0.19
-15.90 -0.20
-15.83 -0.21
-15.77 -0.22
-15.70 -0.23
-15.66 -0.24
-15.61 -0.24
-15.58 -0.25
-15.55 -0.25
-15.54 -0.25
-15.54 -0.25
-15.54 -0.25
-15.54 -0.25
-15.55 -0.25
-15.58 -0.24
-15.61 -0.23
-15.63 -0.23
-15.64 -0.22
-15.67 -0.22
-15.69 -0.22
-15.70 -0.21
-15.72 -0.21
-15.72 -0.21
-15.74 -0.21
-15.74 -0.21
-15.74 -0.21
-15.75 -0.21
-15.74 -0.21
-15.75 -0.21
-15.75 -0.21
-15.75 -0.21
-15.75 -0.21
-15.75 -0.21
-15.75 -0.21
-15.77 -0.21
-15.80 -0.20
-15.84 -0.19
-15.90 -0.19
-15.98 -0.18
-16.07 -0.16
-16.16 -0.15
-16.29 -0.13
-16.43 -0.11
-16.55 -0.09
-16.69 -0.07
-16.84 -0.05
-16.99 -0.03
-17.15 -0.00
-17.31 0.02
-17.50 0.05
-17.64 0.06
-17.64 0.06
-17.62 0.04
-17.67 0.04
-17.77 0.04
-17.94 0.05
-18.14 0.07
-18.36 0.09
-18.57 0.11
-18.79 0.13
-18.99 0.14
-19.19 0.15
-19.40 0.17
-19.60 0.17
-19.78 0.20
-19.97 0.20
-20.14 0.19
-20.26 0.18
-20.37 0.15
-20.41 0.11
-20.41 0.06
-20.38 -0.00
-20.30 -0.08
-20.24 -0.16
-20.27 -0.22
-20.40 -0.27
-20.60 -0.30
-21.68 -0.17
-22.04 -0.14
-22.45 -0.09
-22.88 -0.02
-23.28 0.06
-23.63 0.14
-23.97 0.20
-24.18 0.25
-24.29 0.26
-24.34 0.26
-24.31 0.24
-24.21 0.20
-24.08 0.16
-23.92 0.10
-23.74 0.04
-23.57 -0.02
-23.42 -0.08
-23.31 -0.11
-23.31 -0.12
-23.43 -0.09
-23.65 -0.04
-23.92 0.03
-24.25 0.12
-24.60 0.20
-24.87 0.27
-25.10 0.32
-25.30 0.35
-25.53 0.37
-25.76 0.39
-25.98 0.40
-26.21 0.40
-26.38 0.39
-26.50 0.37
-26.59 0.33
-26.59 0.28
-26.56 0.23
-26.50 0.17
-26.41 0.12
-26.30 0.06
-26.19 0.02
-26.12 -0.03
-26.04 -0.06
-26.02 -0.08
-26.13 -0.08
-26.38 -0.04
-26.70 0.00
-27.13 0.07
-27.63 0.14
-28.09 0.21
-28.45 0.26
-28.74 0.29
-28.92 0.31
-29.03 0.31
-29.04 0.30
-29.03 0.28
-28.95 0.24
-28.85 0.21
-28.69 0.17
-28.52 0.12
-28.34 0.08
-28.12 0.03
-27.94 -0.02
-27.76 -0.06
-27.63 -0.09
-27.65 -0.09
-27.80 -0.07
-28.09 -0.02
-28.51 0.06
-29.00 0.14
-29.57 0.24
-30.18 0.34
-30.75 0.44
-31.27 0.52
-31.76 0.60
-32.16 0.66
-32.45 0.70
-32.68 0.73
-32.82 0.74
-32.85 0.74
-32.80 0.72
-32.66 0.68
-32.48 0.64
-32.26 0.60
-31.99 0.54
-31.67 0.48
-31.36 0.42
-31.04 0.36
-30.72 0.29
-30.41 0.23
-30.18 0.25
-30.01 0.23
-29.92 0.19
-29.90 0.16
-29.95 0.13
-30.06 0.11
-30.23 0.10
-30.46 0.09
-30.76 0.09
-31.08 0.09
-31.39 0.07
-31.71 0.05
-32.03 0.01
-32.34 -0.05
-32.60 -0.10
-32.88 -0.13
-33.23 -0.13
-33.63 -0.10
-34.07 -0.05
-34.63 0.04
-35.19 0.14
-34.73 0.09
-35.19 0.18
-35.58 0.25
-35.85 0.30
-36.07 0.34
-36.24 0.36
-36.36 0.38
-36.45 0.38
-36.54 0.38
-36.59 0.38
-36.63 0.37
-36.68 0.36
-36.74 0.35
-36.82 0.35
-36.94 0.35
-37.13 0.37
-37.34 0.39
-37.60 0.42
-37.91 0.45
-38.23 0.49
-38.54 0.54
-38.90 0.59
-39.30 0.64
-39.73 0.70
-40.10 0.75
-40.41 0.79
-40.59 0.81
-40.68 0.82
-40.71 0.81
-40.71 0.80
-40.71 0.79
-40.73 0.77
-40.68 0.75
-40.67 0.73
-40.67 0.72
-40.70 0.70
-40.70 0.68
-40.68 0.65
-40.71 0.63
-40.68 0.60
-40.65 0.56
-40.64 0.53
-40.61 0.49
-40.62 0.46
-40.62 0.44
-40.61 0.41
-40.62 0.38
-40.65 0.36
-40.65 0.34
-40.64 0.31
-40.67 0.28
-40.68 0.23
-40.70 0.20
-40.68 0.16
-40.71 0.12
-40.76 0.08
-40.81 0.04
-40.81 -0.01
-40.82 -0.06
-40.87 -0.10
-41.07 -0.11
-41.43 -0.08
-41.94 -0.03
-42.57 0.05
-43.40 0.17
-44.18 0.27
-44.73 0.34
-45.01 0.36
-45.16 0.36
-45.22 0.34
-45.25 0.30
-45.27 0.27
-45.31 0.23
-45.36 0.19
-45.45 0.17
-45.56 0.14
-45.70 0.12
-45.82 0.10
-45.94 0.08
-46.02 0.06
-46.08 0.03
-46.14 0.01
-46.17 -0.00
-46.19 -0.01
-46.23 -0.01
-46.37 0.01
-46.56 0.05
-46.68 0.08
-46.66 0.08
-46.59 0.08
-46.43 0.05
-46.25 0.03
-46.03 -0.01
-45.82 -0.03
-45.67 -0.05
-45.64 -0.04
-45.65 -0.01
-45.65 0.02
-45.65 0.06
-45.57 0.08
-45.36 0.07
-45.05 0.04
-44.70 -0.00
-44.33 -0.05
-44.04 -0.08
-43.95 -0.08
-43.95 -0.05
-44.01 -0.01
-44.15 0.06
-44.33 0.13
-44.49 0.19
-44.47 0.22
-44.30 0.20
-43.98 0.16
-43.55 0.09
-43.04 -0.00
-42.48 -0.10
-41.97 -0.18
-41.59 -0.23
-41.27 -0.26
-40.97 -0.28
-40.67 -0.29
-40.38 -0.30
-40.10 -0.31
-39.84 -0.31
-39.62 -0.30
-39.47 -0.27
-39.38 -0.24
-39.35 -0.20
-39.36 -0.14
-39.38 -0.09
-39.39 -0.03
-39.39 0.01
-39.41 0.08
-39.35 0.11
-39.10 0.10
-38.69 0.08
-38.23 0.04
-37.75 -0.00
-37.29 -0.04
-36.90 -0.06
-36.68 -0.04
-36.56 0.00
-36.48 0.06
-36.40 0.13
-36.28 0.22
-36.08 0.30
-35.79 0.38
-35.42 0.45
-34.99 0.48
-35.22 0.58
-34.75 0.56
-34.27 0.52
-33.78 0.46
-33.32 0.39
-32.82 0.31
-32.20 0.20
-31.59 0.09
-30.95 -0.04
-30.29 -0.16
-29.63 -0.28
-29.21 -0.36
-28.95 -0.40
-28.80 -0.42
-28.71 -0.41
-28.65 -0.39
-28.58 -0.37
-28.54 -0.34
-28.45 -0.31
-28.34 -0.29
-28.19 -0.27
-27.97 -0.26
-27.74 -0.25
-27.48 -0.25
-27.19 -0.25
-26.88 -0.26
-26.59 -0.33
-26.32 -0.33
-26.02 -0.34
-25.79 -0.33
-25.58 -0.32
-25.40 -0.28
-25.26 -0.23
-25.13 -0.14
-25.06 -0.00
-25.01 0.21
-24.97 0.45
-24.90 0.63
-24.72 0.74
-24.46 0.80
-24.11 0.81
-23.66 0.79
-23.16 0.72
-22.64 0.67
-22.07 0.60
-21.45 0.52
-21.15 0.48
-20.43 0.38
-19.57 0.24
-18.50 0.08
-17.41 -0.09
-16.26 -0.28
-15.26 -0.44
-14.62 -0.54
-14.26 -0.60
-14.02 -0.64
-13.82 -0.66
-13.67 -0.68
-13.48 -0.71
-13.34 -0.72
-13.17 -0.74
-13.04 -0.75
-12.93 -0.75
-12.84 -0.76
-12.81 -0.75
-12.82 -0.74
-12.84 -0.72
-12.85 -0.70
-12.88 -0.67
-12.94 -0.64
-12.94 -0.62
-12.96 -0.59
-12.98 -0.57
-12.98 -0.54
-12.99 -0.51
-12.99 -0.49
-12.98 -0.47
-12.98 -0.44
-12.99 -0.42
-12.98 -0.40
-12.98 -0.39
-12.96 -0.37
-12.96 -0.35
-12.94 -0.34
-12.93 -0.32
-12.94 -0.30
-12.94 -0.27
-12.93 -0.25
-12.93 -0.23
-12.94 -0.20
-12.93 -0.19
-12.93 -0.17
-12.93 -0.16
-12.91 -0.16
-12.91 -0.16
-12.91 -0.16
-12.91 -0.17
-12.90 -0.18
-12.90 -0.19
-12.90 -0.20
-12.90 -0.21
-12.90 -0.22
-12.90 -0.22
-12.91 -0.23
-12.90 -0.24
-12.90 -0.24
-12.90 -0.24
-12.90 -0.25
-12.90 -0.25
-12.90 -0.25
-12.91 -0.25
-12.91 -0.25
-12.91 -0.25
-12.91 -0.25
-12.91 -0.24
-12.91 -0.24
-12.91 -0.24
-12.93 -0.24
-12.93 -0.23
-12.93 -0.23
-12.93 -0.22
-12.93 -0.22
-12.93 -0.21
-12.93 -0.20
-12.93 -0.20
-12.93 -0.19
-12.93 -0.18
-12.93 -0.18
-12.93 -0.17
-12.93 -0.17
-12.93 -0.17
-12.91 -0.18
-12.91 -0.18
-12.91 -0.18
-12.91 -0.18
-12.91 -0.18
-12.91 -0.18
-12.91 -0.18
-12.91 -0.18
-12.93 -0.17
-12.91 -0.18
-12.91 -0.18
-12.91 -0.18
-12.93 -0.17
-12.91 -0.18
-12.91 -0.18
-12.91 -0.18
-12.93 -0.17
-12.93 -0.17
-12.93 -0.17
-12.93 -0.17
-12.93 -0.17
-12.93 -0.17
-12.93 -0.17
-12.93 -0.17
-12.91 -0.18
-12.93 -0.17
-12.93 -0.17
-12.93 -0.17
-12.93 -0.17
-12.93 -0.17
-12.91 -0.18
-12.91 -0.18
-12.93 -0.17
-12.93 -0.17
-12.93 -0.17
-12.93 -0.17
-12.93 -0.17
-12.93 -0.17
-12.93 -0.17
-12.93 -0.17
-12.93 -0.17
-12.93 -0.17
-12.93 -0.17
-12.93 -0.17
-12.91 -0.17
-12.91 -0.17
-12.90 -0.18
-12.90 -0.18
-12.90 -0.18
-12.87 -0.18
-12.82 -0.19
-12.76 -0.20
-12.73 -0.20
-12.68 -0.21
-12.64 -0.22
-12.61 -0.22
-12.58 -0.22
-12.55 -0.23
-12.55 -0.23
-12.56 -0.23
-12.56 -0.23
-12.56 -0.23
-12.56 -0.22
-12.55 -0.23
-12.55 -0.23
-12.55 -0.23
-12.56 -0.23
-12.56 -0.23
-12.55 -0.23
-12.56 -0.23
-12.55 -0.23
-12.56 -0.23
-12.55 -0.23
-12.56 -0.23
-12.56 -0.23
-12.55 -0.23
-12.56 -0.23
-12.55 -0.23
-12.55 -0.23
-12.56 -0.23
-12.56 -0.23
-12.56 -0.23
-12.56 -0.23
-12.56 -0.23
-12.56 -0.23
-12.56 -0.24
-12.56 -0.24
-12.56 -0.24
-12.56 -0.24
-12.56 -0.24
-12.56 -0.24
-12.56 -0.24
-12.56 -0.24
-12.56 -0.24
-12.56 -0.24
-12.56 -0.24
-12.56 -0.24
-12.56 -0.24
-12.56 -0.24
-12.56 -0.24
-12.56 -0.24
-12.56 -0.24
-12.58 -0.24
-12.58 -0.24
-12.58 -0.24
-12.58 -0.24
-12.58 -0.24
-12.58 -0.24
-12.59 -0.23
-12.61 -0.23
-12.59 -0.23
-12.59 -0.24
-12.59 -0.24
-12.59 -0.24
-12.59 -0.24
-12.61 -0.24
-12.59 -0.24
-12.59 -0.25
-12.59 -0.25
-12.59 -0.25
-12.61 -0.25
-12.61 -0.25
-12.61 -0.25
-12.61 -0.25
-12.65 -0.24
-12.68 -0.24
-12.71 -0.24
-12.73 -0.23
-12.75 -0.23
-12.75 -0.23
-12.75 -0.23
-12.75 -0.23
-12.75 -0.23
-12.76 -0.23
-12.76 -0.23
-12.76 -0.23
-12.75 -0.23
-12.76 -0.23
-12.76 -0.23
-12.76 -0.23
-12.76 -0.23
-12.76 -0.23
-12.76 -0.23
-12.76 -0.23
-12.76 -0.23
-12.76 -0.23
-12.76 -0.23
-12.76 -0.23
-12.78 -0.23
-12.76 -0.23
-12.78 -0.23
-12.76 -0.23
-12.78 -0.23
-12.78 -0.23
-12.78 -0.23
-12.78 -0.23
-12.76 -0.23
-12.78 -0.23
-12.76 -0.23
-12.78 -0.23
-12.78 -0.23
-12.78 -0.23
-12.78 -0.23
-12.76 -0.23
-12.76 -0.23
-12.76 -0.23
-12.78 -0.23
-12.78 -0.23
-12.78 -0.23
-12.78 -0.23
-12.78 -0.23
-12.78 -0.23
-12.78 -0.23
-12.78 -0.23
-12.76 -0.23
-12.76 -0.23
-12.76 -0.23
-12.76 -0.23
-12.76 -0.23
-12.76 -0.23
-12.78 -0.23
-12.76 -0.23
-12.76 -0.23
-12.76 -0.23
-12.76 -0.24
-12.76 -0.24
-12.76 -0.24
-12.76 -0.24
-12.76 -0.24
-12.76 -0.24
-12.75 -0.24
-12.71 -0.25
-12.68 -0.25
-12.65 -0.26
-12.62 -0.26
-12.61 -0.27
-12.61 -0.27
-12.61 -0.27
-12.62 -0.26
-12.64 -0.26
-12.68 -0.25
-12.73 -0.24
-12.79 -0.23
-12.88 -0.22
-12.96 -0.21
-13.05 -0.19
-13.16 -0.18
-13.28 -0.16
-13.39 -0.14
-13.53 -0.12
-13.68 -0.10
-13.85 -0.07
-14.02 -0.05
-14.23 -0.02
-14.45 0.02
-14.69 0.05
-14.94 0.07
-15.05 0.07
-15.15 0.06
-15.24 0.04
-15.41 0.03
-15.67 0.04
-15.97 0.04
-16.33 0.06
-16.70 0.08
-17.05 0.09
-17.36 0.10
-17.65 0.10
-17.88 0.10
-18.07 0.10
-18.20 0.09
-18.28 0.07
-18.28 0.04
-18.25 -0.00
-18.20 -0.01
-18.20 -0.05
-18.36 -0.06
-18.66 -0.05
-19.08 -0.02
-19.57 0.03
-20.06 0.09
-20.44 0.12
-20.66 0.14
-20.80 0.14
-20.86 0.13
-20.84 0.11
-20.78 0.08
-20.66 0.03
-20.50 -0.02
-20.30 -0.08
-20.14 -0.14
-20.12 -0.16
-20.27 -0.15
-20.55 -0.12
-20.90 -0.07
-21.29 -0.01
-21.50 0.03
-21.88 0.10
-22.25 0.15
-22.54 0.19
-22.74 0.21
-22.90 0.21
-23.02 0.20
-23.13 0.17
-23.20 0.13
-23.26 0.08
-23.28 0.02
-23.29 -0.04
-23.29 -0.09
-23.31 -0.12
-23.42 -0.14
-23.60 -0.11
-23.86 -0.07
-24.18 -0.00
-24.51 0.08
-24.84 0.17
-25.23 0.25
-25.55 0.32
-25.84 0.38
-26.13 0.43
-26.36 0.45
-26.53 0.46
-26.65 0.46
-26.70 0.44
-26.68 0.40
-26.62 0.35
-26.51 0.29
-26.39 0.22
-26.24 0.16
-26.09 0.10
-25.95 0.04
-25.82 -0.00
-25.76 -0.04
-25.78 -0.05
-25.90 -0.04
-26.15 -0.00
-26.53 0.06
-27.01 0.14
-27.51 0.22
-27.97 0.30
-28.32 0.35
-28.58 0.39
-28.74 0.41
-28.81 0.42
-28.81 0.41
-28.78 0.40
-28.68 0.37
-28.55 0.34
-28.35 0.29
-28.12 0.24
-27.88 0.18
-27.60 0.12
-27.33 0.05
-27.10 -0.00
-26.88 -0.06
-26.74 -0.10
-26.78 -0.10
-26.94 -0.08
-27.27 -0.03
-27.71 0.04
-28.26 0.13
-28.85 0.22
-29.37 0.30
-29.83 0.37
-30.27 0.44
-30.70 0.50
-31.05 0.54
-31.34 0.58
-31.57 0.61
-31.74 0.62
-31.82 0.62
-31.84 0.61
-31.80 0.59
-31.73 0.57
-31.61 0.54
-31.44 0.50
-31.25 0.45
-31.04 0.41
-30.81 0.36
-30.59 0.31
-30.38 0.26
-30.21 0.22
-30.07 0.17
-30.00 0.13
-29.98 0.10
-30.01 0.08
-30.09 0.06
-30.21 0.05
-30.38 0.04
-30.56 0.03
-30.76 0.02
-30.96 0.00
-31.16 -0.02
-31.36 -0.04
-31.61 -0.05
-31.96 -0.04
-32.39 -0.01
-32.83 0.04
-33.31 0.10
-33.71 0.15
-34.03 0.19
-34.35 0.22
-34.64 0.26
-34.90 0.28
-35.16 0.30
-35.38 0.31
-35.81 0.35
-35.99 0.35
-36.14 0.34
-36.25 0.33
-36.33 0.30
-36.36 0.28
-36.37 0.24
-36.33 0.21
-36.27 0.17
-36.21 0.13
-36.11 0.09
-36.02 0.06
-35.94 0.04
-35.85 0.02
-35.79 0.01
-35.75 0.01
-36.21 0.09
-36.19 0.10
-36.19 0.11
-36.19 0.12
-36.21 0.13
-36.24 0.15
-36.24 0.16
-36.28 0.17
-36.34 0.19
-36.40 0.20
-36.48 0.21
-36.59 0.22
-36.68 0.24
-36.80 0.25
-36.93 0.27
-37.05 0.29
-37.16 0.30
-37.25 0.32
-37.34 0.33
-37.43 0.34
-37.49 0.35
-37.54 0.36
-37.60 0.36
-37.66 0.37
-37.72 0.38
-37.77 0.38
-37.86 0.40
-38.00 0.41
-38.17 0.44
-38.35 0.46
-38.57 0.49
-38.75 0.52
-38.92 0.54
-39.07 0.56
-39.18 0.57
-39.26 0.58
-39.33 0.59
-39.41 0.59
-39.47 0.60
-39.52 0.60
-39.56 0.60
-39.62 0.60
-39.67 0.60
-39.73 0.61
-39.78 0.61
-39.81 0.61
-39.84 0.61
-39.84 0.60
-39.84 0.60
-39.84 0.60
-39.84 0.59
-39.82 0.59
-39.81 0.58
-39.76 0.57
-39.73 0.57
-39.69 0.56
-39.64 0.55
-39.59 0.54
-39.53 0.53
-39.46 0.52
-39.36 0.51
-39.26 0.49
-39.15 0.48
-39.03 0.46
-38.92 0.44
-38.78 0.42
-38.67 0.41
-38.55 0.39
-38.41 0.37
-38.29 0.35
-38.15 0.33
-38.00 0.30
-37.83 0.28
-37.62 0.25
-37.40 0.22
-37.14 0.18
-36.86 0.14
-36.59 0.10
-36.33 0.06
-35.68 -0.04
-35.44 -0.07
-35.24 -0.07
-35.12 -0.06
-35.07 -0.02
-35.09 0.05
-35.13 0.14
-35.18 0.21
-35.15 0.28
-35.04 0.33
-34.87 0.35
-34.66 0.35
-34.35 0.32
-34.01 0.27
-33.61 0.21
-33.05 0.11
-32.43 0.00
-31.76 -0.12
-30.99 -0.25
-30.33 -0.35
-29.87 -0.42
-29.60 -0.44
-29.44 -0.43
-29.40 -0.40
-29.38 -0.35
-29.37 -0.31
-29.37 -0.26
-29.35 -0.21
-29.29 -0.17
-29.20 -0.14
-29.09 -0.11
-28.88 -0.10
-28.60 -0.10
-28.26 -0.11
-27.89 -0.12
-27.54 -0.13
-27.22 -0.14
-26.91 -0.15
-26.65 -0.14
-26.42 -0.11
-26.21 -0.06
-26.02 0.01
-25.86 0.14
-25.67 0.31
-25.43 0.48
-25.13 0.61
-24.78 0.68
-24.40 0.70
-23.95 0.70
-23.45 0.67
-22.91 0.62
-22.37 0.57
-21.82 0.50
-21.09 0.40
-20.43 0.31
-19.65 0.19
-18.73 0.05
-17.77 -0.10
-16.79 -0.25
-15.93 -0.38
-15.49 -0.45
-15.41 -0.46
-15.57 -0.43
-15.89 -0.37
-16.27 -0.30
-16.79 -0.27
-17.27 -0.18
-17.74 -0.09
-18.20 -0.00
-18.53 0.06
-18.76 0.12
-18.83 0.14
-18.66 0.13
-18.27 0.09
-17.67 0.00
-16.99 -0.09
-16.35 -0.18
-15.87 -0.24
-15.72 -0.25
-15.75 -0.23
-15.83 -0.20
-16.03 -0.14
-16.30 -0.07
-16.66 0.01
-17.05 0.10
-17.39 0.18
-17.50 0.22
-17.39 0.21
-17.08 0.16
-16.61 0.09
-16.06 -0.01
-15.46 -0.12
-14.97 -0.21
-14.68 -0.26
-14.43 -0.31
-14.23 -0.35
-14.05 -0.38
-13.83 -0.41
-13.62 -0.44
-13.40 -0.47
-13.24 -0.48
-13.10 -0.49
-12.96 -0.51
-12.84 -0.51
-12.76 -0.51
-12.76 -0.50
-12.76 -0.49
-12.79 -0.48
-12.84 -0.46
-12.90 -0.45
-12.98 -0.43
-13.04 -0.41
-13.10 -0.39
-13.13 -0.37
-13.16 -0.36
-13.16 -0.35
-13.17 -0.33
-13.16 -0.32
-13.16 -0.30
-13.17 -0.27
-13.16 -0.25
-13.16 -0.21
-13.16 -0.18
-13.14 -0.14
-13.13 -0.11
-13.10 -0.08
-13.05 -0.06
-12.98 -0.05
-12.90 -0.04
-12.82 -0.04
-12.73 -0.04
-12.65 -0.05
-12.56 -0.06
-12.50 -0.07
-12.44 -0.08
-12.41 -0.09
-12.41 -0.09
-12.41 -0.09
-12.42 -0.08
-12.44 -0.08
-12.45 -0.08
-12.45 -0.08
-12.45 -0.08
-12.45 -0.08
-12.45 -0.08
-12.45 -0.08
-12.45 -0.08
-12.45 -0.08
-12.45 -0.08
-12.45 -0.08
-12.45 -0.08
-12.45 -0.08
-12.45 -0.08
-12.47 -0.08
-12.47 -0.08
-12.47 -0.08
-12.48 -0.08
-12.50 -0.07
-12.52 -0.07
-12.52 -0.07
-12.53 -0.07
-12.53 -0.07
-12.53 -0.07
-12.53 -0.07
-12.53 -0.07
-12.53 -0.07
-12.55 -0.07
-12.53 -0.07
-12.53 -0.07
-12.53 -0.07
-12.55 -0.06
-12.53 -0.07
-12.53 -0.06
-12.55 -0.06
-12.53 -0.05
-12.53 -0.05
-12.53 -0.04
-12.53 -0.04
-12.53 -0.03
-12.53 -0.02
-12.53 -0.01
-12.52 -0.00
-12.53 0.01
-12.50 0.00
-12.41 -0.02
-12.18 -0.06
-11.83 -0.12
-11.56 -0.16
-11.37 -0.19
-11.23 -0.20
-11.15 -0.21
-11.14 -0.20
-11.17 -0.19
-11.20 -0.17
-11.24 -0.15
-11.32 -0.13
-11.40 -0.10
-11.46 -0.08
-11.53 -0.06
-11.60 -0.05
-11.63 -0.04
-11.64 -0.04
-11.63 -0.04
-11.60 -0.05
-11.56 -0.05
-11.55 -0.05
-11.53 -0.06
-11.53 -0.06
-11.55 -0.05
-11.53 -0.06
-11.53 -0.06
-11.53 -0.06
-11.55 -0.06
-11.53 -0.06
-11.53 -0.07
-11.53 -0.07
-11.53 -0.07
-11.53 -0.07
-11.53 -0.08
-11.53 -0.08
-11.53 -0.08
-11.53 -0.08
-11.53 -0.09
-11.53 -0.08
-11.55 -0.08
-11.55 -0.08
-11.56 -0.08
-11.56 -0.08
-11.56 -0.08
-11.56 -0.08
-11.58 -0.08
-11.58 -0.08
-11.60 -0.08
-11.60 -0.08
-11.60 -0.08
-11.60 -0.08
-11.63 -0.07
-11.63 -0.07
-11.64 -0.07
-11.66 -0.07
-11.69 -0.06
-11.69 -0.06
-11.70 -0.06
-11.70 -0.06
-11.69 -0.06
-11.70 -0.06
-11.70 -0.06
-11.72 -0.06
-11.72 -0.06
-11.72 -0.06
-11.72 -0.06
-11.72 -0.06
-11.72 -0.06
-11.72 -0.06
-11.73 -0.06
-11.73 -0.06
-11.75 -0.05
-11.75 -0.05
-11.73 -0.06
-11.73 -0.06
-11.73 -0.06
-11.75 -0.05
-11.76 -0.05
-11.78 -0.05
-11.78 -0.05
-11.79 -0.05
-11.79 -0.05
-11.81 -0.05
-11.79 -0.06
-11.79 -0.06
-11.81 -0.06
-11.83 -0.05
-11.84 -0.05
-11.83 -0.05
-11.83 -0.05
-11.84 -0.05
-11.84 -0.05
-11.84 -0.05
-11.83 -0.05
-11.83 -0.05
-11.84 -0.05
-11.84 -0.05
-11.84 -0.05
-11.83 -0.05
-11.84 -0.05
-11.84 -0.05
-11.84 -0.05
-11.84 -0.05
-11.84 -0.05
-11.84 -0.05
-11.84 -0.05
-11.83 -0.05
-11.81 -0.05
-11.81 -0.05
-11.81 -0.05
-11.79 -0.05
-11.76 -0.06
-11.73 -0.06
-11.69 -0.07
-11.61 -0.08
-11.49 -0.10
-11.35 -0.12
-11.21 -0.14
-11.06 -0.16
-10.92 -0.18
-10.80 -0.20
-10.66 -0.22
-10.52 -0.24
-10.38 -0.26
-10.25 -0.28
-10.11 -0.30
-9.99 -0.32
-9.85 -0.34
-9.74 -0.36
-9.63 -0.38
-9.54 -0.39
-9.45 -0.40
-9.36 -0.42
-9.28 -0.43
-9.17 -0.44
-9.08 -0.45
-8.97 -0.47
-8.87 -0.48
-8.74 -0.50
-8.62 -0.51
-8.51 -0.52
-8.39 -0.54
-8.27 -0.55
-8.15 -0.56
-8.04 -0.57
-7.96 -0.57
-7.87 -0.58
-7.79 -0.58
-7.72 -0.58
-7.65 -0.58
-7.58 -0.59
-7.52 -0.59
-7.44 -0.59
-7.38 -0.60
-7.92 -0.51
-7.85 -0.52
-7.78 -0.53
-7.72 -0.53
-7.65 -0.54
-7.59 -0.55
-7.53 -0.56
-7.49 -0.57
-7.44 -0.58
-7.39 -0.58
-7.35 -0.59
-7.32 -0.59
-7.29 -0.60
-7.26 -0.60
-7.24 -0.61
-7.23 -0.61
-7.21 -0.61
-7.19 -0.61
-7.18 -0.61
-7.18 -0.61
-7.16 -0.62
-7.15 -0.62
-7.15 -0.62
-7.13 -0.62
-7.13 -0.62
-7.13 -0.62
-7.13 -0.62
-7.13 -0.62
-7.13 -0.62
-7.13 -0.62
-7.13 -0.62
-7.13 -0.62
-7.13 -0.62
-7.13 -0.62
-7.13 -0.62
-7.13 -0.62
-7.13 -0.62
-7.13 -0.62
-7.13 -0.62
-7.13 -0.62
-7.13 -0.62
-7.13 -0.62
-7.12 -0.62
-7.12 -0.62
-7.12 -0.62
-7.10 -0.63
-7.10 -0.63
-7.10 -0.63
-7.09 -0.63
-7.07 -0.63
-7.07 -0.63
-7.06 -0.63
-7.06 -0.63
-7.04 -0.64
-7.04 -0.64
-7.03 -0.64
-7.01 -0.64
-7.00 -0.64
-7.00 -0.64
-6.98 -0.65
-6.96 -0.65
-6.95 -0.65
-6.92 -0.65
-6.90 -0.66
-6.89 -0.66
-6.86 -0.66
-6.83 -0.67
-6.80 -0.67
-6.77 -0.68
-6.75 -0.68
-6.72 -0.68
-6.69 -0.69
-6.66 -0.69
-6.64 -0.70
-6.61 -0.70
-6.58 -0.71
-6.55 -0.71
-6.52 -0.71
-6.49 -0.72
-6.44 -0.73
-6.41 -0.73
-6.38 -0.74
-6.35 -0.74
-6.32 -0.74
-6.29 -0.75
-6.26 -0.75
-6.24 -0.76
-6.20 -0.77
-6.17 -0.77
-6.14 -0.77
-6.09 -0.78
-6.06 -0.78
-6.03 -0.79
-6.00 -0.79
-5.97 -0.80
-5.94 -0.80
-5.91 -0.81
-5.89 -0.81
-5.86 -0.81
-5.86 -0.81
-5.85 -0.82
-5.85 -0.81
-5.85 -0.81
-5.85 -0.81
-5.85 -0.81
-5.85 -0.81
-5.85 -0.80
-5.85 -0.80
-5.85 -0.79
-5.85 -0.79
-5.85 -0.78
-5.85 -0.77
-5.85 -0.76
-5.85 -0.76
-5.85 -0.75
-5.85 -0.75
-5.85 -0.75
-5.85 -0.74
-5.85 -0.74
-5.85 -0.74
-5.86 -0.74
-5.86 -0.74
-5.86 -0.74
-5.86 -0.74
-5.86 -0.74
-5.86 -0.74
-5.88 -0.74
-5.89 -0.73
-5.91 -0.73
-5.92 -0.73
-5.94 -0.73
-5.95 -0.72
-5.98 -0.72
-6.00 -0.72
-6.01 -0.72
-6.04 -0.71
-6.08 -0.71
-6.12 -0.70
-6.17 -0.69
-6.21 -0.68
-6.27 -0.68
-6.34 -0.66
-6.40 -0.65
-6.47 -0.64
-6.57 -0.62
-6.66 -0.61
-6.77 -0.59
-6.87 -0.57
-7.00 -0.55
-7.10 -0.53
-7.23 -0.50
-7.35 -0.48
-7.47 -0.46
-7.61 -0.43
-7.75 -0.41
-7.88 -0.38
-7.88 -0.38
-8.04 -0.35
-8.21 -0.32
-8.36 -0.29
-8.53 -0.26
-8.70 -0.22
-8.87 -0.19
-9.05 -0.16
-9.23 -0.12
-9.46 -0.08
-9.69 -0.04
-9.97 0.01
-10.29 0.07
-10.61 0.12
-10.84 0.15
-11.04 0.17
-11.23 0.19
-11.40 0.19
-11.58 0.19
-11.81 0.19
-12.07 0.18
-12.33 0.16
-12.58 0.12
-12.84 0.06
-13.08 0.00
-13.31 -0.06
-13.54 -0.10
-13.85 -0.12
-14.32 -0.10
-14.83 -0.04
-15.40 0.03
-16.10 0.13
-16.73 0.23
-17.18 0.29
-17.53 0.34
-17.88 0.39
-18.17 0.43
-18.37 0.46
-18.53 0.47
-18.56 0.46
-18.50 0.44
-18.37 0.40
-18.22 0.35
-18.05 0.30
-17.87 0.25
-17.71 0.19
-17.59 0.14
-17.56 0.11
-17.61 0.08
-17.68 0.06
-17.81 0.05
-17.94 0.04
-18.11 0.04
-18.28 0.04
-18.45 0.04
-18.59 0.03
-18.73 0.02
-18.83 0.06
-18.94 0.04
-19.00 0.00
-19.06 -0.03
-19.09 -0.08
-19.17 -0.12
-19.43 -0.13
-19.86 -0.10
-20.38 -0.06
-20.92 -0.01
-21.47 0.04
-21.93 0.09
-21.68 0.01
-22.02 0.03
-22.31 0.02
-22.57 0.01
-22.82 -0.01
-23.06 -0.02
-23.29 -0.02
-23.59 -0.01
-23.92 0.04
-24.29 0.09
-24.64 0.14
-24.95 0.18
-25.26 0.22
-25.55 0.26
-25.89 0.30
-26.21 0.33
-26.48 0.34
-26.73 0.36
-26.91 0.36
-27.05 0.35
-27.11 0.32
-27.13 0.29
-27.10 0.26
-27.04 0.22
-26.96 0.18
-26.85 0.14
-26.76 0.10
-26.67 0.07
-26.59 0.04
-26.53 0.01
-26.50 -0.02
-26.50 -0.03
-26.53 -0.05
-26.68 -0.03
-26.94 0.00
-27.33 0.06
-27.79 0.12
-28.23 0.18
-28.60 0.23
-28.88 0.26
-29.15 0.30
-29.35 0.32
-29.55 0.33
-29.72 0.35
-29.90 0.36
-30.07 0.37
-30.26 0.38
-30.46 0.40
-30.62 0.41
-30.79 0.42
-30.93 0.42
-31.05 0.43
-31.13 0.43
-31.18 0.42
-31.19 0.41
-31.18 0.39
-31.15 0.37
-31.10 0.35
-31.05 0.32
-30.98 0.28
-30.92 0.25
-30.85 0.21
-30.79 0.17
-30.75 0.13
-30.73 0.08
-30.73 0.04
-30.75 -0.01
-30.76 -0.07
-30.84 -0.11
-31.05 -0.13
-31.39 -0.12
-31.82 -0.09
-32.34 -0.03
-32.85 0.05
-33.31 0.12
-33.72 0.18
-34.01 0.23
-34.29 0.26
-34.53 0.29
-34.76 0.32
-34.96 0.33
-35.15 0.34
-35.30 0.34
-35.42 0.33
-36.01 0.39
-36.08 0.36
-36.14 0.34
-36.17 0.30
-36.19 0.27
-36.21 0.23
-36.19 0.19
-36.19 0.16
-36.19 0.13
-36.17 0.10
-36.17 0.08
-36.17 0.07
-36.16 0.06
-36.17 0.06
-36.17 0.06
-36.17 0.06
-36.17 0.07
-36.17 0.08
-36.17 0.09
-36.16 0.09
-36.16 0.11
-36.14 0.12
-36.13 0.12
-36.10 0.13
-36.08 0.14
-36.05 0.14
-36.02 0.14
-36.21 0.17
-36.16 0.16
-36.11 0.15
-36.08 0.15
-36.04 0.14
-36.01 0.14
-35.99 0.13
-36.01 0.14
-36.02 0.14
-36.04 0.14
-36.08 0.15
-36.14 0.16
-36.05 0.14
-36.16 0.16
-36.28 0.18
-36.44 0.20
-36.57 0.22
-36.73 0.24
-36.88 0.27
-37.00 0.28
-37.13 0.30
-37.22 0.31
-37.31 0.33
-37.40 0.34
-37.51 0.35
-37.66 0.38
-37.83 0.40
-38.06 0.43
-38.37 0.47
-38.75 0.53
-39.12 0.58
-39.47 0.63
-39.85 0.68
-40.22 0.73
-40.56 0.77
-40.91 0.81
-41.22 0.84
-41.46 0.86
-41.65 0.87
-41.69 0.86
-41.68 0.84
-41.71 0.83
-41.65 0.80
-41.63 0.77
-41.60 0.74
-41.53 0.71
-41.53 0.68
-41.48 0.64
-41.40 0.59
-41.31 0.55
-41.22 0.50
-41.19 0.46
-41.16 0.43
-41.14 0.40
-41.16 0.37
-41.20 0.35
-41.19 0.32
-41.19 0.30
-41.20 0.27
-41.17 0.29
-41.19 0.26
-41.23 0.23
-41.25 0.18
-41.27 0.14
-41.28 0.08
-41.30 0.02
-41.33 -0.03
-41.34 -0.11
-41.43 -0.16
-41.65 -0.20
-41.89 -0.21
-42.14 -0.21
-42.40 -0.18
-42.65 -0.15
-42.88 -0.09
-43.09 -0.03
-43.23 0.03
-43.34 0.09
-43.34 0.12
-43.21 0.12
-43.04 0.11
-42.83 0.08
-42.57 0.04
-42.34 -0.01
-42.22 -0.03
-42.22 -0.04
-42.34 -0.02
-42.52 0.02
-42.78 0.07
-43.03 0.11
-43.18 0.13
-43.35 0.14
-43.49 0.15
-43.60 0.14
-43.73 0.14
-43.93 0.15
-44.18 0.15
-44.49 0.17
-44.85 0.19
-45.30 0.23
-45.73 0.26
-46.10 0.28
-46.48 0.31
-46.77 0.32
-46.98 0.32
-47.18 0.31
-47.37 0.30
-47.52 0.29
-47.71 0.28
-47.87 0.28
-48.03 0.27
-48.17 0.27
-48.33 0.27
-48.47 0.26
-48.63 0.27
-48.78 0.27
-48.93 0.27
-49.07 0.27
-49.21 0.26
-49.35 0.26
-49.47 0.25
-49.59 0.24
-49.71 0.22
-49.84 0.22
-49.97 0.21
-50.11 0.22
-49.88 0.18
-50.05 0.21
-50.24 0.25
-50.42 0.29
-50.59 0.32
-50.76 0.36
-50.88 0.38
-50.99 0.41
-51.06 0.42
-51.12 0.42
-51.16 0.42
-51.19 0.42
-51.22 0.42
-51.25 0.42
-51.28 0.42
-51.31 0.43
-51.35 0.43
-51.40 0.45
-51.42 0.45
-51.43 0.45
-51.45 0.45
-51.45 0.45
-51.43 0.45
-51.43 0.45
-51.42 0.45
-51.39 0.44
-51.37 0.44
-51.32 0.43
-51.29 0.43
-51.23 0.42
-51.17 0.41
-51.11 0.40
-51.03 0.39
-50.94 0.38
-50.86 0.36
-50.76 0.35
-50.65 0.33
-50.54 0.32
-50.42 0.30
-50.28 0.28
-50.14 0.26
-49.97 0.23
-49.85 0.21
-49.61 0.18
-49.33 0.13
-49.02 0.09
-48.66 0.03
-48.26 -0.02
-47.87 -0.08
-47.54 -0.12
-47.34 -0.15
-47.26 -0.14
-47.25 -0.13
-47.20 -0.12
-47.09 -0.12
-46.91 -0.13
-46.71 -0.14
-46.49 -0.15
-46.29 -0.16
-46.17 -0.16
-46.00 -0.16
-45.90 -0.15
-45.83 -0.13
-45.80 -0.10
-45.82 -0.05
-45.87 0.02
-45.88 0.08
-45.91 0.15
-45.80 0.20
-45.50 0.20
-45.05 0.18
-44.50 0.13
-43.80 0.04
-43.04 -0.06
-42.20 -0.18
-41.33 -0.30
-40.61 -0.39
-40.13 -0.43
-39.81 -0.45
-39.56 -0.44
-39.43 -0.41
-39.35 -0.37
-39.38 -0.32
-39.43 -0.26
-39.53 -0.19
-39.62 -0.12
-39.73 -0.05
-39.81 0.01
-39.85 0.07
-39.82 -0.78
-39.62 0.21
-39.36 0.22
-39.10 0.21
-38.72 0.19
-38.24 0.15
-37.74 0.10
-37.25 0.06
-36.76 0.02
-36.27 -0.02
-35.76 -0.07
-34.93 -0.16
-34.56 -0.17
-34.26 -0.16
-34.07 -0.12
-33.97 -0.04
-33.91 0.09
-33.91 0.23
-33.91 0.37
-33.84 0.48
-33.68 0.53
-33.41 0.55
-32.99 0.53
-32.39 0.47
-31.68 0.39
-30.84 0.28
-29.92 0.16
-29.06 0.04
-28.25 -0.08
-27.40 -0.20
-26.68 -0.29
-26.18 -0.35
-25.78 -0.40
-25.53 -0.41
-25.40 -0.41
-25.30 -0.40
-25.27 -1.10
-25.26 -0.48
-25.29 -0.44
-25.36 -0.40
-25.46 -0.35
-25.55 -0.30
-25.59 -0.24
-25.64 -0.17
-25.66 -0.09
-25.66 0.02
-25.66 0.18
-25.63 0.35
-25.49 0.54
-25.27 0.67
-24.98 0.73
-24.60 0.76
-24.14 0.75
-23.62 0.71
-22.99 0.65
-22.33 0.57
-21.62 0.48
-21.01 0.40
-20.00 0.25
-18.80 0.07
-17.42 -0.15
-15.78 -0.40
-14.39 -0.61
-13.39 -0.76
-12.65 -0.86
-12.21 -0.92
-11.95 -0.94
-11.83 -0.94
-11.87 -1.00
-12.06 -0.94
-12.38 -0.87
-12.84 -0.77
-13.36 -0.66
-13.93 -0.54
-14.49 -0.41
-15.14 -0.26
-15.92 -0.07
-16.70 0.12
-17.51 0.34
-18.20 0.57
-18.54 0.77
-18.62 0.92
-18.39 1.01
-17.85 1.00
-17.01 0.91
-15.80 0.73
-14.57 0.54
-13.31 0.31
-12.04 0.07
-10.87 -0.18
-9.97 -0.39
-9.28 -0.54
-8.80 -0.66
-8.51 -0.73
-8.31 -0.77
-8.18 -0.78
-8.13 -0.76
-8.13 -0.72
-8.18 -0.66
-8.27 -0.58
-8.41 -0.48
-8.56 -0.39
-8.74 -0.30
-8.96 -0.22
-9.22 -0.14
-9.56 -0.05
-9.92 0.03
-10.35 0.12
-10.75 0.19
-11.03 0.23
-11.10 0.24
-10.98 0.22
-10.69 0.16
-10.28 0.07
-9.80 -0.03
-9.34 -0.13
-8.94 -0.23
-8.64 -0.30
-8.39 -0.36
-8.18 -0.42
-7.98 -0.46
-7.81 -0.49
-7.67 -0.50
-7.56 -0.51
-7.49 -0.51
-7.46 -0.49
-7.47 -0.48
-7.49 -0.46
-7.53 -0.43
-7.58 -0.41
-7.61 -0.40
-7.67 -0.38
-7.72 -0.37
-7.76 -0.36
-7.81 -0.35
-7.84 -0.35
-7.85 -0.34
-7.87 -0.34
-7.87 -0.34
-7.87 -0.34
-7.87 -0.34
-7.87 -0.34
-7.88 -0.34
-7.87 -0.34
-7.87 -0.34
-7.88 -0.34
-7.88 -0.34
-7.88 -0.34
-7.90 -0.34
-7.90 -0.34
-7.92 -0.34
-7.92 -0.34
-7.92 -0.34
-7.93 -0.33
-7.93 -0.33
-7.95 -0.33
-7.95 -0.33
-7.95 -0.33
-7.95 -0.33
-7.96 -0.33
-7.96 -0.33
-7.96 -0.33
-7.96 -0.33
-7.96 -0.33
-7.96 -0.33
-7.96 -0.33
-7.95 -0.33
-7.95 -0.33
-7.95 -0.33
-7.93 -0.33
-7.93 -0.33
-7.92 -0.33
-7.88 -0.34
-7.84 -0.34
-7.79 -0.35
-7.72 -0.36
-7.64 -0.37
-7.56 -0.39
-7.47 -0.40
-7.39 -0.41
-7.32 -0.42
-7.24 -0.44
-7.93 -0.33
-7.84 -0.35
-7.75 -0.36
-7.65 -0.37
-7.56 -0.39
-7.47 -0.40
-7.39 -0.41
-7.30 -0.43
-7.24 -0.44
-7.18 -0.44
-7.12 -0.45
-7.07 -0.46
-7.03 -0.47
-6.98 -0.47
-6.93 -0.48
-6.90 -0.48
-6.87 -0.49
-6.84 -0.49
-6.81 -0.49
-6.78 -0.49
-6.75 -0.50
-6.73 -0.50
-6.73 -0.50
-6.73 -0.49
-6.73 -0.49
-6.73 -0.49
-6.73 -0.49
-6.75 -0.49
-6.75 -0.49
-6.75 -0.49
-6.77 -0.48
-6.77 -0.48
-6.77 -0.48
-6.77 -0.48
-6.77 -0.48
-6.78 -0.48
-6.77 -0.48
-6.77 -0.48
-6.77 -0.48
-6.77 -0.48
-6.77 -0.48
-6.75 -0.49
-6.75 -0.49
-6.73 -0.49
-6.73 -0.49
-6.73 -0.49
-6.73 -0.49
-6.73 -0.49
-6.72 -0.49
-6.72 -0.49
-6.72 -0.49
-6.72 -0.49
-6.72 -0.50
-6.72 -0.50
-6.72 -0.50
-6.70 -0.50
-6.70 -0.51
-6.69 -0.51
-6.70 -0.51
-6.69 -0.52
-6.69 -0.52
-6.69 -0.53
-6.70 -0.53
-6.69 -0.54
-6.70 -0.54
-6.70 -0.55
-6.70 -0.56
-6.70 -0.57
-6.69 -0.58
-6.70 -0.58
-6.70 -0.59
-6.70 -0.60
-6.69 -0.60
-6.69 -0.61
-6.69 -0.61
-6.70 -0.61
-6.69 -0.61
-6.70 -0.61
-6.70 -0.61
-6.70 -0.61
-6.70 -0.61
-6.70 -0.61
-6.70 -0.61
-6.72 -0.61
-6.72 -0.61
-6.72 -0.61
-6.72 -0.61
-6.72 -0.61
-6.72 -0.61
-6.72 -0.61
-6.72 -0.61
-6.72 -0.61
-6.72 -0.61
-6.72 -0.61
-6.72 -0.61
-6.72 -0.61
-6.72 -0.61
-6.72 -0.61
-6.72 -0.61
-6.72 -0.61
-6.72 -0.61
-6.73 -0.60
-6.73 -0.60
-6.75 -0.60
-6.77 -0.60
-6.77 -0.60
-6.78 -0.60
-6.80 -0.59
-6.81 -0.59
-6.84 -0.59
-6.86 -0.58
-6.87 -0.58
-6.89 -0.58
-6.92 -0.58
-6.93 -0.57
-6.96 -0.57
-6.98 -0.57
-7.01 -0.56
-7.04 -0.56
-7.09 -0.55
-7.13 -0.54
-7.18 -0.54
-7.23 -0.53
-7.29 -0.52
-7.35 -0.50
-7.42 -0.49
-7.50 -0.47
-7.59 -0.45
-7.69 -0.43
-7.81 -0.41
-7.93 -0.38
-7.93 -0.37
-8.07 -0.35
-8.24 -0.31
-8.39 -0.28
-8.56 -0.25
-8.74 -0.22
-8.93 -0.19
-9.13 -0.16
-9.34 -0.12
-9.57 -0.09
-9.85 -0.05
-10.18 0.00
-10.55 0.05
-10.91 0.10
-11.18 0.12
-11.41 0.13
-11.61 0.13
-11.84 0.12
-12.12 0.11
-12.44 0.09
-12.78 0.06
-13.14 0.03
-13.50 0.01
-13.88 -0.01
-14.20 -0.03
-14.54 -0.03
-15.01 0.01
-15.66 0.09
-16.41 0.18
-17.07 0.27
-17.62 0.33
-18.10 0.39
-18.51 0.43
-18.82 0.46
-19.00 0.46
-19.08 0.44
-19.05 0.40
-18.97 0.36
-18.86 0.31
-18.76 0.25
-18.66 0.21
-18.57 0.16
-18.51 0.12
-18.48 0.09
-18.46 0.05
-18.48 0.02
-18.48 0.09
-18.48 0.11
-18.48 0.07
-18.48 0.01
-18.48 -0.05
-18.48 -0.11
-18.54 -0.18
-18.76 -0.23
-19.14 -0.24
-19.74 -0.23
-20.40 -0.20
-21.09 -0.15
-21.81 -0.08
-21.29 -0.18
-21.93 -0.09
-22.59 0.02
-23.19 0.13
-23.74 0.22
-24.20 0.30
-24.61 0.36
-25.00 0.42
-25.41 0.46
-25.81 0.50
-26.19 0.53
-26.51 0.54
-26.76 0.54
-26.94 0.52
-27.05 0.48
-27.07 0.43
-27.04 0.37
-26.96 0.31
-26.84 0.26
-26.71 0.20
-26.56 0.14
-26.44 0.09
-26.32 0.03
-26.22 -0.01
-26.18 -0.05
-26.19 -0.07
-26.35 -0.06
-26.62 -0.03
-27.05 0.03
-27.60 0.11
-28.22 0.20
-28.78 0.28
-29.37 0.36
-29.93 0.44
-30.46 0.52
-30.90 0.58
-31.27 0.63
-31.54 0.66
-31.74 0.68
-31.87 0.69
-31.88 0.69
-31.84 0.67
-31.73 0.64
-31.56 0.61
-31.36 0.57
-31.15 0.52
-30.88 0.47
-30.62 0.42
-30.38 0.36
-30.15 0.31
-29.93 0.13
-29.78 0.09
-29.70 0.05
-29.73 0.02
-29.84 0.01
-30.04 0.01
-30.29 0.01
-30.61 0.02
-30.98 0.04
-31.33 0.05
-31.67 0.05
-32.00 0.05
-32.34 0.03
-32.60 0.00
-32.82 -0.05
-32.99 -0.10
-33.20 -0.12
-33.49 -0.12
-33.89 -0.07
-34.41 0.00
-34.95 0.10
-35.19 0.14
-35.67 0.23
-36.07 0.29
-36.39 0.34
-36.70 0.38
-37.02 0.42
-37.31 0.46
-37.55 0.48
-37.80 0.50
-37.95 0.51
-38.06 0.50
-38.11 0.48
-38.14 0.46
-38.15 0.44
-38.17 0.42
-38.21 0.40
-38.31 0.40
-38.43 0.40
-38.60 0.41
-38.78 0.43
-39.01 0.45
-39.24 0.48
-39.50 0.51
-39.81 0.55
-40.12 0.59
-40.39 0.63
-40.58 0.65
-40.81 0.68
-40.88 0.69
-40.97 0.69
-41.02 0.69
-41.00 0.68
-41.00 0.66
-41.00 0.65
-40.96 0.62
-40.96 0.60
-40.97 0.58
-40.96 0.55
-40.96 0.52
-40.96 0.49
-40.97 0.46
-40.93 0.43
-40.87 0.39
-40.84 0.36
-40.82 0.33
-40.79 0.30
-40.84 0.28
-40.85 0.26
-40.84 0.24
-40.81 0.21
-40.84 0.23
-40.81 0.19
-40.82 0.16
-40.82 0.13
-40.82 0.09
-40.82 0.04
-40.81 -0.00
-40.84 -0.04
-40.90 -0.07
-41.19 -0.05
-41.77 0.02
-42.58 0.13
-43.53 0.26
-44.36 0.36
-45.08 0.45
-45.65 0.51
-46.11 0.54
-46.48 0.54
-46.74 0.52
-46.94 0.48
-47.08 0.43
-47.18 0.37
-47.28 0.31
-47.37 0.26
-47.46 0.21
-47.60 0.17
-47.74 0.14
-47.94 0.13
-48.13 0.12
-48.30 0.11
-48.49 0.10
-48.66 0.09
-48.86 0.08
-49.68 0.18
-49.99 0.19
-50.30 0.22
-50.62 0.26
-50.93 0.32
-51.19 0.37
-51.43 0.42
-51.69 0.47
-51.89 0.52
-52.06 0.55
-52.20 0.57
-52.31 0.59
-52.38 0.59
-52.44 0.60
-52.49 0.59
-52.54 0.59
-52.57 0.59
-52.60 0.60
-52.61 0.60
-52.63 0.60
-52.63 0.61
-52.63 0.61
-52.63 0.61
-52.63 0.61
-52.63 0.61
-52.63 0.61
-52.63 0.61
-52.63 0.61
-52.63 0.61
-52.63 0.61
-52.63 0.61
-52.63 0.61
-52.63 0.61
-52.63 0.61
-52.64 0.61
-52.63 0.61
-52.64 0.61
-52.63 0.61
-52.63 0.61
-52.63 0.61
-52.63 0.61
-52.63 0.61
-52.63 0.61
-52.63 0.61
-52.61 0.61
-52.63 0.61
-52.61 0.61
-52.61 0.61
-52.60 0.60
-52.60 0.60
-52.60 0.60
-52.58 0.60
-52.57 0.60
-52.54 0.59
-52.50 0.59
-52.46 0.58
-52.41 0.58
-52.35 0.57
-52.29 0.56
-52.21 0.55
-52.14 0.53
-52.04 0.52
-51.94 0.50
-51.83 0.49
-51.71 0.47
-51.58 0.45
-51.45 0.43
-51.31 0.41
-51.14 0.39
-50.97 0.36
-50.79 0.33
-50.59 0.30
-50.37 0.27
-50.13 0.23
-49.90 0.20
-49.64 0.16
-49.45 0.13
-49.10 0.08
-48.66 0.02
-48.13 -0.06
-47.44 -0.16
-46.77 -0.26
-46.25 -0.32
-45.82 -0.38
-45.50 -0.41
-45.30 -0.42
-45.14 -0.42
-45.16 -0.39
-45.27 -0.35
-45.48 -0.29
-45.74 -0.22
-46.03 -0.14
-46.33 -0.05
-46.62 0.05
-46.89 0.15
-47.09 0.25
-47.06 0.32
-46.82 0.33
-46.31 0.30
-45.60 0.23
-44.64 0.10
-43.43 -0.07
-42.14 -0.25
-40.85 -0.44
-39.73 -0.58
-38.95 -0.67
-38.37 -0.71
-37.92 -0.72
-37.63 -0.70
-37.46 -0.67
-37.40 -0.61
-37.40 -0.55
-37.46 -0.47
-37.57 -0.39
-37.72 -0.31
-37.92 -0.22
-38.14 -0.10
-38.35 -0.02
-38.52 0.06
-38.66 0.13
-38.67 0.20
-38.52 0.24
-38.24 0.28
-37.85 0.29
-37.34 0.33
-36.85 0.39
-36.30 0.43
-35.64 0.48
-34.58 0.44
-33.89 0.41
-33.14 0.35
-32.33 0.28
-31.42 0.17
-30.35 0.03
-29.29 -0.12
-28.28 -0.26
-27.30 -0.39
-26.56 -0.48
-25.99 -0.54
-25.52 -0.58
-25.21 -0.60
-24.97 -0.60
-24.81 -0.58
-24.75 -0.56
-24.75 -0.60
-24.80 -0.56
-24.89 -0.51
-25.03 -0.45
-25.23 -0.37
-25.43 -0.27
-25.63 -0.16
-25.86 -0.02
-26.04 0.19
-26.21 0.44
-26.27 0.67
-26.16 0.83
-25.90 0.91
-25.47 0.93
-24.98 0.92
-24.44 0.88
-23.80 0.81
-23.14 0.73
-22.42 0.58
-21.59 0.46
-21.04 0.38
-19.98 0.22
-18.62 0.01
-16.93 -0.25
-15.06 -0.54
-13.50 -0.79
-12.24 -0.98
-11.41 -1.10
-10.94 -1.16
-10.68 -1.19
-10.64 -1.18
-10.80 -1.14
-11.17 -1.06
-11.73 -0.95
-12.56 -0.79
-13.53 -0.61
-14.55 -0.42
-15.84 -0.18
-17.15 0.08
-18.31 0.32
-19.35 0.55
-20.00 0.73
-20.34 0.87
-20.38 0.98
-20.17 1.03
-19.66 1.01
-18.85 0.92
-17.65 0.75
-16.23 0.52
-14.66 0.25
-13.04 -0.04
-11.55 -0.31
-10.41 -0.51
-9.59 -0.66
-9.10 -0.74
-8.80 -0.77
-8.62 -0.78
-8.51 -0.76
-8.47 -0.72
-8.48 -0.67
-8.53 -0.61
-8.62 -0.52
-8.74 -0.44
-8.91 -0.36
-9.11 -0.29
-9.37 -0.22
-9.69 -0.15
-10.06 -0.09
-10.49 -0.02
-10.91 0.04
-11.32 0.09
-11.67 0.12
-11.81 0.09
-11.70 0.01
-11.41 -0.11
-10.98 -0.27
-10.61 -0.40
-10.38 -0.49
-10.25 -0.56
-10.17 -0.60
-10.18 -0.61
-10.29 -0.59
-10.48 -0.54
-10.72 -0.48
-11.06 -0.40
-11.47 -0.31
-11.93 -0.21
-12.42 -0.12
-12.93 -0.03
-13.31 0.04
-13.62 0.07
-13.74 0.07
-13.57 0.00
-13.17 -0.11
-12.65 -0.24
-12.16 -0.36
-11.92 -0.44
-11.76 -0.49
-11.70 -0.52
-11.73 -0.52
-11.83 -0.51
-11.95 -0.49
-12.12 -0.47
-12.35 -0.43
-12.56 -0.40
-12.75 -0.37
-12.85 -0.36
-12.87 -0.36
-12.81 -0.37
-12.70 -0.39
-12.55 -0.42
-12.39 -0.46
-12.25 -0.50
-12.15 -0.53
-12.06 -0.57
-11.98 -0.61
-11.93 -0.64
-11.90 -0.67
-11.92 -0.70
-11.90 -0.73
-11.90 -0.75
-11.92 -0.77
-11.90 -0.80
-11.90 -0.81
-11.92 -0.82
-11.93 -0.83
-11.98 -0.83
-12.02 -0.83
-12.09 -0.83
-12.15 -0.82
-12.19 -0.82
-12.25 -0.81
-12.32 -0.80
-12.38 -0.79
-12.42 -0.78
-12.45 -0.78
-12.50 -0.77
-12.50 -0.77
-12.52 -0.77
-12.52 -0.77
-12.50 -0.77
-12.50 -0.76
-12.47 -0.77
-12.44 -0.77
-12.41 -0.77
-12.36 -0.78
-12.32 -0.78
-12.25 -0.79
-12.19 -0.80
-12.16 -0.80
-12.13 -0.80
-12.09 -0.81
-12.06 -0.81
-12.01 -0.82
-11.98 -0.83
-11.95 -0.83
-11.92 -0.84
-11.90 -0.84
-11.90 -0.84
-11.90 -0.84
-11.90 -0.84
-11.90 -0.84
-11.90 -0.84
-11.90 -0.85
-11.90 -0.85
-11.89 -0.86
-11.87 -0.86
-11.86 -0.86
-11.86 -0.87
-11.86 -0.87
-11.86 -0.87
-11.86 -0.87
-11.83 -0.87
-11.78 -0.88
-11.73 -0.89
-11.67 -0.90
-11.61 -0.91
-11.53 -0.92
-11.46 -0.93
-11.40 -0.94
-11.33 -0.95
-11.26 -0.96
-11.21 -0.97
-11.17 -0.97
-11.12 -0.98
-11.07 -0.99
-11.04 -0.99
-11.00 -1.00
-10.98 -1.00
-10.95 -1.01
-10.92 -1.01
-10.91 -1.01
-10.89 -1.02
-10.87 -1.02
-10.89 -1.02
-10.87 -1.02
-10.87 -1.02
-10.89 -1.02
-10.89 -1.02
-10.89 -1.02
-10.89 -1.02
-10.89 -1.02
-10.89 -1.02
-10.91 -1.01
-10.91 -1.01
-10.91 -1.01
-10.91 -1.01
-10.91 -1.01
-10.91 -1.01
-10.91 -1.01
-10.91 -1.01
-10.89 -1.02
-10.89 -1.02
-10.87 -1.02
-10.86 -1.02
-10.83 -1.03
-10.80 -1.03
-10.77 -1.04
-10.72 -1.04
-10.68 -1.05
-10.64 -1.05
-10.61 -1.06
-10.57 -1.06
-10.54 -1.07
-10.51 -1.07
-10.48 -1.08
-10.45 -1.08
-10.41 -1.09
-10.38 -1.09
-10.35 -1.10
-10.32 -1.10
-10.29 -1.11
-10.26 -1.11
-10.23 -1.12
-10.20 -1.12
-10.17 -1.13
-10.14 -1.13
-10.09 -1.14
-10.06 -1.14
-10.02 -1.15
-9.97 -1.15
-9.94 -1.16
-9.89 -1.17
-9.85 -1.17
-9.80 -1.18
-9.74 -1.19
-9.69 -1.20
-9.65 -1.21
-9.60 -1.21
-9.56 -1.22
-9.51 -1.23
-9.46 -1.23
-9.43 -1.24
-9.39 -1.24
-9.34 -1.25
-9.31 -1.26
-9.28 -1.26
-9.23 -1.27
-9.22 -1.27
-9.19 -1.27
-9.17 -1.28
-9.16 -1.28
-9.14 -1.28
-9.13 -1.28
-9.10 -1.29
-9.10 -1.29
-9.07 -1.29
-9.05 -1.30
-9.03 -1.30
-9.00 -1.30
-8.97 -1.31
-8.94 -1.31
-8.91 -1.32
-8.87 -1.32
-8.84 -1.33
-8.79 -1.33
-8.74 -1.34
-8.70 -1.35
-8.67 -1.35
-8.62 -1.36
-8.59 -1.36
-8.56 -1.37
-8.53 -1.37
-8.50 -1.38
-8.48 -1.38
-8.48 -1.37
-8.48 -1.37
-8.48 -1.37
-8.50 -1.37
-8.48 -1.37
-8.48 -1.37
-8.48 -1.37
-8.48 -1.36
-8.48 -1.36
-8.48 -1.36
-8.50 -1.36
-8.50 -1.36
-8.48 -1.36
-8.48 -1.36
-8.48 -1.36
-8.48 -1.36
-8.50 -1.36
-8.48 -1.36
-8.50 -1.36
-8.48 -1.36
-8.50 -1.36
-8.50 -1.36
-8.50 -1.36
-8.50 -1.36
-8.50 -1.36
-8.50 -1.36
-8.50 -1.36
-8.50 -1.36
-8.50 -1.36
-8.50 -1.36
-8.48 -1.37
-8.48 -1.37
-8.48 -1.37
-8.47 -1.38
-8.44 -1.38
-8.38 -1.40
-8.33 -1.41
-8.25 -1.42
-8.19 -1.43
-8.13 -1.45
-8.05 -1.46
-7.99 -1.48
-7.95 -1.49
-7.88 -1.50
-7.82 -1.52
-7.78 -1.53
-7.72 -1.54
-7.67 -1.55
-7.61 -1.56
-7.58 -1.57
-7.53 -1.58
-7.49 -1.59
-7.46 -1.60
-7.44 -1.60
-7.41 -1.61
-7.38 -1.62
-7.36 -1.62
-7.33 -1.63
-7.32 -1.64
-7.32 -1.64
-7.30 -1.65
-7.30 -1.65
-7.30 -1.65
-7.30 -1.65
-7.30 -1.66
-7.30 -1.66
-7.30 -1.66
-7.32 -1.66
-7.32 -1.66
-7.32 -1.67
-7.33 -1.67
-7.33 -1.67
-7.35 -1.67
-7.35 -1.67
-7.36 -1.67
-7.36 -1.67
-7.36 -1.68
-7.36 -1.68
-7.36 -1.68
-7.36 -1.68
-7.36 -1.68
-7.36 -1.68
-7.36 -1.68
-7.36 -1.68
-7.36 -1.68
-7.36 -1.68
-7.36 -1.68
-7.36 -1.68
-7.36 -1.68
-7.36 -1.69
-7.36 -1.69
-7.36 -1.69
-7.36 -1.16
-7.36 -1.70
-7.35 -1.71
-7.32 -1.72
-7.32 -1.72
-7.32 -1.73
-7.32 -1.73
-7.32 -1.73
-7.32 -1.74
-7.32 -1.74
-7.30 -1.74
-7.32 -1.74
-7.30 -1.74
-7.30 -1.75
-7.30 -1.75
-7.30 -1.75
-7.30 -1.75
-7.29 -1.75
-7.27 -1.76
-7.27 -1.76
-7.27 -1.76
-7.27 -1.76
-7.27 -1.76
-7.27 -1.76
-7.29 -1.76
-7.27 -1.76
-7.29 -1.76
-7.29 -1.76
-7.29 -1.76
-7.29 -1.76
-7.29 -1.76
-7.29 -1.76
-7.29 -1.76
-7.29 -1.76
-7.29 -1.76
-7.29 -1.76
-7.29 -1.76
-7.29 -1.76
-7.29 -1.76
-7.29 -1.76
-7.27 -1.76
-7.27 -1.76
-7.27 -1.76
-7.27 -1.76
-7.27 -1.76
-7.27 -1.76
-7.27 -1.76
-7.27 -1.76
-7.27 -1.76
-7.27 -1.76
-7.29 -1.76
-7.27 -1.76
-7.27 -1.76
-7.27 -1.76
-7.29 -1.76
-7.29 -1.76
-7.29 -1.75
-7.29 -1.75
-7.30 -1.75
-7.30 -1.74
-7.32 -1.74
-7.33 -1.73
-7.35 -1.72
-7.38 -1.71
-7.39 -1.70
-7.44 -1.13
-7.46 -1.40
-7.50 -1.40
-7.52 -1.39
-7.53 -1.39
-7.56 -1.38
-7.61 -1.37
-7.67 -1.36
-7.73 -1.35
-7.81 -1.34
-7.90 -1.32
-7.99 -1.30
-8.10 -1.28
-8.24 -1.26
-8.39 -1.23
-8.57 -1.19
-8.77 -1.15
-9.03 -1.10
-9.33 -1.05
-9.66 -0.98
-10.03 -0.91
-10.43 -0.83
-10.87 -0.74
-11.40 -0.64
-11.96 -0.53
-12.56 -0.41
-13.19 -0.29
-13.86 -0.15
-14.54 -0.02
-15.34 0.14
-16.30 0.32
-17.18 0.48
-17.81 0.60
-18.28 0.69
-18.69 0.76
-19.06 0.82
-19.34 0.85
-19.52 0.87
-19.55 0.85
-19.43 0.81
-19.20 0.74
-18.86 0.65
-18.36 0.53
-17.77 0.40
-17.13 0.27
-16.44 0.12
-15.74 -0.02
-15.14 -0.14
-14.74 -0.24
-14.65 -0.28
-14.85 -0.27
-15.34 -0.22
-16.24 -0.35
-17.35 -0.20
-18.48 -0.04
-19.63 0.12
-20.55 0.26
-20.78 0.29
-21.33 0.36
-21.82 0.42
-22.22 0.47
-22.54 0.50
-22.80 0.53
-23.00 0.54
-23.13 0.53
-23.17 0.51
-23.14 0.47
-23.05 0.43
-22.93 0.37
-22.77 0.29
-22.59 0.21
-22.41 0.10
-22.22 -0.02
-22.05 -0.14
-21.91 -0.25
-21.90 -0.33
-22.01 -0.36
-22.27 -0.36
-22.60 -0.32
-23.03 -0.26
-23.56 -0.16
-24.09 -0.04
-24.71 0.10
-25.47 0.26
-26.28 0.42
-27.01 0.57
-27.62 0.69
-28.17 0.78
-28.58 0.83
-28.92 0.86
-29.23 0.87
-29.52 0.86
-29.73 0.83
-29.90 0.78
-30.01 0.72
-30.06 0.66
-30.04 0.60
-30.01 0.53
-29.95 0.48
-29.87 0.41
-29.80 0.36
-29.72 0.30
-29.67 0.26
-29.64 0.22
-29.64 0.19
-29.67 0.16
-29.70 0.14
-29.77 0.12
-29.84 0.15
-29.93 0.13
-30.06 0.11
-30.18 0.08
-30.32 0.05
-30.49 0.00
-30.65 -0.05
-30.87 -0.11
-31.10 -0.17
-31.45 -0.22
-31.94 -0.24
-32.49 -0.22
-33.06 -0.18
-33.68 -0.11
-34.33 -0.01
-34.40 0.01
-35.10 0.14
-35.78 0.26
-36.37 0.37
-36.99 0.48
-37.55 0.57
-38.05 0.64
-38.43 0.68
-38.75 0.72
-38.93 0.72
-39.00 0.70
-38.97 0.65
-38.92 0.61
-38.84 0.55
-38.78 0.50
-38.77 0.46
-38.78 0.43
-38.80 0.41
-38.84 0.39
-38.90 0.37
-38.97 0.36
-39.03 0.35
-39.16 0.34
-39.29 0.34
-39.47 0.34
-39.62 0.33
-39.81 0.33
-39.96 0.33
-40.13 0.33
-40.25 0.32
-40.41 0.32
-40.45 0.30
-40.50 0.29
-40.48 0.27
-40.51 0.25
-40.51 0.23
-40.50 0.21
-40.51 0.19
-40.54 0.95
-40.53 1.17
-40.47 1.14
-40.36 1.08
-40.13 1.00
-39.82 0.89
-39.52 0.77
-39.20 0.63
-38.90 0.48
-38.70 0.29
-38.57 0.11
-38.49 -0.04
-38.51 -0.16
-38.64 -0.23
-39.03 -0.23
-39.61 -0.19
-40.27 -0.14
-40.99 -0.06
-41.68 0.02
-42.43 0.11
-43.27 0.22
-43.89 0.30
-44.30 0.36
-44.55 0.39
-44.75 0.42
-44.88 0.45
-44.98 0.47
-45.04 0.48
-45.05 0.49
-45.05 0.49
-45.04 0.49
-45.04 0.48
-45.02 0.48
-45.02 0.48
-45.02 0.48
-45.02 0.48
-45.02 0.48
-45.01 0.47
-45.01 0.47
-45.01 0.48
-45.02 0.48
-45.02 0.48
-45.02 0.48
-45.02 0.48
-45.04 0.48
-45.04 0.48
-45.04 0.48
-45.02 0.48
-45.01 0.48
-44.99 0.47
-44.99 0.47
-44.99 0.47
-44.98 0.47
-44.96 0.47
-44.96 0.47
-44.96 0.47
-44.96 0.47
-44.95 0.47
-44.91 0.46
-44.87 0.46
-44.82 0.45
-44.75 0.44
-44.64 0.42
-44.53 0.41
-44.41 0.39
-44.27 0.37
-44.09 0.34
-43.89 0.31
-43.64 0.27
-43.40 0.24
-43.09 0.19
-42.75 0.14
-42.37 0.08
-41.91 0.01
-41.42 -0.06
-40.87 -0.14
-40.22 -0.23
-39.72 -0.29
-39.33 -0.34
-39.01 -0.37
-38.78 -0.38
-38.63 -0.38
-38.57 -0.37
-38.57 -0.35
-38.61 -0.31
-38.70 -0.27
-38.83 -0.21
-38.98 -0.15
-39.12 -0.07
-39.24 0.02
-39.33 0.12
-39.30 0.20
-39.07 0.24
-38.66 0.25
-38.12 0.23
-37.48 0.17
-36.85 0.11
-36.27 0.04
-35.71 -0.04
-35.19 -0.12
-34.72 -0.19
-41.77 0.88
-34.40 -0.22
-34.07 -0.27
-33.69 -0.32
-33.37 -0.36
-33.12 -0.38
-32.95 -0.38
-32.83 -0.37
-32.72 -0.36
-32.65 -0.34
-32.56 -0.32
-32.48 -0.29
-32.40 -0.25
-32.31 -0.22
-32.20 -0.18
-32.07 -0.15
-31.93 -0.13
-31.77 -1.09
-31.61 -1.08
-31.50 -1.05
-31.50 -1.00
-31.57 -0.93
-31.74 -0.82
-31.94 -0.69
-32.14 -0.50
-32.28 -0.23
-32.36 0.10
-32.34 0.31
-32.22 0.42
-31.84 0.46
-31.28 0.44
-30.58 0.39
-29.69 0.31
-28.77 0.23
-27.86 0.15
-26.91 0.07
-26.02 0.02
-25.24 -0.00
-24.58 0.03
-24.05 0.11
-23.60 0.20
-23.16 0.29
-22.70 0.33
-22.19 0.34
-21.70 0.33
-21.21 0.30
-20.67 0.26
-21.10 0.35
-20.46 0.28
-19.65 0.18
-18.69 0.05
-17.68 -0.10
-16.58 -0.26
-15.60 -0.40
-15.01 -0.48
-14.57 -0.53
-14.20 -0.58
-13.90 -0.61
-13.60 -0.65
-13.36 -0.68
-13.13 -0.71
-12.96 -0.86
-12.87 -0.88
-12.84 -0.88
-12.91 -0.87
-13.02 -0.85
-13.17 -0.83
-13.37 -0.80
-13.60 -0.77
-13.86 -0.73
-14.13 -0.70
-14.40 -0.66
-14.74 -0.61
-15.14 -0.56
-15.70 -0.48
-16.41 -0.37
-17.22 -0.26
-18.08 -0.14
-18.89 -0.02
-19.61 0.08
-20.26 0.16
-20.72 0.21
-20.92 0.21
-20.92 0.18
-20.75 0.11
-20.38 -0.00
-19.88 -0.14
-19.31 -0.30
-18.89 -0.45
-18.71 -0.57
-18.71 -0.66
-18.83 -0.71
-19.06 -0.72
-19.38 -0.70
-19.78 -0.65
-20.18 -0.59
-20.61 -0.51
-21.04 -0.42
-21.39 -0.34
-21.59 -0.28
-21.98 -0.20
-22.34 -0.13
-22.76 -0.05
-23.11 -0.00
-23.46 0.05
-23.79 0.08
-24.03 0.09
-24.14 0.07
-24.11 0.01
-23.95 -0.06
-23.72 -0.15
-23.49 -0.22
-23.33 -0.27
-23.25 -0.29
-23.23 -0.28
-23.25 -0.26
-23.31 -0.23
-23.40 -0.19
-23.51 -0.15
-23.62 -0.11
-23.72 -0.08
-23.82 -0.06
-23.89 -0.04
-23.92 -0.04
-23.94 -0.04
-23.92 -0.04
-23.88 -0.05
-23.83 -0.06
-23.77 -0.07
-23.71 -0.08
-23.65 -0.09
-23.60 -0.09
-23.59 -0.10
-23.57 -0.10
-23.59 -0.10
-23.59 -0.09
-23.60 -0.09
-23.63 -0.09
-23.66 -0.08
-23.68 -0.08
-23.71 -0.07
-23.72 -0.07
-23.74 -0.07
-23.74 -0.06
-23.74 -0.06
-23.74 -0.06
-23.74 -0.06
-23.74 -0.06
-23.72 -0.06
-23.72 -0.06
-23.74 -0.06
-23.72 -0.06
-23.72 -0.06
-23.72 -0.06
-23.72 -0.06
-23.72 -0.06
-23.74 -0.06
-23.72 -0.06
-23.72 -0.06
-23.72 -0.07
-23.72 -0.07
-23.72 -0.07
-23.72 -0.07
-23.72 -0.07
-23.72 -0.08
-23.72 -0.08
-23.72 -0.08
-23.71 -0.08
-23.71 -0.08
-23.69 -0.08
-23.68 -0.09
-23.66 -0.09
-23.63 -0.09
-23.60 -0.10
-23.56 -0.10
-23.52 -0.11
-23.51 -0.11
-23.49 -0.11
-23.48 -0.12
-23.46 -0.12
-23.46 -0.12
-23.45 -0.12
-23.45 -0.12
-23.45 -0.12
-23.45 -0.12
-23.45 -0.12
-23.45 -0.12
-23.45 -0.12
-23.45 -0.12
-23.45 -0.12
-23.45 -0.12
-23.43 -0.12
-23.45 -0.12
-23.45 -0.12
-23.45 -0.12
-23.45 -0.12
-23.45 -0.12
-23.45 -0.12
-23.45 -0.12
-23.45 -0.12
-23.45 -0.12
-23.43 -0.12
-23.43 -0.12
-23.45 -0.12
-23.45 -0.12
-23.45 -0.12
-23.45 -0.12
-23.45 -0.12
-23.45 -0.12
-23.45 -0.12
-23.45 -0.12
-23.45 -0.12
-23.45 -0.12
-23.45 -0.12
-23.45 -0.12
-23.45 -0.13
-23.45 -0.13
-23.45 -0.13
-23.45 -0.14
-23.46 -0.14
-23.46 -0.14
-23.46 -0.14
-23.46 -0.14
-23.48 -0.14
-23.48 -0.14
-23.48 -0.14
-23.49 -0.14
-23.51 -0.14
-23.52 -0.14
-23.54 -0.13
-23.56 -0.13
-23.57 -0.13
-23.59 -0.13
-23.59 -0.13
-23.59 -0.13
-23.59 -0.13
-23.59 -0.13
-23.59 -0.13
-23.59 -0.13
-23.59 -0.13
-23.59 -0.13
-23.60 -0.13
-23.60 -0.13
-23.60 -0.13
-23.60 -0.13
-23.60 -0.13
-23.60 -0.13
-23.60 -0.13
-23.60 -0.13
-23.60 -0.13
-23.60 -0.13
-23.60 -0.13
-23.60 -0.13
-23.60 -0.13
-23.60 -0.13
-23.59 -0.14
-23.60 -0.14
-23.59 -0.14
-23.59 -0.14
-23.57 -0.14
-23.57 -0.14
-23.54 -0.15
-23.52 -0.15
-23.49 -0.15
-23.46 -0.16
-23.42 -0.17
-23.37 -0.17
-23.33 -0.18
-23.29 -0.18
-23.25 -0.19
-23.20 -0.20
-23.13 -0.21
-23.06 -0.22
-22.97 -0.24
-22.88 -0.25
-22.79 -0.27
-22.68 -0.28
-22.57 -0.30
-22.48 -0.31
-22.39 -0.32
-22.30 -0.34
-22.22 -0.35
-22.14 -0.36
-22.07 -0.37
-22.01 -0.38
-21.95 -0.39
-21.88 -0.40
-21.84 -0.41
-21.81 -0.41
-21.78 -0.42
-21.73 -0.42
-21.70 -0.43
-21.67 -0.43
-21.61 -0.44
-21.56 -0.45
-21.50 -0.46
-21.44 -0.47
-21.99 -0.38
-21.91 -0.40
-21.84 -0.41
-21.73 -0.42
-21.64 -0.44
-21.52 -0.46
-21.41 -0.47
-21.29 -0.49
-21.16 -0.51
-21.06 -0.53
-20.93 -0.55
-20.83 -0.56
-20.72 -0.58
-20.64 -0.59
-20.55 -0.60
-20.46 -0.62
-20.37 -0.63
-20.27 -0.65
-20.21 -0.66
-20.12 -0.67
-20.04 -0.68
-19.97 -0.69
-19.89 -0.71
-19.80 -0.72
-19.71 -0.73
-19.63 -0.74
-19.54 -0.76
-19.46 -0.77
-19.37 -0.78
-19.29 -0.80
-19.20 -0.81
-19.12 -0.82
-19.05 -0.83
-18.97 -0.84
-18.89 -0.86
-18.80 -0.87
-18.73 -0.88
-18.65 -0.89
-18.57 -0.90
-18.48 -0.92
-18.40 -0.93
-18.33 -0.94
-18.25 -0.95
-18.16 -0.96
-18.08 -0.97
-18.02 -0.98
-17.94 -0.99
-17.88 -1.00
-17.84 -1.01
-17.77 -1.01
-17.73 -1.02
-17.70 -1.02
-17.65 -1.03
-17.61 -1.04
-17.58 -1.04
-17.54 -1.05
-17.51 -1.05
-17.50 -1.05
-17.47 -1.06
-17.44 -1.06
-17.41 -1.07
-17.36 -1.07
-17.33 -1.08
-17.28 -1.09
-17.24 -1.09
-17.19 -1.10
-17.15 -1.11
-17.08 -1.12
-17.04 -1.12
-16.98 -1.13
-16.93 -1.14
-16.89 -1.15
-16.84 -1.15
-16.81 -1.16
-16.76 -1.16
-16.73 -1.17
-16.70 -1.17
-16.67 -1.18
-16.64 -1.18
-16.61 -1.19
-16.56 -1.20
-16.53 -1.20
-16.49 -1.21
-16.44 -1.21
-16.39 -1.22
-16.35 -1.23
-16.29 -1.24
-16.23 -1.25
-16.18 -1.26
-16.12 -1.26
-16.07 -1.27
-16.03 -1.27
-16.00 -1.27
-16.00 -1.26
-15.98 -1.26
-15.98 -1.25
-15.98 -1.24
-15.98 -1.23
-15.98 -1.23
-15.98 -1.22
-15.98 -1.21
-16.00 -1.20
-16.04 -1.18
-16.12 -1.15
-16.21 -1.13
-16.32 -1.10
-16.44 -1.06
-16.59 -1.01
-16.73 -0.97
-16.90 -0.91
-17.08 -0.85
-17.25 -0.79
-17.47 -0.72
-17.67 -0.65
-17.87 -0.58
-18.10 -0.50
-18.31 -0.43
-18.53 -0.34
-18.79 -0.26
-19.03 -0.17
-19.29 -0.08
-19.57 0.01
-19.83 0.09
-20.07 0.17
-20.26 0.25
-20.41 0.30
-20.52 0.34
-20.66 0.37
-20.78 0.40
-20.90 0.43
-21.04 0.45
-21.18 0.47
-21.32 0.48
-21.45 0.49
-21.61 0.51
-21.75 0.51
-21.88 0.51
-16.85 -0.25
-21.67 0.44
-21.85 0.45
-22.13 0.46
-22.36 0.45
-22.56 0.44
-22.77 0.42
-22.96 0.39
-23.13 0.35
-23.31 0.29
-23.49 0.20
-23.68 0.08
-23.89 -0.02
-24.12 -0.12
-24.37 -0.18
-24.69 -0.20
-25.07 -0.19
-25.52 -0.16
-26.05 -0.10
-26.71 -0.02
-27.43 0.07
-28.16 0.17
-28.85 0.27
-29.41 0.34
-29.90 0.39
-30.36 0.45
-30.82 0.50
-31.19 0.53
-31.50 0.56
-31.74 0.58
-31.90 0.58
-31.99 0.57
-32.02 0.56
-32.00 0.53
-31.94 0.51
-31.84 0.47
-31.70 0.43
-31.53 0.38
-31.33 0.36
-31.11 0.29
-30.88 0.22
-30.67 0.15
-30.47 0.08
-30.32 0.00
-30.23 -0.07
-30.21 -0.13
-30.29 -0.19
-30.55 -0.21
-31.01 -0.20
-31.57 -0.17
-32.22 -0.11
-32.95 -0.01
-33.63 0.09
-34.30 0.20
-34.98 0.31
-35.56 0.40
-35.16 0.33
-35.62 0.40
-36.01 0.44
-36.34 0.47
-36.67 0.50
-36.96 0.51
-37.28 0.52
-37.60 0.54
-37.91 0.54
-38.17 0.54
-38.40 0.53
-38.58 0.51
-38.72 0.48
-38.81 0.45
-38.86 0.43
-38.84 0.40
-38.80 0.36
-38.75 0.33
-38.67 0.29
-38.57 0.25
-38.47 0.21
-38.35 0.17
-38.24 0.13
-38.15 0.09
-38.11 0.06
-38.06 0.02
-38.08 0.00
-38.11 -0.01
-38.18 -0.02
-38.32 -0.01
-38.61 0.03
-39.12 0.10
-39.81 0.21
-40.53 0.31
-41.20 0.41
-41.83 0.51
-42.32 0.58
-42.80 0.65
-43.24 0.72
-43.72 0.78
-44.18 0.85
-44.56 0.90
-44.88 0.94
-45.07 0.96
-45.10 0.96
-45.02 0.94
-44.85 0.90
-44.58 0.84
-44.29 0.79
-44.01 0.73
-43.78 0.67
-43.69 0.63
-43.76 0.65
-43.98 0.65
-44.30 0.67
-44.59 0.67
-44.98 0.68
-45.36 0.68
-45.71 0.67
-46.02 0.64
-46.33 0.59
-46.60 0.51
-46.83 0.40
-47.11 0.30
-47.40 0.22
-47.69 0.15
-48.00 0.12
-48.30 0.09
-48.64 0.08
-48.95 0.07
-49.41 0.09
-49.76 0.10
-50.16 0.14
-50.51 0.20
-50.83 0.28
-51.14 0.35
-51.43 0.42
-51.66 0.48
-51.86 0.53
-52.04 0.57
-52.18 0.60
-52.31 0.62
-52.44 0.63
-52.60 0.65
-52.77 0.65
-52.96 0.66
-53.23 0.69
-53.50 0.71
-53.81 0.74
-54.13 0.78
-54.45 0.83
-54.74 0.88
-55.00 0.93
-55.25 0.97
-55.46 1.01
-55.65 1.04
-55.79 1.05
-55.92 1.07
-56.05 1.09
-56.18 1.11
-56.31 1.12
-56.45 1.15
-56.61 1.17
-56.81 1.20
-57.01 1.23
-57.27 1.27
-57.55 1.31
-57.86 1.36
-58.16 1.40
-58.45 1.45
-58.71 1.48
-58.93 1.51
-59.11 1.54
-59.25 1.56
-59.36 1.58
-59.44 1.59
-59.51 1.60
-59.57 1.61
-59.62 1.62
-59.67 1.62
-59.71 1.63
-59.74 1.63
-59.76 1.64
-59.77 1.64
-59.77 1.64
-59.77 1.64
-59.76 1.64
-59.76 1.64
-59.76 1.64
-59.76 1.64
-59.74 1.63
-59.73 1.63
-59.71 1.63
-59.70 1.63
-59.68 1.62
-59.65 1.62
-59.63 1.62
-59.60 1.61
-59.57 1.61
-59.54 1.60
-59.51 1.60
-59.47 1.59
-59.40 1.58
-59.33 1.57
-59.25 1.56
-59.14 1.54
-59.04 1.53
-58.91 1.51
-58.78 1.49
-58.64 1.47
-58.50 1.45
-58.33 1.42
-58.19 1.40
-58.02 1.38
-57.86 1.35
-57.70 1.33
-57.52 1.30
-57.33 1.27
-57.14 1.24
-56.92 1.21
-56.64 1.17
-56.34 1.12
-56.03 1.08
-55.68 1.03
-55.33 0.97
-54.96 0.92
-54.62 0.87
-54.30 0.82
-53.99 0.78
-53.70 0.73
-53.47 0.70
-53.24 0.67
-53.04 0.64
-52.84 0.61
-52.61 0.57
-52.40 0.54
-52.12 0.50
-51.83 0.46
-51.49 0.41
-51.11 0.35
-50.76 0.30
-50.37 0.24
-49.96 0.18
-49.56 0.12
-49.15 0.06
-48.72 -0.00
-48.15 -0.09
-47.52 -0.17
-47.02 -0.24
-46.59 -0.29
-46.26 -0.32
-46.03 -0.33
-45.91 -0.33
-45.88 -0.31
-45.96 -0.27
-46.08 -0.22
-46.23 -0.17
-46.46 -0.10
-46.65 -0.03
-46.82 0.04
-46.95 0.12
-46.98 0.18
-46.82 0.22
-46.45 0.22
-45.80 0.16
-44.99 0.07
-43.95 -0.06
-42.77 -0.22
-41.57 -0.37
-40.56 -0.49
-39.69 -0.58
-39.00 -0.62
-38.51 -0.63
-38.09 -0.63
-37.77 -0.62
-37.52 -0.59
-37.32 -0.55
-37.19 -0.51
-37.09 -0.46
-37.03 -0.40
-37.03 -0.35
-37.03 -0.25
-37.03 -0.20
-37.03 -0.15
-37.02 -0.09
-37.00 -0.01
-36.99 0.08
-36.94 0.22
-36.86 0.42
-36.63 0.61
-36.28 0.77
-35.85 0.84
-35.32 0.85
-34.86 0.84
-34.24 0.80
-33.61 0.74
-32.91 0.66
-32.11 0.56
-31.22 0.31
-30.15 0.15
-29.08 -0.00
-28.05 -0.16
-27.08 -0.30
-26.30 -0.42
-25.72 -0.50
-25.35 -0.55
-25.10 -0.58
-24.98 -0.59
-24.97 -0.58
-25.04 -0.56
-25.21 -0.52
-25.44 -0.47
-25.73 -0.40
-26.07 -0.32
-26.44 -0.23
-26.79 -0.14
-27.16 -0.03
-27.51 0.09
-27.80 0.21
-27.99 0.33
-27.96 0.44
-27.74 0.52
-27.34 0.58
-26.81 0.61
-26.15 0.59
-25.49 0.54
-24.89 0.48
-24.34 0.40
-23.75 0.31
-23.19 0.20
-22.60 0.08
-22.01 -0.06
-21.35 -0.22
-21.38 -0.25
-20.87 -0.36
-20.44 -0.44
-20.14 -0.49
-19.91 -0.51
-19.77 -0.51
-19.75 -0.48
-19.81 -0.43
-19.95 -0.37
-20.15 -0.29
-20.37 -0.23
-20.60 -0.17
-20.81 -0.12
-20.98 -0.08
-21.13 -0.05
-21.27 -0.04
-21.39 -0.03
-21.50 -0.02
-21.99 0.04
-22.08 0.03
-22.16 0.01
-22.18 -0.04
-22.10 -0.10
-22.01 -0.16
-21.93 -0.21
-22.02 -0.22
-22.01 -0.24
-22.04 -0.24
-22.05 -0.24
-22.10 -0.23
-22.19 -0.20
-22.30 -0.18
-22.45 -0.16
-22.64 -0.13
-22.83 -0.10
-23.05 -0.07
-23.26 -0.04
-23.48 -0.01
-23.65 0.01
-23.77 0.01
-23.86 -0.00
-23.83 -0.03
-23.72 -0.08
-23.60 -0.12
-23.46 -0.16
-23.36 -0.19
-23.28 -0.20
-23.22 -0.21
-23.20 -0.21
-23.20 -0.21
-23.22 -0.21
-23.23 -0.21
-23.26 -0.20
-23.31 -0.20
-23.36 -0.19
-23.39 -0.19
-23.43 -0.18
-23.48 -0.18
-23.51 -0.18
-23.56 -0.18
-23.59 -0.18
-23.60 -0.19
-23.62 -0.19
-23.65 -0.19
-23.66 -0.19
-23.68 -0.19
-23.68 -0.20
-23.71 -0.19
-23.72 -0.19
-23.74 -0.19
-23.75 -0.19
-23.79 -0.18
-23.82 -0.18
-23.85 -0.17
-23.88 -0.17
-23.92 -0.16
-23.95 -0.16
-23.98 -0.16
-24.02 -0.16
-24.05 -0.15
-24.09 -0.15
-24.11 -0.15
-24.14 -0.14
-24.17 -0.14
-24.18 -0.14
-24.18 -0.14
-24.18 -0.14
-24.18 -0.14
-24.17 -0.14
-24.17 -0.14
-24.14 -0.15
-24.11 -0.15
-24.08 -0.16
-24.03 -0.17
-23.98 -0.17
-23.91 -0.19
-23.83 -0.20
-23.74 -0.22
-23.63 -0.23
-23.51 -0.25
-23.40 -0.27
-23.28 -0.29
-23.17 -0.31
-23.08 -0.33
-23.00 -0.34
-22.91 -0.36
-22.85 -0.37
-22.80 -0.38
-22.76 -0.38
-22.73 -0.39
-22.70 -0.40
-22.67 -0.41
-22.65 -0.41
-22.64 -0.41
-22.62 -0.42
-22.59 -0.43
-22.57 -0.43
-22.54 -0.44
-22.51 -0.45
-22.47 -0.46
-22.42 -0.47
-22.37 -0.47
-22.31 -0.49
-22.27 -0.50
-22.19 -0.51
-22.13 -0.52
-22.07 -0.53
-22.01 -0.54
-21.93 -0.55
-21.87 -0.56
-21.82 -0.57
-21.75 -0.58
-21.70 -0.59
-21.64 -0.60
-21.59 -0.60
-21.53 -0.61
-21.49 -0.62
-21.42 -0.63
-21.36 -0.64
-21.30 -0.65
-21.24 -0.66
-21.16 -0.67
-21.10 -0.68
-21.04 -0.69
-20.98 -0.69
-20.92 -0.70
-20.87 -0.71
-20.83 -0.72
-20.78 -0.73
-20.73 -0.74
-20.70 -0.74
-20.67 -0.75
-20.64 -0.75
-20.61 -0.76
-20.58 -0.77
-20.57 -0.77
-20.52 -0.78
-20.50 -0.78
-20.46 -0.79
-20.43 -0.80
-20.40 -0.81
-20.35 -0.82
-20.30 -0.82
-20.27 -0.83
-20.24 -0.84
-20.20 -0.85
-20.15 -0.86
-20.11 -0.87
-20.04 -0.88
-19.98 -0.89
-19.92 -0.90
-19.86 -0.92
-19.78 -0.93
-19.72 -0.94
-19.65 -0.96
-19.58 -0.97
-19.52 -0.98
-19.48 -0.99
-19.43 -1.00
-19.38 -1.00
-19.34 -1.01
-19.29 -1.02
-19.25 -1.03
-19.22 -1.03
-19.19 -1.04
-19.14 -1.04
-19.09 -1.05
-19.06 -1.06
-19.03 -1.06
-19.00 -1.07
-18.97 -1.08
-18.94 -1.08
-18.91 -1.09
-18.86 -1.09
-18.82 -1.10
-18.76 -1.11
-18.71 -1.12
-18.66 -1.12
-18.62 -1.13
-18.57 -1.14
-18.54 -1.14
-18.51 -1.15
-18.48 -1.15
-18.45 -1.16
-18.43 -1.16
-18.40 -1.17
-18.39 -1.17
-18.37 -1.18
-18.36 -1.19
-18.34 -1.20
-18.33 -1.21
-18.31 -1.22
-18.30 -1.23
-18.28 -1.24
-18.28 -1.25
-18.27 -1.27
-18.27 -1.28
-18.25 -1.30
-18.25 -1.31
-18.23 -1.32
-18.23 -1.33
-18.23 -1.34
-18.23 -1.35
-18.23 -1.36
-18.23 -1.37
-18.23 -1.37
-18.23 -1.37
-18.23 -1.37
-18.23 -1.37
-18.23 -1.37
-18.23 -1.36
-18.23 -1.36
-18.23 -1.36
-18.23 -1.36
-18.23 -1.36
-18.23 -1.36
-18.22 -1.36
-18.23 -1.36
-18.23 -1.36
-18.23 -1.36
-18.23 -1.36
-18.23 -1.35
-18.23 -1.35
-18.23 -1.35
-18.23 -1.35
-18.22 -1.35
-18.23 -1.34
-18.22 -1.33
-18.22 -1.33
-18.22 -1.32
-18.22 -1.31
-18.22 -1.30
-18.22 -1.29
-18.22 -1.28
-18.22 -1.27
-18.23 -1.25
-18.23 -1.24
-18.27 -1.22
-18.30 -1.20
-18.34 -1.18
-18.39 -1.15
-18.45 -1.12
-18.51 -1.08
-18.57 -1.04
-18.66 -0.98
-18.74 -0.93
-18.85 -0.87
-18.94 -0.81
-19.05 -0.74
-19.17 -0.67
-19.31 -0.60
-19.43 -0.52
-19.58 -0.43
-19.72 -0.35
-19.88 -0.27
-20.03 -0.19
-20.18 -0.11
-20.35 -0.04
-20.52 0.04
-20.69 0.11
-20.84 0.18
-20.93 0.23
-20.99 0.27
-21.04 0.30
-21.10 0.32
-21.16 0.34
-21.24 0.36
-21.32 0.37
-21.39 0.38
-21.47 0.39
-21.55 0.39
-21.61 0.39
-21.68 0.38
-21.75 0.37
-21.82 0.36
-21.90 0.34
-21.96 0.32
-22.05 0.30
-22.04 0.26
-22.14 0.24
-22.27 0.20
-22.39 0.16
-22.53 0.11
-22.68 0.04
-22.83 -0.05
-22.99 -0.13
-23.16 -0.19
-23.42 -0.23
-23.69 -0.23
-24.00 -0.22
-24.34 -0.18
-24.64 -0.13
-24.97 -0.06
-25.27 0.02
-25.63 0.11
-26.01 0.20
-26.41 0.30
-26.76 0.38
-27.11 0.45
-27.45 0.50
-27.74 0.54
-27.99 0.56
-28.22 0.57
-28.39 0.56
-28.51 0.55
-28.58 0.51
-28.60 0.47
-28.58 0.42
-28.54 0.38
-28.45 0.32
-28.34 0.27
-28.20 0.22
-28.06 0.16
-27.93 0.11
-27.80 0.06
-27.66 0.01
-27.54 -0.04
-27.47 -0.07
-27.43 -0.10
-27.54 -0.10
-27.77 -0.07
-28.09 -0.02
-28.57 0.05
-29.09 0.13
-29.66 0.22
-30.18 0.30
-30.72 0.38
-31.19 0.45
-31.59 0.51
-31.94 0.56
-32.20 0.60
-32.37 0.62
-32.46 0.63
-32.46 0.62
-32.42 0.60
-32.30 0.58
-32.14 0.55
-31.94 0.51
-31.73 0.47
-31.48 0.43
-31.24 0.38
-31.02 0.34
-30.84 0.31
-30.70 0.28
-30.64 0.26
-30.64 0.25
-30.69 0.25
-30.79 0.25
-30.92 0.25
-31.07 0.28
-31.24 0.29
-31.39 0.29
-31.54 0.29
-31.70 0.28
-31.84 0.28
-31.93 0.26
-32.00 0.23
-32.03 0.20
-32.05 0.15
-32.03 0.10
-32.00 0.03
-31.97 -0.04
-31.96 -0.12
-31.97 -0.20
-32.13 -0.24
-32.43 -0.23
-32.83 -0.19
-33.34 -0.11
-33.91 -0.00
-34.44 0.11
-34.99 0.24
-35.56 0.35
-36.01 0.46
-35.48 0.39
-35.78 0.45
-35.98 0.47
-36.11 0.48
-36.21 0.47
-36.24 0.45
-36.21 0.41
-36.14 0.36
-36.07 0.31
-35.96 0.26
-35.82 0.19
-35.70 0.13
-35.56 0.07
-35.44 0.01
-35.33 -0.03
-35.27 -0.06
-36.24 0.09
-22.14 -1.90
-35.84 0.06
-36.02 0.14
-36.39 0.22
-36.70 0.31
-36.93 0.39
-37.11 0.45
-37.23 0.49
-37.29 0.51
-37.32 0.51
-37.32 0.50
-37.29 0.47
-37.25 0.44
-37.17 0.40
-37.06 0.35
-36.93 0.29
-36.73 0.23
-36.54 0.17
-36.33 0.10
-36.10 0.05
-35.90 0.00
-35.76 -0.03
-35.64 -0.05
-36.14 0.04
-22.04 -1.90
-35.84 0.06
-36.05 0.16
-36.40 0.25
-36.70 0.36
-36.90 0.45
-37.02 0.50
-37.08 0.55
-37.13 0.57
-37.17 0.58
-37.22 0.58
-37.26 0.56
-37.32 0.54
-37.40 0.51
-37.49 0.48
-37.60 0.45
-37.74 0.43
-37.92 0.40
-38.11 0.38
-38.29 0.36
-38.51 0.36
-38.69 0.35
-38.86 0.35
-39.03 0.35
-39.16 0.35
-39.30 0.35
-39.46 0.35
-39.58 0.34
-39.70 0.33
-39.82 0.32
-39.93 0.31
-40.04 0.30
-40.16 0.29
-40.28 0.28
-40.42 0.28
-40.56 0.28
-40.70 0.28
-40.82 0.28
-40.94 0.28
-41.05 0.27
-41.16 0.27
-41.25 0.26
-41.33 0.25
-41.40 0.29
-41.45 0.27
-41.50 0.25
-41.54 0.22
-41.59 0.20
-41.62 0.16
-41.66 0.13
-41.69 0.10
-41.74 0.07
-41.79 0.03
-41.82 -0.01
-41.86 -0.05
-41.97 -0.07
-42.22 -0.07
-42.52 -0.05
-42.94 0.00
-43.41 0.07
-43.96 0.15
-44.42 0.22
-44.79 0.26
-44.99 0.28
-45.08 0.28
-45.08 0.26
-45.04 0.23
-44.93 0.19
-44.76 0.14
-44.61 0.09
-44.49 0.05
-44.38 0.00
-44.32 -0.02
-44.33 -0.03
-44.45 -0.01
-44.76 0.04
-45.16 0.11
-45.57 0.19
-45.77 0.23
-45.85 0.24
-45.87 0.24
-45.85 0.23
-45.83 0.22
-45.82 0.21
-45.83 0.20
-45.83 0.19
-45.90 0.19
-46.00 0.19
-46.16 0.20
-46.36 0.22
-46.57 0.24
-46.80 0.26
-47.00 0.27
-47.20 0.29
-47.40 0.30
-47.58 0.31
-47.74 0.32
-47.89 0.32
-48.03 0.32
-48.13 0.32
-48.26 0.32
-48.35 0.31
-48.44 0.31
-48.53 0.31
-48.63 0.30
-48.72 0.30
-48.81 0.30
-48.90 0.30
-49.01 0.30
-49.10 0.30
-49.19 0.30
-49.28 0.30
-49.35 0.29
-49.41 0.28
-49.47 0.27
-49.56 0.26
-49.65 0.25
-49.74 0.23
-49.97 0.24
-50.14 0.24
-50.33 0.24
-50.54 0.25
-50.74 0.27
-50.96 0.30
-51.16 0.34
-51.34 0.38
-51.49 0.41
-51.65 0.44
-51.77 0.47
-51.89 0.49
-51.98 0.51
-52.08 0.52
-52.15 0.53
-52.20 0.53
-52.26 0.53
-52.31 0.53
-52.34 0.54
-52.37 0.54
-52.38 0.55
-52.40 0.55
-52.41 0.55
-52.41 0.55
-52.41 0.55
-52.41 0.55
-52.41 0.55
-52.41 0.55
-52.41 0.55
-52.41 0.55
-52.41 0.55
-52.41 0.55
-52.41 0.55
-52.41 0.55
-52.41 0.55
-52.41 0.55
-52.41 0.55
-52.41 0.55
-52.41 0.55
-52.40 0.55
-52.40 0.55
-52.40 0.55
-52.40 0.55
-52.40 0.55
-52.40 0.55
-52.40 0.55
-52.40 0.55
-52.40 0.55
-52.40 0.55
-52.38 0.55
-52.38 0.55
-52.38 0.55
-52.37 0.55
-52.37 0.55
-52.37 0.55
-52.35 0.54
-52.34 0.54
-52.32 0.54
-52.31 0.54
-52.27 0.53
-52.26 0.53
-52.23 0.53
-52.18 0.52
-52.15 0.51
-52.12 0.51
-52.08 0.50
-52.04 0.50
-52.00 0.49
-51.95 0.48
-51.92 0.48
-51.89 0.47
-51.86 0.47
-51.83 0.47
-51.80 0.46
-51.78 0.46
-51.75 0.45
-51.72 0.45
-51.71 0.45
-51.69 0.45
-51.69 0.45
-51.68 0.44
-51.66 0.44
-51.66 0.44
-51.65 0.44
-51.65 0.44
-51.66 0.44
-51.66 0.44
-51.66 0.44
-51.66 0.44
-51.66 0.44
-51.66 0.44
-51.66 0.44
-51.66 0.44
-51.68 0.44
-51.68 0.44
-51.69 0.45
-51.69 0.45
-51.71 0.45
-51.71 0.45
-51.71 0.45
-51.71 0.45
-51.72 0.45
-51.71 0.45
-51.72 0.45
-51.71 0.45
-51.71 0.45
-51.71 0.45
-51.69 0.45
-51.69 0.45
-51.66 0.44
-51.65 0.44
-51.62 0.43
-51.60 0.43
-51.55 0.42
-51.51 0.42
-51.46 0.41
-51.40 0.40
-51.34 0.39
-51.26 0.38
-51.19 0.37
-51.11 0.36
-51.02 0.34
-50.94 0.33
-50.85 0.32
-50.76 0.31
-50.66 0.29
-50.56 0.28
-50.45 0.26
-50.34 0.24
-50.20 0.22
-50.05 0.20
-49.81 0.16
-49.59 0.13
-49.33 0.09
-48.99 0.04
-48.58 -0.02
-48.13 -0.08
-47.75 -0.13
-47.48 -0.17
-47.28 -0.18
-47.15 -0.19
-47.09 -0.18
-47.11 -0.16
-47.14 -0.13
-47.17 -0.11
-47.23 -0.07
-47.32 -0.04
-47.34 -0.01
-47.35 0.01
-47.32 0.03
-47.23 0.04
-46.95 0.01
-46.43 -0.05
-45.76 -0.14
-45.04 -0.23
-44.47 -0.30
-44.07 -0.32
-43.81 -0.32
-43.64 -0.28
-43.58 -0.22
-43.60 -0.14
-43.63 -0.04
-43.66 0.07
-43.73 0.18
-43.73 0.25
-43.50 0.27
-43.06 0.25
-42.37 0.18
-41.46 0.07
-40.51 -0.05
-39.64 -0.16
-38.93 -0.23
-38.49 -0.27
-38.20 -0.28
-38.05 -0.26
-38.00 -0.23
-38.06 -0.18
-38.17 -0.13
-38.31 -0.07
-38.51 0.00
-38.70 0.08
-38.87 0.15
-38.92 0.21
-38.81 0.25
-38.58 0.27
-38.26 0.28
-37.88 0.29
-37.51 0.31
-37.14 0.33
-36.70 0.35
-36.27 0.36
-35.84 0.36
-34.96 0.29
-34.50 0.26
-34.06 0.23
-33.61 0.18
-33.14 0.11
-32.63 0.03
-32.08 -0.06
-31.48 -0.16
-30.96 -0.23
-30.56 -0.28
-30.33 -0.29
-30.21 -0.28
-30.18 -0.24
-30.19 -0.20
-30.19 -0.16
-30.19 -0.11
-30.19 -0.07
-30.19 -0.03
-30.19 0.02
-30.18 0.06
-30.09 0.08
-29.84 0.07
-29.47 0.04
-29.04 -0.00
-28.54 -0.06
-27.99 -0.12
-27.54 -0.24
-27.20 -0.27
-26.94 -0.29
-26.73 -0.30
-26.58 -0.30
-26.44 -0.30
-26.32 -0.30
-26.22 -0.29
-26.15 -0.28
-26.09 -0.27
-26.02 -0.27
-25.98 -0.27
-25.95 -0.27
-25.95 -0.26
-25.95 -0.26
-25.95 -0.26
-25.95 -0.26
-25.98 -0.25
-26.01 -0.25
-26.02 -0.25
-26.04 -0.25
-26.05 -0.24
-26.05 -0.24
-26.07 -0.24
-26.07 -0.24
-26.07 -0.24
-26.07 -0.24
-26.07 -0.24
-26.07 -0.24
-26.09 -0.24
-26.10 -0.24
-26.10 -0.24
-26.12 -0.24
-26.12 -0.24
-26.12 -0.24
-26.12 -0.24
-26.12 -0.25
-26.15 -0.25
-26.16 -0.25
-26.18 -0.25
-26.18 -0.25
-26.18 -0.25
-26.18 -0.25
-26.18 -0.25
-26.18 -0.26
-26.19 -0.25
-26.19 -0.26
-26.19 -0.26
-26.19 -0.26
-26.19 -0.26
-26.21 -0.26
-26.21 -0.26
-26.21 -0.27
-26.21 -0.27
-26.21 -0.27
-26.21 -0.27
-26.21 -0.27
-26.22 -0.27
-26.22 -0.28
-26.27 -0.27
-26.30 -0.27
-26.33 -0.26
-26.35 -0.26
-26.36 -0.26
-26.36 -0.26
-26.38 -0.26
-26.38 -0.26
-26.38 -0.26
-26.38 -0.26
-26.38 -0.26
-26.39 -0.26
-26.38 -0.26
-26.39 -0.26
-26.39 -0.26
-26.39 -0.26
-26.41 -0.26
-26.41 -0.26
-26.42 -0.26
-26.44 -0.25
-26.44 -0.25
-26.45 -0.25
-26.47 -0.25
-26.51 -0.24
-26.53 -0.24
-26.55 -0.24
-26.58 -0.24
-26.61 -0.23
-26.62 -0.23
-26.65 -0.23
-26.65 -0.23
-26.65 -0.23
-26.65 -0.23
-26.67 -0.23
-26.67 -0.23
-26.67 -0.23
-26.67 -0.23
-26.67 -0.23
-26.68 -0.22
-26.68 -0.22
-26.68 -0.23
-26.70 -0.22
-26.70 -0.22
-26.71 -0.22
-26.71 -0.22
-26.71 -0.22
-26.73 -0.22
-26.73 -0.22
-26.74 -0.22
-26.74 -0.22
-26.76 -0.21
-26.76 -0.21
-26.78 -0.21
-26.79 -0.21
-26.81 -0.21
-26.81 -0.21
-26.82 -0.20
-26.82 -0.20
-26.84 -0.20
-26.85 -0.20
-26.87 -0.20
-26.88 -0.19
-26.90 -0.19
-26.91 -0.19
-26.94 -0.19
-26.96 -0.18
-26.99 -0.18
-27.02 -0.18
-27.05 -0.17
-27.08 -0.16
-27.11 -0.16
-27.13 -0.16
-27.16 -0.15
-27.19 -0.15
-27.20 -0.15
-27.24 -0.14
-27.25 -0.14
-27.25 -0.14
-27.25 -0.14
-27.27 -0.14
-27.25 -0.14
-27.25 -0.14
-27.25 -0.14
-27.27 -0.14
-27.25 -0.14
-27.25 -0.14
-27.25 -0.14
-27.27 -0.14
-27.27 -0.14
-27.27 -0.14
-27.27 -0.14
-27.27 -0.14
-27.27 -0.14
-27.27 -0.14
-27.27 -0.14
-27.27 -0.14
-27.27 -0.14
-27.27 -0.14
-27.25 -0.14
-27.27 -0.14
-27.27 -0.14
-27.27 -0.13
-27.25 -0.14
-27.25 -0.14
-27.27 -0.13
-27.25 -0.14
-27.25 -0.14
-27.27 -0.13
-27.27 -0.13
-27.27 -0.13
-27.27 -0.13
-27.27 -0.13
-27.27 -0.13
-27.27 -0.13
-27.27 -0.13
-27.27 -0.13
-27.27 -0.13
-27.27 -0.13
-27.27 -0.13
-27.27 -0.13
-27.27 -0.13
-27.27 -0.13
-27.27 -0.14
-27.27 -0.14
-27.27 -0.14
-27.27 -0.14
-27.27 -0.14
-27.28 -0.14
-27.28 -0.14
-27.28 -0.14
-27.28 -0.14
-27.28 -0.14
-27.28 -0.14
-27.28 -0.14
-27.28 -0.14
-27.28 -0.14
-27.28 -0.14
-27.28 -0.14
-27.28 -0.14
-27.28 -0.14
-27.28 -0.14
-27.28 -0.14
-27.28 -0.14
-27.28 -0.14
-27.28 -0.14
-27.30 -0.13
-27.28 -0.13
-27.28 -0.13
-27.28 -0.13
-27.28 -0.14
-27.30 -0.13
-27.30 -0.13
-27.30 -0.13
-27.30 -0.13
-27.30 -0.13
-27.30 -0.13
-27.31 -0.13
-27.31 -0.13
-27.31 -0.13
-27.31 -0.13
-27.33 -0.13
-27.33 -0.13
-27.33 -0.13
-27.34 -0.12
-27.34 -0.12
-27.34 -0.12
-27.36 -0.12
-27.36 -0.12
-27.37 -0.12
-27.37 -0.12
-27.37 -0.12
-27.37 -0.12
-27.37 -0.12
-27.37 -0.12
-27.37 -0.12
-27.37 -0.12
-27.37 -0.12
-27.37 -0.12
-27.37 -0.12
-27.37 -0.12
-27.37 -0.12
-27.36 -0.12
-27.36 -0.12
-27.36 -0.12
-27.36 -0.12
-27.36 -0.12
-27.36 -0.12
-27.34 -0.12
-27.34 -0.12
-27.34 -0.12
-27.33 -0.13
-27.31 -0.13
-27.30 -0.13
-27.30 -0.13
-27.30 -0.13
-27.28 -0.13
-27.28 -0.13
-27.27 -0.14
-27.27 -0.14
-27.25 -0.14
-27.24 -0.14
-27.24 -0.14
-27.24 -0.14
-27.24 -0.14
-27.24 -0.14
-27.22 -0.14
-27.22 -0.14
-27.22 -0.14
-27.22 -0.14
-27.22 -0.14
-27.22 -0.14
-27.22 -0.14
-27.22 -0.14
-27.22 -0.14
-27.20 -0.14
-27.20 -0.14
-27.22 -0.14
-27.20 -0.14
-27.20 -0.14
-27.20 -0.14
-27.20 -0.14
-27.20 -0.14
-27.20 -0.14
-27.20 -0.14
-27.20 -0.14
-27.20 -0.14
-27.20 -0.14
-27.20 -0.14
-27.20 -0.14
-27.20 -0.14
-27.20 -0.14
-27.20 -0.14
-27.20 -0.15
-27.20 -0.15
-27.20 -0.15
-27.20 -0.15
-27.20 -0.15
-27.20 -0.15
-27.20 -0.15
-27.20 -0.15
-27.20 -0.15
-27.20 -0.15
-27.20 -0.15
-27.20 -0.15
-27.20 -0.15
-27.20 -0.15
-27.20 -0.15
-27.20 -0.15
-27.20 -0.15
-27.20 -0.15
-27.20 -0.15
-27.20 -0.15
-27.20 -0.15
-27.20 -0.15
-27.20 -0.15
-27.20 -0.15
-27.20 -0.15
-27.20 -0.15
-27.20 -0.15
-27.20 -0.15
-27.20 -0.15
-27.20 -0.15
-27.20 -0.15
-27.20 -0.15
-27.20 -0.15
-27.20 -0.15
-27.20 -0.15
-27.20 -0.15
-27.20 -0.15
-27.20 -0.15
-27.20 -0.15
-27.20 -0.15
-27.20 -0.15
-27.20 -0.15
-27.20 -0.15
-27.20 -0.15
-27.20 -0.15
-27.22 -0.15
-27.22 -0.15
-27.22 -0.15
-27.22 -0.15
-27.22 -0.15
-27.22 -0.15
-27.22 -0.15
-27.22 -0.15
-27.22 -0.15
-27.22 -0.15
-27.22 -0.15
-27.22 -0.15
-27.22 -0.15
-27.19 -0.15
-27.17 -0.15
-27.14 -0.16
-27.11 -0.16
-27.05 -0.17
-26.97 -0.18
-26.88 -0.20
-26.78 -0.21
-26.64 -0.23
-26.50 -0.25
-26.35 -0.28
-26.19 -0.30
-26.04 -0.32
-25.87 -0.35
-25.73 -0.37
-25.58 -0.39
-25.46 -0.41
-25.35 -0.42
-25.24 -0.44
-25.15 -0.45
-25.07 -0.46
-24.98 -0.47
-24.89 -0.49
-24.81 -0.50
-24.72 -0.51
-24.61 -0.53
-24.52 -0.54
-24.41 -0.56
-24.31 -0.57
-24.18 -0.59
-24.06 -0.61
-23.95 -0.63
-23.85 -0.64
-23.74 -0.66
-23.66 -0.67
-23.59 -0.68
-23.52 -0.69
-23.46 -0.70
-23.43 -0.70
-23.3