
1.16 -02.68 -0.5039 1.8262 1.3223
2.68 -0.5039 0.9495 0.4456
2.71 -0.5131 -1.2347 -1.7478
2.80 -0.5407 0.9371 0.3964
2.88 -0.5637 0.7830 0.2193
2.89 -0.5683 0.2980 -0.2703
2.96 -0.5867 0.3266 -0.2601
3.02 -0.6051 -0.3248 -0.9299
3.03 -0.6097 -0.2115 -0.8212
3.05 -0.6143 0.1592 -0.4551
3.02 -0.6051 0.0329 -0.5722
2.97 -0.5913 0.0546 -0.5367
2.93 -0.5775 -0.0310 -0.6085
2.88 -0.5637 -0.0463 -0.6100
2.83 -0.5499 0.0468 -0.5031
2.79 -0.5361 0.0330 -0.5031
2.74 -0.5223 0.0057 -0.5166
2.73 -0.5177 -0.0045 -0.5222
2.71 -0.5131 0.0100 -0.5031
2.71 -0.5131 -0.0086 -0.5217
2.71 -0.5131 -0.0082 -0.5213
2.71 -0.5131 -0.0013 -0.5144
2.71 -0.5131 -0.0055 -0.5186
2.71 -0.5131 -0.0006 -0.5137
2.71 -0.5131 0.0021 -0.5110
2.71 -0.5131 -0.0023 -0.5154
2.71 -0.5131 0.0002 -0.5129
2.71 -0.5131 0.0007 -0.5124
2.70 -0.5085 0.0010 -0.5075
2.70 -0.5085 0.0003 -0.5083
2.71 -0.5131 -0.0003 -0.5134
2.70 -0.5085 -0.0005 -0.5090
2.70 -0.5085 -0.0001 -0.5086
2.70 -0.5085 0.0002 -0.5083
2.70 -0.5085 0.0001 -0.5084
2.70 -0.5085 -0.0001 -0.5086
2.70 -0.5085 -0.0001 -0.5086
2.68 -0.5039 0.0000 -0.5039
2.68 -0.5039 0.0000 -0.5039
2.68 -0.5039 0.0000 -0.5039
2.66 -0.4993 0.0000 -0.4993
2.66 -0.4993 -0.0000 -0.4993
2.66 -0.4993 -0.0000 -0.4993
2.65 -0.4947 -0.0000 -0.4947
2.65 -0.4947 0.0000 -0.4947
2.63 -0.4901 0.0000 -0.4901
2.63 -0.4901 0.0000 -0.4901
2.62 -0.4855 0.0000 -0.4855
2.62 -0.4855 -0.0000 -0.4855
2.60 -0.4809 0.0000 -0.4809
2.60 -0.4809 -0.0000 -0.4809
2.59 -0.4763 -0.0000 -0.4763
2.59 -0.4763 0.0000 -0.4763
2.57 -0.4717 -0.0000 -0.4717
2.57 -0.4717 -0.0000 -0.4717
2.56 -0.4671 -0.0000 -0.4671
2.54 -0.4625 -0.0000 -0.4625
2.53 -0.4579 0.0000 -0.4579
2.53 -0.4579 0.0000 -0.4579
2.51 -0.4533 0.0000 -0.4533
2.50 -0.4487 0.0000 -0.4487
2.50 -0.4487 0.0000 -0.4487
2.48 -0.4441 0.0000 -0.4441
2.47 -0.4395 -0.0000 -0.4395
2.45 -0.4349 -0.0000 -0.4349
2.45 -0.4349 0.0000 -0.4349
2.43 -0.4303 0.0000 -0.4303
2.43 -0.4303 0.0000 -0.4303
2.42 -0.4257 0.0000 -0.4257
2.42 -0.4257 0.0000 -0.4257
2.40 -0.4211 0.0000 -0.4211
2.40 -0.4211 0.0000 -0.4211
2.40 -0.4211 0.0000 -0.4211
2.39 -0.4165 0.0000 -0.4165
2.39 -0.4165 0.0000 -0.4165
2.39 -0.4165 -0.0000 -0.4165
2.37 -0.4119 -0.0000 -0.4119
2.37 -0.4119 -0.0000 -0.4119
2.37 -0.4119 -0.0000 -0.4119
2.37 -0.4119 0.0000 -0.4119
2.36 -0.4073 0.0000 -0.4073
2.36 -0.4073 0.0000 -0.4073
2.36 -0.4073 -0.0000 -0.4073
2.34 -0.4027 -0.0000 -0.4027
2.34 -0.4027 0.0000 -0.4027
2.33 -0.3981 -0.0000 -0.3981
2.33 -0.3981 0.0000 -0.3981
2.31 -0.3935 -0.0000 -0.3935
2.30 -0.3889 0.0000 -0.3889
2.28 -0.3843 0.0000 -0.3843
2.27 -0.3797 -0.0000 -0.3797
2.25 -0.3751 0.0000 -0.3751
2.24 -0.3705 0.0000 -0.3705
2.22 -0.3659 0.0000 -0.3659
2.20 -0.3613 -0.0000 -0.3613
2.17 -0.3521 0.0000 -0.3521
2.16 -0.3475 -0.0000 -0.3475
2.14 -0.3429 0.0000 -0.3429
2.11 -0.3337 0.0000 -0.3337
2.10 -0.3291 0.0000 -0.3291
2.08 -0.3245 0.0000 -0.3245
2.07 -0.3199 0.0000 -0.3199
2.05 -0.3153 0.0000 -0.3153
2.04 -0.3107 0.0000 -0.3107
2.02 -0.3061 -0.0000 -0.3061
2.01 -0.3015 -0.0000 -0.3015
1.99 -0.2969 -0.0000 -0.2969
1.99 -0.2969 0.0000 -0.2969
1.99 -0.2969 -0.0000 -0.2969
1.97 -0.2923 -0.0000 -0.2923
1.97 -0.2923 0.0000 -0.2923
1.96 -0.2877 -0.0000 -0.2877
1.96 -0.2877 -0.0000 -0.2877
1.96 -0.2877 -0.0000 -0.2877
1.96 -0.2877 0.0000 -0.2877
1.94 -0.2831 0.0000 -0.2831
1.94 -0.2831 0.0000 -0.2831
1.93 -0.2785 -0.0000 -0.2785
1.91 -0.2739 -0.0000 -0.2739
1.91 -0.2739 0.0000 -0.2739
1.91 -0.2739 -0.0000 -0.2739
1.90 -0.2693 -0.0000 -0.2693
1.90 -0.2693 -0.0000 -0.2693
1.88 -0.2647 0.0000 -0.2647
1.88 -0.2647 -0.0000 -0.2647
1.88 -0.2647 0.0000 -0.2647
1.88 -0.2647 -0.0000 -0.2647
1.88 -0.2647 -0.0000 -0.2647
1.88 -0.2647 0.0000 -0.2647
1.88 -0.2647 0.0000 -0.2647
1.88 -0.2647 -0.0000 -0.2647
1.88 -0.2647 0.0000 -0.2647
1.88 -0.2647 0.0000 -0.2647
1.88 -0.2647 0.0000 -0.2647
1.88 -0.2647 0.0000 -0.2647
1.88 -0.2647 -0.0000 -0.2647
1.88 -0.2647 0.0000 -0.2647
1.88 -0.2647 0.0000 -0.2647
1.88 -0.2647 0.0000 -0.2647
1.88 -0.2647 0.0000 -0.2647
1.88 -0.2647 -0.0000 -0.2647
1.88 -0.2647 0.0000 -0.2647
1.88 -0.2647 0.0000 -0.2647
1.88 -0.2647 -0.0000 -0.2647
1.88 -0.2647 -0.0000 -0.2647
1.88 -0.2647 0.0000 -0.2647
1.88 -0.2647 0.0000 -0.2647
1.88 -0.2647 0.0000 -0.2647
1.88 -0.2647 0.0000 -0.2647
1.88 -0.2647 -0.0000 -0.2647
1.88 -0.2647 -0.0000 -0.2647
1.88 -0.2647 0.0000 -0.2647
1.88 -0.2647 0.0000 -0.2647
1.88 -0.2647 -0.0000 -0.2647
1.88 -0.2647 -0.0000 -0.2647
1.88 -0.2647 0.0000 -0.2647
1.88 -0.2647 -0.0000 -0.2647
1.88 -0.2647 -0.0000 -0.2647
1.88 -0.2647 -0.0000 -0.2647
1.88 -0.2647 -0.0000 -0.2647
1.88 -0.2647 -0.0000 -0.2647
1.88 -0.2647 -0.0000 -0.2647
1.88 -0.2647 -0.0000 -0.2647
1.88 -0.2647 0.0000 -0.2647
1.88 -0.2647 -0.0000 -0.2647
1.88 -0.2647 -0.0000 -0.2647
1.88 -0.2647 0.0000 -0.2647
1.88 -0.2647 -0.0000 -0.2647
1.88 -0.2647 0.0000 -0.2647
1.88 -0.2647 0.0000 -0.2647
1.88 -0.2647 -0.0000 -0.2647
1.88 -0.2647 -0.0000 -0.2647
1.88 -0.2647 0.0000 -0.2647
1.88 -0.2647 -0.0000 -0.2647
1.88 -0.2647 -0.0000 -0.2647
1.88 -0.2647 0.0000 -0.2647
1.88 -0.2647 0.0000 -0.2647
1.88 -0.2647 -0.0000 -0.2647
1.88 -0.2647 -0.0000 -0.2647
1.88 -0.2647 -0.0000 -0.2647
1.88 -0.2647 -0.0000 -0.2647
1.88 -0.2647 0.0000 -0.2647
1.88 -0.2647 0.0000 -0.2647
1.88 -0.2647 -0.0000 -0.2647
1.88 -0.2647 -0.0000 -0.2647
1.88 -0.2647 0.0000 -0.2647
1.88 -0.2647 0.0000 -0.2647
1.88 -0.2647 -0.0000 -0.2647
1.88 -0.2647 -0.0000 -0.2647
1.88 -0.2647 0.0000 -0.2647
1.88 -0.2647 0.0000 -0.2647
1.88 -0.2647 0.0000 -0.2647
1.88 -0.2647 -0.0000 -0.2647
1.88 -0.2647 0.0000 -0.2647
1.88 -0.2647 0.0000 -0.2647
1.88 -0.2647 0.0000 -0.2647
1.88 -0.2647 -0.0000 -0.2647
1.88 -0.2647 -0.0000 -0.2647
1.88 -0.2647 0.0000 -0.2647
1.88 -0.2647 -0.0000 -0.2647
1.88 -0.2647 0.0000 -0.2647
1.88 -0.2647 -0.0000 -0.2647
1.88 -0.2647 -0.0000 -0.2647
1.88 -0.2647 -0.0000 -0.2647
1.88 -0.2647 -0.0000 -0.2647
1.88 -0.2647 -0.0000 -0.2647
1.88 -0.2647 0.0000 -0.2647
1.88 -0.2647 0.0000 -0.2647
1.88 -0.2647 -0.0000 -0.2647
1.88 -0.2647 0.0000 -0.2647
1.88 -0.2647 -0.0000 -0.2647
1.88 -0.2647 0.0000 -0.2647
1.88 -0.2647 0.0000 -0.2647
1.88 -0.2647 -0.0000 -0.2647
1.88 -0.2647 -0.0000 -0.2647
1.88 -0.2647 0.0000 -0.2647
1.88 -0.2647 0.0000 -0.2647
1.88 -0.2647 0.0000 -0.2647
1.88 -0.2647 0.0000 -0.2647
1.88 -0.2647 -0.0000 -0.2647
1.88 -0.2647 0.0000 -0.2647
1.88 -0.2647 0.0000 -0.2647
1.88 -0.2647 0.0000 -0.2647
1.88 -0.2647 -0.0000 -0.2647
1.88 -0.2647 0.0000 -0.2647
1.88 -0.2647 0.0000 -0.2647
1.88 -0.2647 0.0000 -0.2647
1.88 -0.2647 -0.0000 -0.2647
1.88 -0.2647 0.0000 -0.2647
1.87 -0.2601 0.0000 -0.2601
1.88 -0.2647 0.0000 -0.2647
1.88 -0.2647 0.0000 -0.2647
1.88 -0.2647 -0.0000 -0.2647
1.88 -0.2647 -0.0000 -0.2647
1.88 -0.2647 0.0000 -0.2647
1.88 -0.2647 -0.0000 -0.2647
1.88 -0.2647 -0.0000 -0.2647
1.88 -0.2647 -0.0000 -0.2647
1.88 -0.2647 0.0000 -0.2647
1.88 -0.2647 -0.0000 -0.2647
1.88 -0.2647 -0.0000 -0.2647
1.88 -0.2647 0.0000 -0.2647
1.88 -0.2647 -0.0000 -0.2647
1.88 -0.2647 0.0000 -0.2647
1.88 -0.2647 0.0000 -0.2647
1.88 -0.2647 -0.0000 -0.2647
1.88 -0.2647 0.0000 -0.2647
1.88 -0.2647 -0.0000 -0.2647
1.88 -0.2647 0.0000 -0.2647
1.88 -0.2647 0.0000 -0.2647
1.88 -0.2647 -0.0000 -0.2647
1.88 -0.2647 0.0000 -0.2647
1.88 -0.2647 0.0000 -0.2647
1.88 -0.2647 -0.0000 -0.2647
1.88 -0.2647 0.0000 -0.2647
1.88 -0.2647 0.0000 -0.2647
1.88 -0.2647 -0.0000 -0.2647
1.88 -0.2647 0.0000 -0.2647
1.88 -0.2647 -0.0000 -0.2647
1.88 -0.2647 0.0000 -0.2647
1.88 -0.2647 0.0000 -0.2647
1.88 -0.2647 -0.0000 -0.2647
1.88 -0.2647 0.0000 -0.2647
1.88 -0.2647 0.0000 -0.2647
1.88 -0.2647 -0.0000 -0.2647
1.88 -0.2647 0.0000 -0.2647
1.88 -0.2647 0.0000 -0.2647
1.88 -0.2647 0.0000 -0.2647
1.88 -0.2647 -0.0000 -0.2647
1.88 -0.2647 -0.0000 -0.2647
1.88 -0.2647 0.0000 -0.2647
1.88 -0.2647 -0.0000 -0.2647
1.88 -0.2647 0.0000 -0.2647
1.88 -0.2647 -0.0000 -0.2647
1.88 -0.2647 0.0000 -0.2647
1.88 -0.2647 0.0000 -0.2647
1.88 -0.2647 -0.0000 -0.2647
1.88 -0.2647 0.0000 -0.2647
1.88 -0.2647 -0.0000 -0.2647
1.88 -0.2647 -0.0000 -0.2647
1.88 -0.2647 -0.0000 -0.2647
1.88 -0.2647 0.0000 -0.2647
1.88 -0.2647 0.0000 -0.2647
1.88 -0.2647 -0.0000 -0.2647
1.88 -0.2647 -0.0000 -0.2647
1.88 -0.2647 -0.0000 -0.2647
1.88 -0.2647 0.0000 -0.2647
1.88 -0.2647 0.0000 -0.2647
1.88 -0.2647 -0.0000 -0.2647
1.88 -0.2647 0.0000 -0.2647
1.88 -0.2647 0.0000 -0.2647
1.88 -0.2647 -0.0000 -0.2647
1.88 -0.2647 0.0000 -0.2647
1.88 -0.2647 0.0000 -0.2647
1.88 -0.2647 0.0000 -0.2647
1.88 -0.2647 -0.0000 -0.2647
1.88 -0.2647 0.0000 -0.2647
1.88 -0.2647 0.0000 -0.2647
1.88 -0.2647 -0.0000 -0.2647
1.88 -0.2647 -0.0000 -0.2647
1.88 -0.2647 0.0000 -0.2647
1.88 -0.2647 -0.0000 -0.2647
1.88 -0.2647 0.0000 -0.2647
1.88 -0.2647 -0.0000 -0.2647
1.88 -0.2647 0.0000 -0.2647
1.88 -0.2647 0.0000 -0.2647
1.88 -0.2647 -0.0000 -0.2647
1.88 -0.2647 0.0000 -0.2647
1.88 -0.2647 0.0000 -0.2647
1.88 -0.2647 -0.0000 -0.2647
1.88 -0.2647 0.0000 -0.2647
1.88 -0.2647 -0.0000 -0.2647
1.88 -0.2647 -0.0000 -0.2647
1.88 -0.2647 -0.0000 -0.2647
1.88 -0.2647 -0.0000 -0.2647
1.88 -0.2647 -0.0000 -0.2647
1.88 -0.2647 -0.0000 -0.2647
1.88 -0.2647 0.0000 -0.2647
1.88 -0.2647 -0.0000 -0.2647
1.88 -0.2647 0.0000 -0.2647
1.88 -0.2647 0.0000 -0.2647
1.88 -0.2647 -0.0000 -0.2647
1.88 -0.2647 0.0000 -0.2647
1.88 -0.2647 -0.0000 -0.2647
1.88 -0.2647 0.0000 -0.2647
1.88 -0.2647 0.0000 -0.2647
1.88 -0.2647 -0.0000 -0.2647
1.88 -0.2647 0.0000 -0.2647
1.88 -0.2647 0.0000 -0.2647
1.88 -0.2647 -0.0000 -0.2647
1.88 -0.2647 0.0000 -0.2647
1.88 -0.2647 -0.0000 -0.2647
1.88 -0.2647 0.0000 -0.2647
1.88 -0.2647 -0.0000 -0.2647
1.88 -0.2647 -0.0000 -0.2647
1.88 -0.2647 -0.0000 -0.2647
1.88 -0.2647 0.0000 -0.2647
1.88 -0.2647 0.0000 -0.2647
1.88 -0.2647 -0.0000 -0.2647
1.88 -0.2647 -0.0000 -0.2647
1.88 -0.2647 0.0000 -0.2647
1.88 -0.2647 -0.0000 -0.2647
1.88 -0.2647 0.0000 -0.2647
1.88 -0.2647 0.0000 -0.2647
1.88 -0.2647 -0.0000 -0.2647
1.88 -0.2647 0.0000 -0.2647
1.88 -0.2647 -0.0000 -0.2647
1.88 -0.2647 0.0000 -0.2647
1.88 -0.2647 -0.0000 -0.2647
1.88 -0.2647 0.0000 -0.2647
1.88 -0.2647 -0.0000 -0.2647
1.88 -0.2647 0.0000 -0.2647
1.88 -0.2647 -0.0000 -0.2647
1.88 -0.2647 0.0000 -0.2647
1.88 -0.2647 -0.0000 -0.2647
1.88 -0.2647 0.0000 -0.2647
1.88 -0.2647 -0.0000 -0.2647
1.88 -0.2647 -0.0000 -0.2647
1.88 -0.2647 0.0000 -0.2647
1.88 -0.2647 0.0000 -0.2647
1.88 -0.2647 0.0000 -0.2647
1.88 -0.2647 -0.0000 -0.2647
1.88 -0.2647 0.0000 -0.2647
1.88 -0.2647 -0.0000 -0.2647
1.88 -0.2647 0.0000 -0.2647
1.88 -0.2647 -0.0000 -0.2647
1.88 -0.2647 0.0000 -0.2647
1.88 -0.2647 0.0000 -0.2647
1.88 -0.2647 0.0000 -0.2647
1.88 -0.2647 0.0000 -0.2647
1.88 -0.2647 0.0000 -0.2647
1.88 -0.2647 0.0000 -0.2647
1.88 -0.2647 0.0000 -0.2647
1.88 -0.2647 0.0000 -0.2647
1.88 -0.2647 0.0000 -0.2647
1.88 -0.2647 -0.0000 -0.2647
1.88 -0.2647 0.0000 -0.2647
1.88 -0.2647 -0.0000 -0.2647
1.88 -0.2647 -0.0000 -0.2647
1.88 -0.2647 0.0000 -0.2647
1.88 -0.2647 0.0000 -0.2647
1.88 -0.2647 0.0000 -0.2647
1.88 -0.2647 0.0000 -0.2647
1.88 -0.2647 0.0000 -0.2647
1.88 -0.2647 0.0000 -0.2647
1.88 -0.2647 0.0000 -0.2647
1.88 -0.2647 0.0000 -0.2647
1.88 -0.2647 0.0000 -0.2647
1.88 -0.2647 0.0000 -0.2647
1.88 -0.2647 0.0000 -0.2647
1.88 -0.2647 0.0000 -0.2647
1.88 -0.2647 0.0000 -0.2647
1.88 -0.2647 0.0000 -0.2647
1.88 -0.2647 0.0000 -0.2647
1.88 -0.2647 0.0000 -0.2647
1.88 -0.2647 0.0000 -0.2647
1.88 -0.2647 0.0000 -0.2647
1.88 -0.2647 0.0000 -0.2647
1.88 -0.2647 0.0000 -0.2647
1.88 -0.2647 0.0000 -0.2647
1.88 -0.2647 0.0000 -0.2647
1.87 -0.2601 0.0000 -0.2601
1.88 -0.2647 0.0000 -0.2647
1.88 -0.2647 0.0000 -0.2647
1.88 -0.2647 0.0000 -0.2647
1.88 -0.2647 0.0000 -0.2647
1.88 -0.2647 0.0000 -0.2647
1.88 -0.2647 0.0000 -0.2647
1.88 -0.2647 0.0000 -0.2647
1.88 -0.2647 0.0000 -0.2647
1.88 -0.2647 0.0000 -0.2647
1.88 -0.2647 0.0000 -0.2647
1.88 -0.2647 0.0000 -0.2647
1.88 -0.2647 0.0000 -0.2647
1.88 -0.2647 0.0000 -0.2647
1.87 -0.2601 0.0000 -0.2601
1.88 -0.2647 0.0000 -0.2647
1.87 -0.2601 0.0000 -0.2601
1.88 -0.2647 0.0000 -0.2647
1.88 -0.2647 0.0000 -0.2647
1.88 -0.2647 0.0000 -0.2647
1.88 -0.2647 0.0000 -0.2647
1.88 -0.2647 0.0000 -0.2647
1.88 -0.2647 0.0000 -0.2647
1.88 -0.2647 0.0000 -0.2647
1.88 -0.2647 0.0000 -0.2647
1.88 -0.2647 0.0000 -0.2647
1.88 -0.2647 0.0000 -0.2647
1.87 -0.2601 0.0000 -0.2601
1.88 -0.2647 0.0000 -0.2647
1.88 -0.2647 0.0000 -0.2647
1.87 -0.2601 0.0000 -0.2601
1.88 -0.2647 0.0000 -0.2647
1.87 -0.2601 0.0000 -0.2601
1.87 -0.2601 0.0000 -0.2601
1.87 -0.2601 0.0000 -0.2601
1.87 -0.2601 0.0000 -0.2601
1.87 -0.2601 0.0000 -0.2601
1.87 -0.2601 0.0000 -0.2601
1.87 -0.2601 0.0000 -0.2601
1.87 -0.2601 0.0000 -0.2601
1.87 -0.2601 0.0000 -0.2601
1.87 -0.2601 0.0000 -0.2601
1.87 -0.2601 0.0000 -0.2601
1.87 -0.2601 0.0000 -0.2601
1.87 -0.2601 0.0000 -0.2601
1.87 -0.2601 0.0000 -0.2601
1.87 -0.2601 0.0000 -0.2601
1.87 -0.2601 0.0000 -0.2601
1.87 -0.2601 0.0000 -0.2601
1.87 -0.2601 0.0000 -0.2601
1.87 -0.2601 0.0000 -0.2601
1.87 -0.2601 0.0000 -0.2601
1.87 -0.2601 0.0000 -0.2601
1.87 -0.2601 0.0000 -0.2601
1.87 -0.2601 0.0000 -0.2601
1.87 -0.2601 0.0000 -0.2601
1.87 -0.2601 0.0000 -0.2601
1.87 -0.2601 0.0000 -0.2601
1.87 -0.2601 0.0000 -0.2601
1.87 -0.2601 0.0000 -0.2601
1.87 -0.2601 0.0000 -0.2601
1.87 -0.2601 0.0000 -0.2601
1.85 -0.2555 0.0000 -0.2555
1.85 -0.2555 0.0000 -0.2555
1.85 -0.2555 0.0000 -0.2555
1.85 -0.2555 0.0000 -0.2555
1.85 -0.2555 0.0000 -0.2555
1.85 -0.2555 0.0000 -0.2555
1.85 -0.2555 0.0000 -0.2555
1.85 -0.2555 0.0000 -0.2555
1.85 -0.2555 0.0000 -0.2555
1.85 -0.2555 0.0000 -0.2555
1.85 -0.2555 0.0000 -0.2555
1.85 -0.2555 0.0000 -0.2555
1.85 -0.2555 0.0000 -0.2555
1.85 -0.2555 0.0000 -0.2555
1.85 -0.2555 0.0000 -0.2555
1.85 -0.2555 0.0000 -0.2555
1.85 -0.2555 0.0000 -0.2555
1.85 -0.2555 0.0000 -0.2555
1.85 -0.2555 0.0000 -0.2555
1.85 -0.2555 0.0000 -0.2555
1.85 -0.2555 0.0000 -0.2555
1.85 -0.2555 0.0000 -0.2555
1.85 -0.2555 0.0000 -0.2555
1.85 -0.2555 0.0000 -0.2555
1.85 -0.2555 0.0000 -0.2555
1.85 -0.2555 0.0000 -0.2555
1.85 -0.2555 0.0000 -0.2555
1.85 -0.2555 0.0000 -0.2555
1.85 -0.2555 0.0000 -0.2555
1.85 -0.2555 0.0000 -0.2555
1.85 -0.2555 0.0000 -0.2555
1.85 -0.2555 0.0000 -0.2555
1.85 -0.2555 0.0000 -0.2555
1.85 -0.2555 0.0000 -0.2555
1.85 -0.2555 0.0000 -0.2555
1.85 -0.2555 0.0000 -0.2555
1.85 -0.2555 0.0000 -0.2555
1.85 -0.2555 0.0000 -0.2555
1.85 -0.2555 0.0000 -0.2555
1.85 -0.2555 0.0000 -0.2555
1.85 -0.2555 0.0000 -0.2555
1.85 -0.2555 0.0000 -0.2555
1.85 -0.2555 0.0000 -0.2555
1.87 -0.2601 0.0000 -0.2601
1.88 -0.2647 0.0000 -0.2647
1.93 -0.2785 0.0000 -0.2785
1.99 -0.2969 0.0000 -0.2969
2.10 -0.3291 0.0000 -0.3291
2.22 -0.3659 0.0000 -0.3659
2.39 -0.4165 0.0000 -0.4165
2.59 -0.4763 0.0000 -0.4763
2.80 -0.5407 0.0000 -0.5407
3.06 -0.6189 0.0000 -0.6189
3.32 -0.6971 0.0000 -0.6971
3.63 -0.7891 0.0000 -0.7891
3.95 -0.8857 0.0000 -0.8857
4.35 -1.0053 0.0000 -1.0053
4.77 -1.1295 0.0000 -1.1295
5.30 -1.2905 0.0000 -1.2905
5.98 -1.4929 0.0000 -1.4929
5.98 -1.4929 0.0000 -1.4929
7.57 -1.9713 0.0000 -1.9713
10.87 -2.9603 0.0000 -2.9603
14.76 -4.1287 0.0000 -4.1287
16.23 -4.5703 0.0000 -4.5703
17.00 -4.8003 0.0000 -4.8003
17.34 -4.9015 0.0000 -4.9015
17.41 -4.9245 0.0000 -4.9245
17.23 -4.8693 0.0000 -4.8693
16.83 -4.7497 0.0000 -4.7497
16.08 -4.5243 0.0000 -4.5243
14.81 -4.1425 0.0000 -4.1425
11.91 -3.2731 0.0000 -3.2731
8.87 -2.3623 0.0000 -2.3623
7.19 -1.8563 0.0000 -1.8563
6.42 -1.6263 0.0000 -1.6263
6.10 -1.5297 0.0000 -1.5297
6.04 -1.5113 0.0000 -1.5113
6.21 -1.5619 0.0000 -1.5619
6.65 -1.6953 0.0000 -1.6953
7.54 -1.9621 0.0000 -1.9621
9.27 -2.4819 0.0000 -2.4819
11.97 -3.2915 0.0000 -3.2915
14.38 -4.0137 0.0000 -4.0137
15.51 -4.3541 0.0000 -4.3541
15.97 -4.4921 0.0000 -4.4921
16.13 -4.5381 0.0000 -4.5381
16.05 -4.5151 0.0000 -4.5151
15.64 -4.3909 0.0000 -4.3909
14.88 -4.1655 0.0000 -4.1655
12.78 -3.5353 0.0000 -3.5353
9.90 -2.6705 0.0000 -2.6705
8.12 -2.1369 0.0000 -2.1369
6.82 -1.7459 0.0000 -1.7459
6.28 -1.5849 0.0000 -1.5849
6.02 -1.5067 0.0000 -1.5067
6.02 -1.5067 0.0000 -1.5067
6.19 -1.5573 0.0000 -1.5573
6.59 -1.6769 0.0000 -1.6769
7.40 -1.9207 0.0000 -1.9207
8.74 -2.3209 0.0000 -2.3209
10.47 -2.8407 0.0000 -2.8407
12.39 -3.4157 0.0000 -3.4157
13.52 -3.7561 0.0000 -3.7561
13.98 -3.8941 0.0000 -3.8941
13.83 -3.8481 0.0000 -3.8481
12.85 -3.5537 0.0000 -3.5537
11.50 -3.1489 0.0000 -3.1489
9.20 -2.4589 0.0000 -2.4589
7.72 -2.0173 0.0000 -2.0173
6.65 -1.6953 0.0000 -1.6953
6.11 -1.5343 0.0000 -1.5343
5.78 -1.4331 0.0000 -1.4331
5.65 -1.3963 0.0000 -1.3963
5.67 -1.4009 0.0000 -1.4009
5.76 -1.4285 0.0000 -1.4285
5.95 -1.4837 0.0000 -1.4837
6.21 -1.5619 0.0000 -1.5619
6.51 -1.6539 0.0000 -1.6539
6.87 -1.7597 0.0000 -1.7597
7.20 -1.8609 0.0000 -1.8609
7.43 -1.9299 0.0000 -1.9299
7.49 -1.9483 0.0000 -1.9483
7.48 -1.9437 0.0000 -1.9437
7.30 -1.8885 0.0000 -1.8885
7.05 -1.8149 0.0000 -1.8149
6.77 -1.7321 0.0000 -1.7321
6.50 -1.6493 0.0000 -1.6493
6.22 -1.5665 0.0000 -1.5665
5.99 -1.4975 0.0000 -1.4975
5.76 -1.4285 0.0000 -1.4285
5.58 -1.3733 0.0000 -1.3733
5.42 -1.3273 0.0000 -1.3273
6.13 -1.5389 0.0000 -1.5389
6.01 -1.5021 0.0000 -1.5021
5.92 -1.4745 0.0000 -1.4745
5.79 -1.4377 0.0000 -1.4377
5.67 -1.4009 0.0000 -1.4009
5.53 -1.3595 0.0000 -1.3595
5.38 -1.3135 0.0000 -1.3135
5.19 -1.2583 0.0000 -1.2583
5.01 -1.2031 0.0000 -1.2031
4.81 -1.1433 0.0000 -1.1433
4.63 -1.0881 0.0000 -1.0881
4.44 -1.0329 0.0000 -1.0329
4.26 -0.9777 0.0000 -0.9777
4.11 -0.9317 0.0000 -0.9317
3.95 -0.8857 0.0000 -0.8857
3.83 -0.8489 0.0000 -0.8489
3.74 -0.8213 0.0000 -0.8213
3.66 -0.7983 0.0000 -0.7983
3.60 -0.7799 0.0000 -0.7799
3.55 -0.7661 0.0000 -0.7661
3.51 -0.7523 0.0000 -0.7523
3.48 -0.7431 0.0000 -0.7431
3.45 -0.7339 0.0000 -0.7339
3.40 -0.7201 0.0000 -0.7201
3.35 -0.7063 0.0000 -0.7063
3.31 -0.6925 0.0000 -0.6925
3.23 -0.6695 0.0000 -0.6695
3.16 -0.6465 0.0000 -0.6465
3.05 -0.6143 0.0000 -0.6143
2.91 -0.5729 0.0000 -0.5729
2.76 -0.5269 0.0000 -0.5269
2.56 -0.4671 0.0000 -0.4671
2.34 -0.4027 0.0000 -0.4027
2.10 -0.3291 0.0000 -0.3291
1.85 -0.2555 0.0000 -0.2555
1.56 -0.1681 0.0000 -0.1681
1.30 -0.0899 0.0000 -0.0899
1.02 -0.0071 0.0000 -0.0071
0.76 -0.0071 0.0000 0.0000
0.61 -0.0071 0.0000 0.0000
0.47 -0.0071 0.0000 0.0000
0.44 -0.0071 0.0000 0.0000
0.47 -0.0071 0.0000 0.0000
0.55 -0.0071 0.0000 0.0000
0.64 -0.0071 0.0000 0.0000
0.76 -0.0071 0.0000 0.0000
0.89 -0.0071 0.0000 0.0000
1.01 -0.0025 2.1758 2.1733
1.15 -0.0439 -0.4971 -0.5410
1.35 -0.1037 -1.3735 -1.4772
1.51 -0.1543 0.3175 0.1632
1.64 -0.1911 0.0250 -0.1661
1.68 -0.2049 0.5397 0.3348
1.67 -0.2003 0.1134 -0.0869
1.68 -0.2049 0.1744 -0.0305
1.67 -0.2003 0.1892 -0.0111
1.65 -0.1957 -0.0113 -0.2070
1.62 -0.1865 -0.1335 -0.3200
1.56 -0.1681 0.0903 -0.0778
1.48 -0.1451 -0.0418 -0.1869
1.39 -0.1175 0.0320 -0.0855
1.30 -0.0899 -0.0171 -0.1071
1.22 -0.0669 -0.0353 -0.1022
1.15 -0.0439 0.0279 -0.0160
1.09 -0.0255 0.0083 -0.0172
1.07 -0.0209 0.0019 -0.0190
1.05 -0.0163 0.0053 -0.0110
1.09 -0.0255 0.0015 -0.0240
1.09 -0.0255 -0.0045 -0.0300
1.10 -0.0301 -0.0049 -0.0350
1.10 -0.0301 -0.0042 -0.0343
1.10 -0.0301 -0.0009 -0.0310
1.10 -0.0301 0.0001 -0.0300
1.12 -0.0347 0.0019 -0.0328
1.12 -0.0347 0.0014 -0.0333
1.13 -0.0393 0.0011 -0.0382
1.16 -0.0485 0.0008 -0.0477
1.21 -0.0623 -0.0001 -0.0624
1.27 -0.0807 -0.0005 -0.0812
1.35 -0.1037 0.0003 -0.1034
1.45 -0.1359 -0.0001 -0.1360
1.58 -0.1727 -0.0001 -0.1728
1.73 -0.2187 0.0000 -0.2187
1.91 -0.2739 -0.0001 -0.2740
2.13 -0.3383 -0.0001 -0.3384
2.39 -0.4165 -0.0000 -0.4165
2.71 -0.5131 0.0000 -0.5131
3.05 -0.6143 -0.0000 -0.6143
3.42 -0.7247 0.0000 -0.7247
3.85 -0.8535 -0.0000 -0.8535
4.38 -1.0145 -0.0000 -1.0145
5.04 -1.2123 0.0000 -1.2123
5.90 -1.4699 0.0000 -1.4699
5.90 -1.4699 -0.0000 -1.4699
9.86 -2.6567 -0.0000 -2.6567
15.31 -4.2943 0.0000 -4.2943
17.15 -4.8463 -0.0000 -4.8463
18.20 -5.1591 -0.0000 -5.1591
18.86 -5.3569 0.0000 -5.3569
19.68 -5.6053 -0.0000 -5.6053
20.01 -5.7019 0.0000 -5.7019
20.24 -5.7709 -0.0000 -5.7709
20.21 -5.7617 0.0000 -5.7617
20.13 -5.7387 -0.0000 -5.7387
19.98 -5.6927 -0.0000 -5.6927
19.85 -5.6559 0.0000 -5.6559
19.71 -5.6145 -0.0000 -5.6145
19.64 -5.5915 -0.0000 -5.5915
19.61 -5.5823 -0.0000 -5.5823
19.62 -5.5869 0.0000 -5.5869
19.62 -5.5869 0.0000 -5.5869
19.62 -5.5869 0.0000 -5.5869
19.62 -5.5869 0.0000 -5.5869
19.61 -5.5823 -0.0000 -5.5823
19.61 -5.5823 0.0000 -5.5823
19.61 -5.5823 -0.0000 -5.5823
19.61 -5.5823 -0.0000 -5.5823
19.59 -5.5777 -0.0000 -5.5777
19.59 -5.5777 -0.0000 -5.5777
19.56 -5.5685 -0.0000 -5.5685
19.52 -5.5547 -0.0000 -5.5547
19.45 -5.5363 -0.0000 -5.5363
19.33 -5.4995 0.0000 -5.4995
20.25 -5.7755 0.0000 -5.7755
20.08 -5.7249 0.0000 -5.7249
19.90 -5.6697 0.0000 -5.6697
19.70 -5.6099 -0.0000 -5.6099
19.50 -5.5501 -0.0000 -5.5501
19.35 -5.5041 -0.0000 -5.5041
19.10 -5.4305 0.0000 -5.4305
18.79 -5.3385 0.0000 -5.3385
18.41 -5.2235 0.0000 -5.2235
17.97 -5.0901 0.0000 -5.0901
17.38 -4.9153 -0.0000 -4.9153
16.79 -4.7359 -0.0000 -4.7359
16.23 -4.5703 0.0000 -4.5703
15.76 -4.4277 -0.0000 -4.4277
15.48 -4.3449 -0.0000 -4.3449
15.42 -4.3265 -0.0000 -4.3265
15.39 -4.3173 -0.0000 -4.3173
15.41 -4.3219 -0.0000 -4.3219
15.41 -4.3219 -0.0000 -4.3219
15.42 -4.3265 -0.0000 -4.3265
15.42 -4.3265 0.0000 -4.3265
15.44 -4.3311 0.0000 -4.3311
15.44 -4.3311 -0.0000 -4.3311
15.42 -4.3265 -0.0000 -4.3265
15.38 -4.3127 -0.0000 -4.3127
14.99 -4.1977 -0.0000 -4.1977
14.67 -4.1011 -0.0000 -4.1011
13.84 -3.8527 -0.0000 -3.8527
13.06 -3.6181 0.0000 -3.6181
12.26 -3.3789 0.0000 -3.3789
10.97 -2.9925 0.0000 -2.9925
10.24 -2.7717 0.0000 -2.7717
9.90 -2.6705 -0.0000 -2.6705
9.86 -2.6567 -0.0000 -2.6567
9.87 -2.6613 0.0000 -2.6613
10.09 -2.7257 -0.0000 -2.7257
10.32 -2.7947 0.0000 -2.7947
10.59 -2.8775 0.0000 -2.8775
10.76 -2.9281 -0.0000 -2.9281
10.82 -2.9465 0.0000 -2.9465
10.85 -2.9557 0.0000 -2.9557
10.81 -2.9419 0.0000 -2.9419
10.73 -2.9189 -0.0000 -2.9189
10.61 -2.8821 0.0000 -2.8821
10.39 -2.8177 0.0000 -2.8177
10.16 -2.7487 0.0000 -2.7487
9.89 -2.6659 0.0000 -2.6659
9.58 -2.5739 -0.0000 -2.5739
9.24 -2.4727 0.0000 -2.4727
8.84 -2.3531 0.0000 -2.3531
8.48 -2.2427 -0.0000 -2.2427
8.12 -2.1369 0.0000 -2.1369
7.79 -2.0357 0.0000 -2.0357
7.52 -1.9575 -0.0000 -1.9575
7.28 -1.8839 -0.0000 -1.8839
7.05 -1.8149 -0.0000 -1.8149
6.85 -1.7551 0.0000 -1.7551
6.68 -1.7045 -0.0000 -1.7045
6.51 -1.6539 -0.0000 -1.6539
6.34 -1.6033 0.0000 -1.6033
6.19 -1.5573 0.0000 -1.5573
6.16 -1.5481 -0.0000 -1.5481
5.99 -1.4975 -0.0000 -1.4975
5.79 -1.4377 0.0000 -1.4377
5.59 -1.3779 0.0000 -1.3779
5.36 -1.3089 -0.0000 -1.3089
5.09 -1.2261 -0.0000 -1.2261
4.83 -1.1479 -0.0000 -1.1479
4.58 -1.0743 -0.0000 -1.0743
4.32 -0.9961 -0.0000 -0.9961
4.09 -0.9271 0.0000 -0.9271
3.88 -0.8627 0.0000 -0.8627
3.69 -0.8075 0.0000 -0.8075
3.52 -0.7569 0.0000 -0.7569
3.37 -0.7109 0.0000 -0.7109
3.22 -0.6649 0.0000 -0.6649
3.05 -0.6143 0.0000 -0.6143
2.88 -0.5637 -0.0000 -0.5637
2.70 -0.5085 -0.0000 -0.5085
2.51 -0.4533 0.0000 -0.4533
2.30 -0.3889 -0.0000 -0.3889
2.11 -0.3337 -0.0000 -0.3337
1.93 -0.2785 -0.0000 -0.2785
1.76 -0.2279 0.0000 -0.2279
1.59 -0.1773 0.0000 -0.1773
1.45 -0.1359 0.0000 -0.1359
1.33 -0.0991 -0.0000 -0.0991
1.27 -0.0807 -0.0000 -0.0807
1.24 -0.0715 -0.0000 -0.0715
1.21 -0.0623 0.0000 -0.0623
1.24 -0.0715 0.0000 -0.0715
1.25 -0.0761 -0.0000 -0.0761
1.25 -0.0761 0.0000 -0.0761
1.27 -0.0807 0.0000 -0.0807
1.28 -0.0853 -0.0000 -0.0853
1.28 -0.0853 -0.0000 -0.0853
1.28 -0.0853 0.0000 -0.0853
1.28 -0.0853 0.0000 -0.0853
1.27 -0.0807 -0.0000 -0.0807
1.28 -0.0853 0.0000 -0.0853
1.28 -0.0853 -0.0000 -0.0853
1.28 -0.0853 0.0000 -0.0853
1.27 -0.0807 0.0000 -0.0807
1.27 -0.0807 -0.0000 -0.0807
1.25 -0.0761 0.0000 -0.0761
1.24 -0.0715 0.0000 -0.0715
1.22 -0.0669 -0.0000 -0.0669
1.21 -0.0623 -0.0000 -0.0623
1.18 -0.0531 0.0000 -0.0531
1.15 -0.0439 0.0000 -0.0439
1.13 -0.0393 -0.0000 -0.0393
1.10 -0.0301 -0.0000 -0.0301
1.09 -0.0255 0.0000 -0.0255
1.05 -0.0163 0.0000 -0.0163
1.04 -0.0117 0.0000 -0.0117
1.02 -0.0071 0.0000 -0.0071
0.99 -0.0071 0.0000 0.0000
0.99 -0.0071 0.0000 0.0000
0.98 -0.0071 0.0000 0.0000
0.98 -0.0071 0.0000 0.0000
0.98 -0.0071 0.0000 0.0000
0.98 -0.0071 0.0000 0.0000
0.98 -0.0071 0.0000 0.0000
0.98 -0.0071 0.0000 0.0000
0.98 -0.0071 0.0000 0.0000
0.98 -0.0071 0.0000 0.0000
0.98 -0.0071 0.0000 0.0000
0.98 -0.0071 0.0000 0.0000
0.98 -0.0071 0.0000 0.0000
0.98 -0.0071 0.0000 0.0000
0.98 -0.0071 0.0000 0.0000
0.96 -0.0071 0.0000 0.0000
0.96 -0.0071 0.0000 0.0000
0.95 -0.0071 0.0000 0.0000
0.93 -0.0071 0.0000 0.0000
0.92 -0.0071 0.0000 0.0000
0.92 -0.0071 0.0000 0.0000
0.90 -0.0071 0.0000 0.0000
0.90 -0.0071 0.0000 0.0000
0.90 -0.0071 0.0000 0.0000
0.90 -0.0071 0.0000 0.0000
0.90 -0.0071 0.0000 0.0000
0.90 -0.0071 0.0000 0.0000
0.90 -0.0071 0.0000 0.0000
0.90 -0.0071 0.0000 0.0000
0.90 -0.0071 0.0000 0.0000
0.90 -0.0071 0.0000 0.0000
0.90 -0.0071 0.0000 0.0000
0.90 -0.0071 0.0000 0.0000
0.90 -0.0071 0.0000 0.0000
0.90 -0.0071 0.0000 0.0000
0.90 -0.0071 0.0000 0.0000
0.90 -0.0071 0.0000 0.0000
0.90 -0.0071 0.0000 0.0000
0.89 -0.0071 0.0000 0.0000
0.89 -0.0071 0.0000 0.0000
0.89 -0.0071 0.0000 0.0000
0.89 -0.0071 0.0000 0.0000
0.89 -0.0071 0.0000 0.0000
0.89 -0.0071 0.0000 0.0000
0.89 -0.0071 0.0000 0.0000
0.89 -0.0071 0.0000 0.0000
0.89 -0.0071 0.0000 0.0000
0.89 -0.0071 0.0000 0.0000
0.89 -0.0071 0.0000 0.0000
0.89 -0.0071 0.0000 0.0000
0.89 -0.0071 0.0000 0.0000
0.89 -0.0071 0.0000 0.0000
0.90 -0.0071 0.0000 0.0000
0.92 -0.0071 0.0000 0.0000
0.93 -0.0071 0.0000 0.0000
0.99 -0.0071 0.0000 0.0000
1.04 -0.0117 2.1758 2.1641
1.10 -0.0301 -1.8005 -1.8306
1.24 -0.0715 -0.4280 -0.4995
1.35 -0.1037 0.8278 0.7241
1.41 -0.1221 0.1886 0.0664
1.45 -0.1359 0.2980 0.1621
1.51 -0.1543 0.3266 0.1723
1.64 -0.1911 -0.2487 -0.4398
1.78 -0.2325 0.1892 -0.0433
1.91 -0.2739 -0.1850 -0.4589
1.99 -0.2969 0.1396 -0.1573
2.04 -0.3107 0.1013 -0.2094
2.04 -0.3107 -0.0418 -0.3525
2.01 -0.3015 0.0231 -0.2784
1.96 -0.2877 0.0352 -0.2525
1.91 -0.2739 -0.0028 -0.2768
1.85 -0.2555 0.0279 -0.2276
1.81 -0.2417 -0.0133 -0.2550
1.76 -0.2279 -0.0164 -0.2444
1.74 -0.2233 0.0124 -0.2109
1.79 -0.2371 0.0009 -0.2362
1.91 -0.2739 -0.0013 -0.2752
2.11 -0.3337 0.0034 -0.3303
2.43 -0.4303 0.0041 -0.4262
2.82 -0.5453 0.0030 -0.5423
3.25 -0.6741 0.0020 -0.6721
3.75 -0.8259 0.0003 -0.8256
4.40 -1.0191 -0.0009 -1.0200
5.29 -1.2859 -0.0004 -1.2863
5.29 -1.2859 -0.0001 -1.2860
8.25 -2.1737 0.0001 -2.1736
14.53 -4.0597 -0.0004 -4.0601
17.25 -4.8739 0.0000 -4.8738
18.66 -5.2971 -0.0002 -5.2972
18.93 -5.3799 -0.0002 -5.3801
19.90 -5.6697 -0.0000 -5.6697
20.73 -5.9181 -0.0001 -5.9182
21.48 -6.1435 0.0001 -6.1434
21.97 -6.2907 -0.0000 -6.2907
22.06 -6.3183 0.0000 -6.3183
21.95 -6.2861 0.0000 -6.2860
21.71 -6.2125 -0.0000 -6.2125
21.42 -6.1251 0.0000 -6.1251
21.14 -6.0423 -0.0000 -6.0423
20.86 -5.9595 -0.0000 -5.9595
20.65 -5.8951 0.0000 -5.8951
20.48 -5.8445 -0.0000 -5.8445
20.34 -5.8031 0.0000 -5.8031
20.25 -5.7755 -0.0000 -5.7755
20.16 -5.7479 -0.0000 -5.7479
20.04 -5.7111 0.0000 -5.7111
19.84 -5.6513 0.0000 -5.6513
19.59 -5.5777 -0.0000 -5.5777
19.30 -5.4903 0.0000 -5.4903
18.98 -5.3937 0.0000 -5.3937
18.67 -5.3017 -0.0000 -5.3017
19.84 -5.6513 0.0000 -5.6513
19.53 -5.5593 -0.0000 -5.5593
19.21 -5.4627 -0.0000 -5.4627
18.93 -5.3799 0.0000 -5.3799
18.52 -5.2557 0.0000 -5.2557
17.97 -5.0901 -0.0000 -5.0901
17.11 -4.8325 0.0000 -4.8325
15.90 -4.4691 -0.0000 -4.4691
13.17 -3.6503 -0.0000 -3.6503
9.32 -2.4957 -0.0000 -2.4957
7.23 -1.8701 0.0000 -1.8701
6.13 -1.5389 -0.0000 -1.5389
5.76 -1.4285 0.0000 -1.4285
5.30 -1.2905 0.0000 -1.2905
5.00 -1.1985 0.0000 -1.1985
4.81 -1.1433 0.0000 -1.1433
4.73 -1.1203 -0.0000 -1.1203
4.78 -1.1341 0.0000 -1.1341
4.90 -1.1709 -0.0000 -1.1709
5.10 -1.2307 -0.0000 -1.2307
5.36 -1.3089 0.0000 -1.3089
5.62 -1.3871 0.0000 -1.3871
5.96 -1.4883 -0.0000 -1.4883
6.22 -1.5665 0.0000 -1.5665
6.22 -1.5665 -0.0000 -1.5665
6.45 -1.6355 0.0000 -1.6355
6.65 -1.6953 0.0000 -1.6953
6.84 -1.7505 -0.0000 -1.7505
6.85 -1.7551 0.0000 -1.7551
6.70 -1.7091 0.0000 -1.7091
6.47 -1.6401 0.0000 -1.6401
6.18 -1.5527 -0.0000 -1.5527
6.22 -1.5665 0.0000 -1.5665
5.90 -1.4699 0.0000 -1.4699
5.59 -1.3779 0.0000 -1.3779
5.27 -1.2813 0.0000 -1.2813
4.93 -1.1801 -0.0000 -1.1801
4.61 -1.0835 -0.0000 -1.0835
4.31 -0.9915 0.0000 -0.9915
4.06 -0.9179 0.0000 -0.9179
3.80 -0.8397 0.0000 -0.8397
3.60 -0.7799 -0.0000 -0.7799
3.42 -0.7247 -0.0000 -0.7247
3.26 -0.6787 -0.0000 -0.6787
3.12 -0.6373 0.0000 -0.6373
2.99 -0.5959 0.0000 -0.5959
2.83 -0.5499 0.0000 -0.5499
2.73 -0.5177 0.0000 -0.5177
2.60 -0.4809 0.0000 -0.4809
2.51 -0.4533 -0.0000 -0.4533
2.40 -0.4211 -0.0000 -0.4211
2.31 -0.3935 -0.0000 -0.3935
2.24 -0.3705 -0.0000 -0.3705
2.19 -0.3567 -0.0000 -0.3567
2.14 -0.3429 -0.0000 -0.3429
2.13 -0.3383 0.0000 -0.3383
2.10 -0.3291 -0.0000 -0.3291
2.10 -0.3291 0.0000 -0.3291
2.10 -0.3291 -0.0000 -0.3291
2.10 -0.3291 -0.0000 -0.3291
2.10 -0.3291 -0.0000 -0.3291
2.10 -0.3291 0.0000 -0.3291
2.08 -0.3245 -0.0000 -0.3245
2.07 -0.3199 0.0000 -0.3199
2.05 -0.3153 -0.0000 -0.3153
2.02 -0.3061 0.0000 -0.3061
1.99 -0.2969 -0.0000 -0.2969
1.94 -0.2831 -0.0000 -0.2831
1.88 -0.2647 0.0000 -0.2647
1.81 -0.2417 -0.0000 -0.2417
1.71 -0.2141 -0.0000 -0.2141
1.62 -0.1865 -0.0000 -0.1865
1.53 -0.1589 -0.0000 -0.1589
1.44 -0.1313 -0.0000 -0.1313
1.35 -0.1037 0.0000 -0.1037
1.24 -0.0715 -0.0000 -0.0715
1.18 -0.0531 0.0000 -0.0531
1.12 -0.0347 0.0000 -0.0347
1.07 -0.0209 -0.0000 -0.0209
1.05 -0.0163 0.0000 -0.0163
1.05 -0.0163 0.0000 -0.0163
1.05 -0.0163 -0.0000 -0.0163
1.05 -0.0163 0.0000 -0.0163
1.05 -0.0163 0.0000 -0.0163
1.07 -0.0209 -0.0000 -0.0209
1.05 -0.0163 0.0000 -0.0163
1.05 -0.0163 -0.0000 -0.0163
1.07 -0.0209 -0.0000 -0.0209
1.05 -0.0163 -0.0000 -0.0163
1.05 -0.0163 -0.0000 -0.0163
1.05 -0.0163 0.0000 -0.0163
1.05 -0.0163 0.0000 -0.0163
1.07 -0.0209 -0.0000 -0.0209
1.05 -0.0163 -0.0000 -0.0163
1.05 -0.0163 -0.0000 -0.0163
1.05 -0.0163 0.0000 -0.0163
1.05 -0.0163 0.0000 -0.0163
1.07 -0.0209 0.0000 -0.0209
1.05 -0.0163 -0.0000 -0.0163
1.04 -0.0117 0.0000 -0.0117
1.01 -0.0025 -0.0000 -0.0025
0.98 -0.0025 -0.0000 0.0000
0.95 -0.0025 -0.0000 0.0000
0.92 -0.0025 -0.0000 0.0000
0.89 -0.0025 -0.0000 0.0000
0.87 -0.0025 -0.0000 0.0000
0.87 -0.0025 -0.0000 0.0000
0.87 -0.0025 -0.0000 0.0000
0.87 -0.0025 -0.0000 0.0000
0.87 -0.0025 -0.0000 0.0000
0.87 -0.0025 -0.0000 0.0000
0.87 -0.0025 -0.0000 0.0000
0.87 -0.0025 -0.0000 0.0000
0.86 -0.0025 -0.0000 0.0000
0.86 -0.0025 -0.0000 0.0000
0.84 -0.0025 -0.0000 0.0000
0.82 -0.0025 -0.0000 0.0000
0.79 -0.0025 -0.0000 0.0000
0.78 -0.0025 -0.0000 0.0000
0.75 -0.0025 -0.0000 0.0000
0.72 -0.0025 -0.0000 0.0000
0.69 -0.0025 -0.0000 0.0000
0.67 -0.0025 -0.0000 0.0000
0.66 -0.0025 -0.0000 0.0000
0.64 -0.0025 -0.0000 0.0000
0.64 -0.0025 -0.0000 0.0000
0.63 -0.0025 -0.0000 0.0000
0.64 -0.0025 -0.0000 0.0000
0.64 -0.0025 -0.0000 0.0000
0.63 -0.0025 -0.0000 0.0000
0.64 -0.0025 -0.0000 0.0000
0.64 -0.0025 -0.0000 0.0000
0.64 -0.0025 -0.0000 0.0000
0.64 -0.0025 -0.0000 0.0000
0.64 -0.0025 -0.0000 0.0000
0.63 -0.0025 -0.0000 0.0000
0.63 -0.0025 -0.0000 0.0000
0.63 -0.0025 -0.0000 0.0000
0.63 -0.0025 -0.0000 0.0000
0.61 -0.0025 -0.0000 0.0000
0.61 -0.0025 -0.0000 0.0000
0.59 -0.0025 -0.0000 0.0000
0.59 -0.0025 -0.0000 0.0000
0.59 -0.0025 -0.0000 0.0000
0.59 -0.0025 -0.0000 0.0000
0.59 -0.0025 -0.0000 0.0000
0.58 -0.0025 -0.0000 0.0000
0.58 -0.0025 -0.0000 0.0000
0.58 -0.0025 -0.0000 0.0000
0.58 -0.0025 -0.0000 0.0000
0.58 -0.0025 -0.0000 0.0000
0.58 -0.0025 -0.0000 0.0000
0.58 -0.0025 -0.0000 0.0000
0.58 -0.0025 -0.0000 0.0000
0.58 -0.0025 -0.0000 0.0000
0.56 -0.0025 -0.0000 0.0000
0.56 -0.0025 -0.0000 0.0000
0.58 -0.0025 -0.0000 0.0000
0.56 -0.0025 -0.0000 0.0000
0.56 -0.0025 -0.0000 0.0000
0.56 -0.0025 -0.0000 0.0000
0.56 -0.0025 -0.0000 0.0000
0.56 -0.0025 -0.0000 0.0000
0.56 -0.0025 -0.0000 0.0000
0.56 -0.0025 -0.0000 0.0000
0.56 -0.0025 -0.0000 0.0000
0.56 -0.0025 -0.0000 0.0000
0.58 -0.0025 -0.0000 0.0000
0.61 -0.0025 -0.0000 0.0000
0.63 -0.0025 -0.0000 0.0000
0.67 -0.0025 -0.0000 0.0000
0.70 -0.0025 -0.0000 0.0000
0.75 -0.0025 -0.0000 0.0000
0.79 -0.0025 -0.0000 0.0000
0.86 -0.0025 -0.0000 0.0000
0.90 -0.0025 -0.0000 0.0000
0.96 -0.0025 -0.0000 0.0000
1.01 -0.0025 2.1758 2.1733
1.07 -0.0209 -1.8005 -1.8214
1.21 -0.0623 -0.4280 -0.4903
1.32 -0.0945 0.8278 0.7333
1.38 -0.1129 0.1886 0.0756
1.45 -0.1359 0.6036 0.4677
1.50 -0.1497 0.4304 0.2807
1.64 -0.1911 -0.0697 -0.2608
1.79 -0.2371 -0.1217 -0.3588
1.94 -0.2831 0.0932 -0.1899
2.07 -0.3199 0.1048 -0.2151
2.14 -0.3429 -0.1088 -0.4517
2.17 -0.3521 0.0082 -0.3439
2.17 -0.3521 0.0290 -0.3231
2.16 -0.3475 -0.0502 -0.3978
2.14 -0.3429 0.0149 -0.3280
2.11 -0.3337 -0.0245 -0.3582
2.08 -0.3245 -0.0026 -0.3271
2.07 -0.3199 -0.0138 -0.3337
2.05 -0.3153 -0.0020 -0.3173
2.07 -0.3199 0.0092 -0.3107
2.08 -0.3245 0.0072 -0.3173
2.13 -0.3383 0.0008 -0.3375
2.22 -0.3659 0.0035 -0.3624
2.34 -0.4027 0.0030 -0.3997
2.53 -0.4579 0.0010 -0.4569
2.74 -0.5223 0.0018 -0.5206
3.02 -0.6051 0.0011 -0.6040
3.31 -0.6925 0.0007 -0.6918
3.65 -0.7937 0.0008 -0.7929
4.04 -0.9133 0.0006 -0.9127
4.54 -1.0605 -0.0000 -1.0605
5.15 -1.2445 0.0002 -1.2443
5.87 -1.4607 0.0001 -1.4606
5.87 -1.4607 -0.0002 -1.4609
7.56 -1.9667 0.0001 -1.9666
11.39 -3.1167 0.0001 -3.1166
14.75 -4.1241 0.0000 -4.1240
16.30 -4.5887 0.0001 -4.5886
17.08 -4.8233 -0.0000 -4.8233
17.41 -4.9245 -0.0000 -4.9245
17.41 -4.9245 0.0000 -4.9245
17.12 -4.8371 -0.0000 -4.8371
16.48 -4.6439 0.0000 -4.6439
15.38 -4.3127 -0.0000 -4.3127
12.88 -3.5629 0.0000 -3.5629
8.86 -2.3577 0.0000 -2.3577
6.73 -1.7183 0.0000 -1.7183
5.56 -1.3687 0.0000 -1.3687
5.93 -1.4791 -0.0000 -1.4791
5.59 -1.3779 -0.0000 -1.3779
5.41 -1.3227 0.0000 -1.3227
5.39 -1.3181 0.0000 -1.3181
5.47 -1.3411 -0.0000 -1.3411
5.64 -1.3917 0.0000 -1.3917
5.87 -1.4607 -0.0000 -1.4607
6.18 -1.5527 -0.0000 -1.5527
6.18 -1.5527 -0.0000 -1.5527
6.61 -1.6815 0.0000 -1.6815
7.10 -1.8287 0.0000 -1.8287
7.62 -1.9851 -0.0000 -1.9851
8.12 -2.1369 0.0000 -2.1369
8.44 -2.2335 0.0000 -2.2335
8.46 -2.2381 -0.0000 -2.2381
8.23 -2.1691 0.0000 -2.1691
7.80 -2.0403 -0.0000 -2.0403
7.30 -1.8885 0.0000 -1.8885
6.79 -1.7367 -0.0000 -1.7367
6.31 -1.5941 -0.0000 -1.5941
5.92 -1.4745 -0.0000 -1.4745
5.95 -1.4837 -0.0000 -1.4837
5.61 -1.3825 -0.0000 -1.3825
5.30 -1.2905 0.0000 -1.2905
4.98 -1.1939 0.0000 -1.1939
4.69 -1.1065 0.0000 -1.1065
4.44 -1.0329 -0.0000 -1.0329
4.23 -0.9685 -0.0000 -0.9685
4.01 -0.9041 -0.0000 -0.9041
3.85 -0.8535 -0.0000 -0.8535
3.72 -0.8167 -0.0000 -0.8167
3.62 -0.7845 0.0000 -0.7845
3.55 -0.7661 0.0000 -0.7661
3.51 -0.7523 0.0000 -0.7523
3.48 -0.7431 0.0000 -0.7431
3.46 -0.7385 0.0000 -0.7385
3.45 -0.7339 0.0000 -0.7339
3.46 -0.7385 -0.0000 -0.7385
3.43 -0.7293 0.0000 -0.7293
3.43 -0.7293 0.0000 -0.7293
3.40 -0.7201 -0.0000 -0.7201
3.35 -0.7063 -0.0000 -0.7063
3.29 -0.6879 -0.0000 -0.6879
3.23 -0.6695 0.0000 -0.6695
3.16 -0.6465 0.0000 -0.6465
3.06 -0.6189 0.0000 -0.6189
2.96 -0.5867 -0.0000 -0.5867
2.80 -0.5407 0.0000 -0.5407
2.63 -0.4901 -0.0000 -0.4901
2.45 -0.4349 -0.0000 -0.4349
2.25 -0.3751 -0.0000 -0.3751
2.05 -0.3153 -0.0000 -0.3153
1.82 -0.2463 -0.0000 -0.2463
1.61 -0.1819 0.0000 -0.1819
1.39 -0.1175 0.0000 -0.1175
1.21 -0.0623 0.0000 -0.0623
1.05 -0.0163 0.0000 -0.0163
0.93 -0.0163 0.0000 0.0000
0.87 -0.0163 0.0000 0.0000
0.87 -0.0163 0.0000 0.0000
0.87 -0.0163 0.0000 0.0000
0.95 -0.0163 0.0000 0.0000
1.02 -0.0071 2.1758 2.1687
1.13 -0.0393 -1.0162 -1.0555
1.36 -0.1083 -1.3735 -1.4818
1.58 -0.1727 -0.9685 -1.1412
1.76 -0.2279 0.5884 0.3605
1.82 -0.2463 0.5397 0.2934
1.85 -0.2555 -0.3531 -0.6086
1.91 -0.2739 -0.0879 -0.3618
1.97 -0.2923 0.2577 -0.0346
1.99 -0.2969 -0.1113 -0.4082
1.97 -0.2923 -0.0779 -0.3702
1.91 -0.2739 0.1127 -0.1612
1.84 -0.2509 -0.0852 -0.3361
1.73 -0.2187 -0.0600 -0.2787
1.61 -0.1819 0.0012 -0.1807
1.45 -0.1359 -0.0093 -0.1452
1.32 -0.0945 0.0279 -0.0666
1.18 -0.0531 0.0214 -0.0317
1.05 -0.0163 0.0152 -0.0011
0.96 -0.0163 0.0152 0.0000
0.92 -0.0163 0.0152 0.0000
0.92 -0.0163 0.0152 0.0000
0.95 -0.0163 0.0152 0.0000
0.99 -0.0163 0.0152 0.0000
1.05 -0.0163 2.1758 2.1595
1.15 -0.0439 -1.8005 -1.8444
1.30 -0.0899 -1.3735 -1.4634
1.45 -0.1359 -0.9685 -1.1044
1.51 -0.1543 0.7308 0.5765
1.45 -0.1359 0.4691 0.3332
1.38 -0.1129 0.4492 0.3363
1.36 -0.1083 -0.1980 -0.3063
1.44 -0.1313 -0.2609 -0.3922
1.50 -0.1497 -0.1441 -0.2938
1.53 -0.1589 -0.0473 -0.2062
1.51 -0.1543 0.1013 -0.0530
1.47 -0.1405 -0.0680 -0.2085
1.44 -0.1313 0.0320 -0.0993
1.39 -0.1175 -0.0495 -0.1671
1.36 -0.1083 -0.0268 -0.1351
1.35 -0.1037 0.0020 -0.1017
1.33 -0.0991 -0.0045 -0.1036
1.32 -0.0945 0.0160 -0.0785
1.32 -0.0945 -0.0013 -0.0958
1.32 -0.0945 -0.0095 -0.1040
1.32 -0.0945 0.0062 -0.0883
1.33 -0.0991 0.0037 -0.0954
1.32 -0.0945 -0.0026 -0.0971
1.32 -0.0945 -0.0028 -0.0973
1.33 -0.0991 -0.0023 -0.1014
1.33 -0.0991 0.0011 -0.0980
1.33 -0.0991 -0.0010 -0.1001
1.33 -0.0991 0.0010 -0.0981
1.33 -0.0991 0.0002 -0.0989
1.33 -0.0991 -0.0004 -0.0996
1.33 -0.0991 0.0003 -0.0988
1.33 -0.0991 0.0003 -0.0988
1.33 -0.0991 0.0003 -0.0988
1.33 -0.0991 0.0001 -0.0990
1.32 -0.0945 0.0000 -0.0945
1.33 -0.0991 0.0001 -0.0990
1.33 -0.0991 0.0001 -0.0990
1.33 -0.0991 -0.0001 -0.0992
1.32 -0.0945 -0.0000 -0.0946
1.33 -0.0991 0.0000 -0.0991
1.32 -0.0945 0.0000 -0.0945
1.33 -0.0991 -0.0000 -0.0991
1.33 -0.0991 -0.0000 -0.0991
1.33 -0.0991 0.0000 -0.0991
1.32 -0.0945 -0.0000 -0.0945
1.32 -0.0945 -0.0000 -0.0945
1.32 -0.0945 0.0000 -0.0945
1.33 -0.0991 0.0000 -0.0991
1.33 -0.0991 0.0000 -0.0991
1.33 -0.0991 0.0000 -0.0991
1.33 -0.0991 -0.0000 -0.0991
1.33 -0.0991 0.0000 -0.0991
1.33 -0.0991 -0.0000 -0.0991
1.33 -0.0991 0.0000 -0.0991
1.33 -0.0991 0.0000 -0.0991
1.33 -0.0991 -0.0000 -0.0991
1.35 -0.1037 0.0000 -0.1037
1.35 -0.1037 0.0000 -0.1037
1.35 -0.1037 0.0000 -0.1037
1.35 -0.1037 -0.0000 -0.1037
1.35 -0.1037 0.0000 -0.1037
1.35 -0.1037 -0.0000 -0.1037
1.35 -0.1037 -0.0000 -0.1037
1.35 -0.1037 0.0000 -0.1037
1.35 -0.1037 0.0000 -0.1037
1.35 -0.1037 -0.0000 -0.1037
1.35 -0.1037 0.0000 -0.1037
1.35 -0.1037 0.0000 -0.1037
1.35 -0.1037 -0.0000 -0.1037
1.35 -0.1037 -0.0000 -0.1037
1.35 -0.1037 -0.0000 -0.1037
1.35 -0.1037 0.0000 -0.1037
1.35 -0.1037 -0.0000 -0.1037
1.35 -0.1037 -0.0000 -0.1037
1.35 -0.1037 -0.0000 -0.1037
1.35 -0.1037 -0.0000 -0.1037
1.35 -0.1037 0.0000 -0.1037
1.35 -0.1037 0.0000 -0.1037
1.35 -0.1037 -0.0000 -0.1037
1.35 -0.1037 0.0000 -0.1037
1.35 -0.1037 0.0000 -0.1037
1.35 -0.1037 -0.0000 -0.1037
1.35 -0.1037 -0.0000 -0.1037
1.35 -0.1037 -0.0000 -0.1037
1.35 -0.1037 -0.0000 -0.1037
1.35 -0.1037 -0.0000 -0.1037
1.35 -0.1037 -0.0000 -0.1037
1.35 -0.1037 -0.0000 -0.1037
1.35 -0.1037 -0.0000 -0.1037
1.35 -0.1037 -0.0000 -0.1037
1.35 -0.1037 -0.0000 -0.1037
1.35 -0.1037 0.0000 -0.1037
1.35 -0.1037 0.0000 -0.1037
1.35 -0.1037 -0.0000 -0.1037
1.35 -0.1037 0.0000 -0.1037
1.35 -0.1037 -0.0000 -0.1037
1.35 -0.1037 0.0000 -0.1037
1.35 -0.1037 -0.0000 -0.1037
1.35 -0.1037 0.0000 -0.1037
1.35 -0.1037 0.0000 -0.1037
1.35 -0.1037 -0.0000 -0.1037
1.35 -0.1037 -0.0000 -0.1037
1.35 -0.1037 0.0000 -0.1037
1.35 -0.1037 0.0000 -0.1037
1.35 -0.1037 -0.0000 -0.1037
1.36 -0.1083 -0.0000 -0.1083
1.41 -0.1221 0.0000 -0.1221
1.48 -0.1451 -0.0000 -0.1451
1.64 -0.1911 -0.0000 -0.1911
1.85 -0.2555 -0.0000 -0.2555
2.14 -0.3429 -0.0000 -0.3429
2.48 -0.4441 -0.0000 -0.4441
2.91 -0.5729 -0.0000 -0.5729
3.37 -0.7109 0.0000 -0.7109
3.89 -0.8673 -0.0000 -0.8673
4.52 -1.0559 0.0000 -1.0559
5.41 -1.3227 0.0000 -1.3227
5.41 -1.3227 0.0000 -1.3227
8.08 -2.1231 0.0000 -2.1231
13.98 -3.8941 -0.0000 -3.8941
16.85 -4.7543 0.0000 -4.7543
18.15 -5.1453 0.0000 -5.1453
18.92 -5.3753 0.0000 -5.3753
19.42 -5.5271 -0.0000 -5.5271
19.76 -5.6283 -0.0000 -5.6283
19.88 -5.6651 -0.0000 -5.6651
19.73 -5.6191 -0.0000 -5.6191
19.47 -5.5409 0.0000 -5.5409
19.09 -5.4259 0.0000 -5.4259
19.55 -5.5639 -0.0000 -5.5639
19.10 -5.4305 -0.0000 -5.4305
18.58 -5.2741 -0.0000 -5.2741
17.89 -5.0671 0.0000 -5.0671
16.95 -4.7865 -0.0000 -4.7865
15.65 -4.3955 -0.0000 -4.3955
13.43 -3.7285 -0.0000 -3.7285
10.51 -2.8545 0.0000 -2.8545
8.92 -2.3761 0.0000 -2.3761
7.85 -2.0541 0.0000 -2.0541
7.40 -1.9207 -0.0000 -1.9207
7.26 -1.8793 -0.0000 -1.8793
7.37 -1.9115 0.0000 -1.9115
7.68 -2.0035 -0.0000 -2.0035
8.17 -2.1507 0.0000 -2.1507
8.72 -2.3163 -0.0000 -2.3163
9.15 -2.4451 -0.0000 -2.4451
9.23 -2.4681 0.0000 -2.4681
9.15 -2.4451 0.0000 -2.4451
8.81 -2.3439 -0.0000 -2.3439
8.26 -2.1783 0.0000 -2.1783
7.49 -1.9483 0.0000 -1.9483
6.80 -1.7413 0.0000 -1.7413
6.22 -1.5665 -0.0000 -1.5665
5.56 -1.3687 0.0000 -1.3687
5.81 -1.4423 0.0000 -1.4423
5.39 -1.3181 0.0000 -1.3181
5.03 -1.2077 -0.0000 -1.2077
4.69 -1.1065 -0.0000 -1.1065
4.38 -1.0145 0.0000 -1.0145
4.11 -0.9317 -0.0000 -0.9317
3.88 -0.8627 0.0000 -0.8627
3.68 -0.8029 -0.0000 -0.8029
3.49 -0.7477 -0.0000 -0.7477
3.32 -0.6971 -0.0000 -0.6971
3.19 -0.6557 -0.0000 -0.6557
3.05 -0.6143 -0.0000 -0.6143
2.89 -0.5683 -0.0000 -0.5683
2.76 -0.5269 0.0000 -0.5269
2.59 -0.4763 0.0000 -0.4763
2.42 -0.4257 -0.0000 -0.4257
2.27 -0.3797 -0.0000 -0.3797
2.11 -0.3337 -0.0000 -0.3337
1.96 -0.2877 0.0000 -0.2877
1.82 -0.2463 -0.0000 -0.2463
1.70 -0.2095 0.0000 -0.2095
1.59 -0.1773 0.0000 -0.1773
1.51 -0.1543 -0.0000 -0.1543
1.47 -0.1405 -0.0000 -0.1405
1.44 -0.1313 -0.0000 -0.1313
1.44 -0.1313 0.0000 -0.1313
1.44 -0.1313 -0.0000 -0.1313
1.44 -0.1313 0.0000 -0.1313
1.45 -0.1359 0.0000 -0.1359
1.44 -0.1313 -0.0000 -0.1313
1.45 -0.1359 -0.0000 -0.1359
1.45 -0.1359 -0.0000 -0.1359
1.44 -0.1313 -0.0000 -0.1313
1.44 -0.1313 0.0000 -0.1313
1.44 -0.1313 -0.0000 -0.1313
1.44 -0.1313 0.0000 -0.1313
1.45 -0.1359 0.0000 -0.1359
1.45 -0.1359 -0.0000 -0.1359
1.44 -0.1313 -0.0000 -0.1313
1.44 -0.1313 0.0000 -0.1313
1.44 -0.1313 -0.0000 -0.1313
1.44 -0.1313 0.0000 -0.1313
1.44 -0.1313 0.0000 -0.1313
1.44 -0.1313 0.0000 -0.1313
1.44 -0.1313 -0.0000 -0.1313
1.45 -0.1359 -0.0000 -0.1359
1.44 -0.1313 -0.0000 -0.1313
1.44 -0.1313 0.0000 -0.1313
1.44 -0.1313 0.0000 -0.1313
1.45 -0.1359 -0.0000 -0.1359
1.44 -0.1313 -0.0000 -0.1313
1.44 -0.1313 0.0000 -0.1313
1.44 -0.1313 -0.0000 -0.1313
1.44 -0.1313 0.0000 -0.1313
1.44 -0.1313 0.0000 -0.1313
1.44 -0.1313 -0.0000 -0.1313
1.44 -0.1313 -0.0000 -0.1313
1.44 -0.1313 -0.0000 -0.1313
1.45 -0.1359 0.0000 -0.1359
1.44 -0.1313 0.0000 -0.1313
1.45 -0.1359 -0.0000 -0.1359
1.44 -0.1313 0.0000 -0.1313
1.45 -0.1359 0.0000 -0.1359
1.44 -0.1313 0.0000 -0.1313
1.44 -0.1313 0.0000 -0.1313
1.44 -0.1313 -0.0000 -0.1313
1.44 -0.1313 -0.0000 -0.1313
1.44 -0.1313 0.0000 -0.1313
1.44 -0.1313 0.0000 -0.1313
1.44 -0.1313 -0.0000 -0.1313
1.44 -0.1313 0.0000 -0.1313
1.44 -0.1313 -0.0000 -0.1313
1.44 -0.1313 0.0000 -0.1313
1.45 -0.1359 0.0000 -0.1359
1.44 -0.1313 -0.0000 -0.1313
1.44 -0.1313 0.0000 -0.1313
1.44 -0.1313 -0.0000 -0.1313
1.44 -0.1313 -0.0000 -0.1313
1.44 -0.1313 -0.0000 -0.1313
1.44 -0.1313 0.0000 -0.1313
1.44 -0.1313 -0.0000 -0.1313
1.44 -0.1313 0.0000 -0.1313
1.44 -0.1313 -0.0000 -0.1313
1.44 -0.1313 0.0000 -0.1313
1.44 -0.1313 -0.0000 -0.1313
1.44 -0.1313 0.0000 -0.1313
1.44 -0.1313 -0.0000 -0.1313
1.44 -0.1313 0.0000 -0.1313
1.44 -0.1313 -0.0000 -0.1313
1.44 -0.1313 -0.0000 -0.1313
1.44 -0.1313 0.0000 -0.1313
1.44 -0.1313 -0.0000 -0.1313
1.44 -0.1313 0.0000 -0.1313
1.44 -0.1313 0.0000 -0.1313
1.44 -0.1313 0.0000 -0.1313
1.45 -0.1359 0.0000 -0.1359
1.44 -0.1313 0.0000 -0.1313
1.44 -0.1313 -0.0000 -0.1313
1.44 -0.1313 0.0000 -0.1313
1.45 -0.1359 -0.0000 -0.1359
1.44 -0.1313 0.0000 -0.1313
1.44 -0.1313 0.0000 -0.1313
1.44 -0.1313 0.0000 -0.1313
1.44 -0.1313 0.0000 -0.1313
1.44 -0.1313 0.0000 -0.1313
1.44 -0.1313 -0.0000 -0.1313
1.44 -0.1313 -0.0000 -0.1313
1.44 -0.1313 0.0000 -0.1313
1.44 -0.1313 -0.0000 -0.1313
1.44 -0.1313 -0.0000 -0.1313
1.44 -0.1313 -0.0000 -0.1313
1.44 -0.1313 0.0000 -0.1313
1.44 -0.1313 0.0000 -0.1313
1.44 -0.1313 -0.0000 -0.1313
1.44 -0.1313 0.0000 -0.1313
1.44 -0.1313 -0.0000 -0.1313
1.44 -0.1313 0.0000 -0.1313
1.44 -0.1313 -0.0000 -0.1313
1.44 -0.1313 0.0000 -0.1313
1.44 -0.1313 -0.0000 -0.1313
1.44 -0.1313 0.0000 -0.1313
1.44 -0.1313 -0.0000 -0.1313
1.44 -0.1313 -0.0000 -0.1313
1.44 -0.1313 -0.0000 -0.1313
1.44 -0.1313 0.0000 -0.1313
1.44 -0.1313 -0.0000 -0.1313
1.44 -0.1313 -0.0000 -0.1313
1.44 -0.1313 -0.0000 -0.1313
1.44 -0.1313 -0.0000 -0.1313
1.44 -0.1313 -0.0000 -0.1313
1.44 -0.1313 0.0000 -0.1313
1.44 -0.1313 -0.0000 -0.1313
1.44 -0.1313 0.0000 -0.1313
1.44 -0.1313 -0.0000 -0.1313
1.44 -0.1313 0.0000 -0.1313
1.44 -0.1313 -0.0000 -0.1313
1.44 -0.1313 -0.0000 -0.1313
1.44 -0.1313 0.0000 -0.1313
1.44 -0.1313 -0.0000 -0.1313
1.44 -0.1313 0.0000 -0.1313
1.44 -0.1313 -0.0000 -0.1313
1.44 -0.1313 0.0000 -0.1313
1.44 -0.1313 0.0000 -0.1313
1.45 -0.1359 -0.0000 -0.1359
1.44 -0.1313 0.0000 -0.1313
1.44 -0.1313 -0.0000 -0.1313
1.44 -0.1313 0.0000 -0.1313
1.44 -0.1313 -0.0000 -0.1313
1.45 -0.1359 0.0000 -0.1359
1.45 -0.1359 -0.0000 -0.1359
1.45 -0.1359 0.0000 -0.1359
1.45 -0.1359 0.0000 -0.1359
1.45 -0.1359 -0.0000 -0.1359
1.45 -0.1359 0.0000 -0.1359
1.45 -0.1359 0.0000 -0.1359
1.45 -0.1359 -0.0000 -0.1359
1.45 -0.1359 -0.0000 -0.1359
1.45 -0.1359 0.0000 -0.1359
1.47 -0.1405 -0.0000 -0.1405
1.47 -0.1405 0.0000 -0.1405
1.48 -0.1451 0.0000 -0.1451
1.48 -0.1451 0.0000 -0.1451
1.50 -0.1497 0.0000 -0.1497
1.51 -0.1543 0.0000 -0.1543
1.53 -0.1589 -0.0000 -0.1589
1.53 -0.1589 0.0000 -0.1589
1.55 -0.1635 0.0000 -0.1635
1.56 -0.1681 -0.0000 -0.1681
1.56 -0.1681 -0.0000 -0.1681
1.56 -0.1681 -0.0000 -0.1681
1.56 -0.1681 0.0000 -0.1681
1.56 -0.1681 -0.0000 -0.1681
1.56 -0.1681 0.0000 -0.1681
1.56 -0.1681 -0.0000 -0.1681
1.58 -0.1727 -0.0000 -0.1727
1.56 -0.1681 -0.0000 -0.1681
1.56 -0.1681 0.0000 -0.1681
1.56 -0.1681 0.0000 -0.1681
1.56 -0.1681 0.0000 -0.1681
1.56 -0.1681 -0.0000 -0.1681
1.58 -0.1727 -0.0000 -0.1727
1.58 -0.1727 0.0000 -0.1727
1.58 -0.1727 0.0000 -0.1727
1.58 -0.1727 0.0000 -0.1727
1.58 -0.1727 0.0000 -0.1727
1.58 -0.1727 -0.0000 -0.1727
1.58 -0.1727 -0.0000 -0.1727
1.58 -0.1727 -0.0000 -0.1727
1.58 -0.1727 0.0000 -0.1727
1.59 -0.1773 0.0000 -0.1773
1.61 -0.1819 -0.0000 -0.1819
1.62 -0.1865 0.0000 -0.1865
1.65 -0.1957 -0.0000 -0.1957
1.68 -0.2049 0.0000 -0.2049
1.71 -0.2141 0.0000 -0.2141
1.76 -0.2279 0.0000 -0.2279
1.82 -0.2463 -0.0000 -0.2463
1.88 -0.2647 0.0000 -0.2647
1.96 -0.2877 0.0000 -0.2877
2.05 -0.3153 0.0000 -0.3153
2.16 -0.3475 0.0000 -0.3475
2.27 -0.3797 -0.0000 -0.3797
2.40 -0.4211 0.0000 -0.4211
2.56 -0.4671 0.0000 -0.4671
2.73 -0.5177 0.0000 -0.5177
2.91 -0.5729 0.0000 -0.5729
3.11 -0.6327 -0.0000 -0.6327
3.34 -0.7017 -0.0000 -0.7017
3.58 -0.7753 0.0000 -0.7753
3.91 -0.8719 -0.0000 -0.8719
4.31 -0.9915 0.0000 -0.9915
4.75 -1.1249 0.0000 -1.1249
5.29 -1.2859 -0.0000 -1.2859
5.99 -1.4975 0.0000 -1.4975
5.99 -1.4975 -0.0000 -1.4975
7.80 -2.0403 0.0000 -2.0403
11.59 -3.1765 -0.0000 -3.1765
15.18 -4.2529 0.0000 -4.2529
16.72 -4.7175 -0.0000 -4.7175
17.61 -4.9843 -0.0000 -4.9843
18.09 -5.1269 0.0000 -5.1269
18.32 -5.1959 0.0000 -5.1959
18.30 -5.1913 0.0000 -5.1913
18.17 -5.1499 0.0000 -5.1499
17.87 -5.0625 0.0000 -5.0625
17.46 -4.9383 0.0000 -4.9383
16.85 -4.7543 0.0000 -4.7543
16.16 -4.5473 0.0000 -4.5473
15.34 -4.3035 0.0000 -4.3035
14.32 -3.9953 0.0000 -3.9953
12.98 -3.5951 0.0000 -3.5951
11.99 -3.2961 0.0000 -3.2961
11.25 -3.0753 0.0000 -3.0753
10.90 -2.9695 0.0000 -2.9695
10.81 -2.9419 0.0000 -2.9419
11.24 -3.0707 0.0000 -3.0707
11.60 -3.1811 0.0000 -3.1811
12.03 -3.3099 0.0000 -3.3099
12.39 -3.4157 0.0000 -3.4157
12.54 -3.4617 0.0000 -3.4617
12.54 -3.4617 0.0000 -3.4617
12.60 -3.4801 0.0000 -3.4801
12.29 -3.3881 0.0000 -3.3881
11.96 -3.2869 0.0000 -3.2869
11.33 -3.0983 0.0000 -3.0983
10.38 -2.8131 0.0000 -2.8131
9.44 -2.5325 0.0000 -2.5325
8.86 -2.3577 0.0000 -2.3577
8.38 -2.2151 0.0000 -2.2151
8.03 -2.1093 0.0000 -2.1093
7.85 -2.0541 0.0000 -2.0541
7.82 -2.0449 0.0000 -2.0449
7.80 -2.0403 0.0000 -2.0403
7.85 -2.0541 0.0000 -2.0541
7.85 -2.0541 0.0000 -2.0541
7.86 -2.0587 0.0000 -2.0587
7.86 -2.0587 0.0000 -2.0587
7.86 -2.0587 0.0000 -2.0587
7.85 -2.0541 0.0000 -2.0541
7.82 -2.0449 0.0000 -2.0449
7.75 -2.0265 0.0000 -2.0265
7.63 -1.9897 0.0000 -1.9897
7.43 -1.9299 0.0000 -1.9299
7.19 -1.8563 0.0000 -1.8563
6.93 -1.7781 0.0000 -1.7781
6.64 -1.6907 0.0000 -1.6907
6.38 -1.6125 0.0000 -1.6125
6.10 -1.5297 0.0000 -1.5297
5.87 -1.4607 0.0000 -1.4607
5.67 -1.4009 0.0000 -1.4009
5.49 -1.3457 0.0000 -1.3457
5.32 -1.2951 0.0000 -1.2951
6.13 -1.5389 0.0000 -1.5389
5.99 -1.4975 0.0000 -1.4975
5.84 -1.4515 0.0000 -1.4515
5.65 -1.3963 0.0000 -1.3963
5.44 -1.3319 0.0000 -1.3319
5.21 -1.2629 0.0000 -1.2629
4.95 -1.1847 0.0000 -1.1847
4.70 -1.1111 0.0000 -1.1111
4.46 -1.0375 0.0000 -1.0375
4.23 -0.9685 0.0000 -0.9685
4.01 -0.9041 0.0000 -0.9041
3.81 -0.8443 0.0000 -0.8443
3.66 -0.7983 0.0000 -0.7983
3.51 -0.7523 0.0000 -0.7523
3.37 -0.7109 0.0000 -0.7109
3.25 -0.6741 0.0000 -0.6741
3.14 -0.6419 0.0000 -0.6419
3.03 -0.6097 0.0000 -0.6097
2.89 -0.5683 0.0000 -0.5683
2.77 -0.5315 0.0000 -0.5315
2.62 -0.4855 0.0000 -0.4855
2.47 -0.4395 0.0000 -0.4395
2.33 -0.3981 0.0000 -0.3981
2.17 -0.3521 0.0000 -0.3521
2.05 -0.3153 0.0000 -0.3153
1.94 -0.2831 0.0000 -0.2831
1.84 -0.2509 0.0000 -0.2509
1.76 -0.2279 0.0000 -0.2279
1.68 -0.2049 0.0000 -0.2049
1.65 -0.1957 0.0000 -0.1957
1.64 -0.1911 0.0000 -0.1911
1.64 -0.1911 0.0000 -0.1911
1.64 -0.1911 0.0000 -0.1911
1.64 -0.1911 0.0000 -0.1911
1.64 -0.1911 0.0000 -0.1911
1.64 -0.1911 0.0000 -0.1911
1.64 -0.1911 0.0000 -0.1911
1.64 -0.1911 0.0000 -0.1911
1.64 -0.1911 0.0000 -0.1911
1.64 -0.1911 0.0000 -0.1911
1.64 -0.1911 0.0000 -0.1911
1.64 -0.1911 0.0000 -0.1911
1.64 -0.1911 0.0000 -0.1911
1.64 -0.1911 0.0000 -0.1911
1.64 -0.1911 0.0000 -0.1911
1.64 -0.1911 0.0000 -0.1911
1.64 -0.1911 0.0000 -0.1911
1.64 -0.1911 0.0000 -0.1911
1.64 -0.1911 0.0000 -0.1911
1.64 -0.1911 0.0000 -0.1911
1.64 -0.1911 0.0000 -0.1911
1.64 -0.1911 0.0000 -0.1911
1.64 -0.1911 0.0000 -0.1911
1.64 -0.1911 0.0000 -0.1911
1.64 -0.1911 0.0000 -0.1911
1.64 -0.1911 0.0000 -0.1911
1.64 -0.1911 0.0000 -0.1911
1.64 -0.1911 0.0000 -0.1911
1.64 -0.1911 0.0000 -0.1911
1.64 -0.1911 0.0000 -0.1911
1.64 -0.1911 0.0000 -0.1911
1.64 -0.1911 0.0000 -0.1911
1.64 -0.1911 0.0000 -0.1911
1.64 -0.1911 0.0000 -0.1911
1.64 -0.1911 0.0000 -0.1911
1.64 -0.1911 0.0000 -0.1911
1.64 -0.1911 0.0000 -0.1911
1.64 -0.1911 0.0000 -0.1911
1.64 -0.1911 0.0000 -0.1911
1.64 -0.1911 0.0000 -0.1911
1.64 -0.1911 0.0000 -0.1911
1.64 -0.1911 0.0000 -0.1911
1.64 -0.1911 0.0000 -0.1911
1.64 -0.1911 0.0000 -0.1911
1.64 -0.1911 0.0000 -0.1911
1.64 -0.1911 0.0000 -0.1911
1.64 -0.1911 0.0000 -0.1911
1.64 -0.1911 0.0000 -0.1911
1.64 -0.1911 0.0000 -0.1911
1.64 -0.1911 0.0000 -0.1911
1.64 -0.1911 0.0000 -0.1911
1.64 -0.1911 0.0000 -0.1911
1.64 -0.1911 0.0000 -0.1911
1.64 -0.1911 0.0000 -0.1911
1.64 -0.1911 0.0000 -0.1911
1.64 -0.1911 0.0000 -0.1911
1.64 -0.1911 0.0000 -0.1911
1.64 -0.1911 0.0000 -0.1911
1.64 -0.1911 0.0000 -0.1911
1.64 -0.1911 0.0000 -0.1911
1.64 -0.1911 0.0000 -0.1911
1.64 -0.1911 0.0000 -0.1911
1.64 -0.1911 0.0000 -0.1911
1.64 -0.1911 0.0000 -0.1911
1.64 -0.1911 0.0000 -0.1911
1.64 -0.1911 0.0000 -0.1911
1.64 -0.1911 0.0000 -0.1911
1.64 -0.1911 0.0000 -0.1911
1.64 -0.1911 0.0000 -0.1911
1.64 -0.1911 0.0000 -0.1911
1.64 -0.1911 0.0000 -0.1911
1.64 -0.1911 0.0000 -0.1911
1.64 -0.1911 0.0000 -0.1911
1.64 -0.1911 0.0000 -0.1911
1.64 -0.1911 0.0000 -0.1911
1.64 -0.1911 0.0000 -0.1911
1.64 -0.1911 0.0000 -0.1911
1.64 -0.1911 0.0000 -0.1911
1.64 -0.1911 0.0000 -0.1911
1.64 -0.1911 0.0000 -0.1911
1.64 -0.1911 0.0000 -0.1911
1.64 -0.1911 0.0000 -0.1911
1.64 -0.1911 0.0000 -0.1911
1.64 -0.1911 0.0000 -0.1911
1.64 -0.1911 0.0000 -0.1911
1.64 -0.1911 0.0000 -0.1911
1.64 -0.1911 0.0000 -0.1911
1.64 -0.1911 0.0000 -0.1911
1.64 -0.1911 0.0000 -0.1911
1.64 -0.1911 0.0000 -0.1911
1.64 -0.1911 0.0000 -0.1911
1.64 -0.1911 0.0000 -0.1911
1.64 -0.1911 0.0000 -0.1911
1.64 -0.1911 0.0000 -0.1911
1.64 -0.1911 0.0000 -0.1911
1.64 -0.1911 0.0000 -0.1911
1.64 -0.1911 0.0000 -0.1911
1.64 -0.1911 0.0000 -0.1911
1.64 -0.1911 0.0000 -0.1911
1.64 -0.1911 0.0000 -0.1911
1.64 -0.1911 0.0000 -0.1911
1.64 -0.1911 0.0000 -0.1911
1.64 -0.1911 0.0000 -0.1911
1.64 -0.1911 0.0000 -0.1911
1.64 -0.1911 0.0000 -0.1911
1.64 -0.1911 0.0000 -0.1911
1.64 -0.1911 0.0000 -0.1911
1.64 -0.1911 0.0000 -0.1911
1.64 -0.1911 0.0000 -0.1911
1.64 -0.1911 0.0000 -0.1911
1.64 -0.1911 0.0000 -0.1911
1.64 -0.1911 0.0000 -0.1911
1.64 -0.1911 0.0000 -0.1911
1.64 -0.1911 0.0000 -0.1911
1.64 -0.1911 0.0000 -0.1911
1.64 -0.1911 0.0000 -0.1911
1.64 -0.1911 0.0000 -0.1911
1.64 -0.1911 0.0000 -0.1911
1.64 -0.1911 0.0000 -0.1911
1.64 -0.1911 0.0000 -0.1911
1.64 -0.1911 0.0000 -0.1911
1.64 -0.1911 0.0000 -0.1911
1.64 -0.1911 0.0000 -0.1911
1.64 -0.1911 0.0000 -0.1911
1.64 -0.1911 0.0000 -0.1911
1.64 -0.1911 0.0000 -0.1911
1.64 -0.1911 0.0000 -0.1911
1.64 -0.1911 0.0000 -0.1911
1.64 -0.1911 0.0000 -0.1911
1.64 -0.1911 0.0000 -0.1911
1.64 -0.1911 0.0000 -0.1911
1.64 -0.1911 0.0000 -0.1911
1.64 -0.1911 0.0000 -0.1911
1.64 -0.1911 0.0000 -0.1911
1.64 -0.1911 0.0000 -0.1911
1.64 -0.1911 0.0000 -0.1911
1.64 -0.1911 0.0000 -0.1911
1.64 -0.1911 0.0000 -0.1911
1.64 -0.1911 0.0000 -0.1911
1.64 -0.1911 0.0000 -0.1911
1.64 -0.1911 0.0000 -0.1911
1.64 -0.1911 0.0000 -0.1911
1.64 -0.1911 0.0000 -0.1911
1.64 -0.1911 0.0000 -0.1911
1.64 -0.1911 0.0000 -0.1911
1.64 -0.1911 0.0000 -0.1911
1.64 -0.1911 0.0000 -0.1911
1.64 -0.1911 0.0000 -0.1911
1.64 -0.1911 0.0000 -0.1911
1.64 -0.1911 0.0000 -0.1911
1.64 -0.1911 0.0000 -0.1911
1.64 -0.1911 0.0000 -0.1911
1.64 -0.1911 0.0000 -0.1911
1.64 -0.1911 0.0000 -0.1911
1.64 -0.1911 0.0000 -0.1911
1.64 -0.1911 0.0000 -0.1911
1.64 -0.1911 0.0000 -0.1911
1.64 -0.1911 0.0000 -0.1911
1.64 -0.1911 0.0000 -0.1911
1.64 -0.1911 0.0000 -0.1911
1.64 -0.1911 0.0000 -0.1911
1.64 -0.1911 0.0000 -0.1911
1.64 -0.1911 0.0000 -0.1911
1.64 -0.1911 0.0000 -0.1911
1.64 -0.1911 0.0000 -0.1911
1.64 -0.1911 0.0000 -0.1911
1.64 -0.1911 0.0000 -0.1911
1.64 -0.1911 0.0000 -0.1911
1.64 -0.1911 0.0000 -0.1911
1.64 -0.1911 0.0000 -0.1911
1.64 -0.1911 0.0000 -0.1911
1.64 -0.1911 0.0000 -0.1911
1.64 -0.1911 0.0000 -0.1911
1.64 -0.1911 0.0000 -0.1911
1.64 -0.1911 0.0000 -0.1911
1.64 -0.1911 0.0000 -0.1911
1.64 -0.1911 0.0000 -0.1911
1.64 -0.1911 0.0000 -0.1911
1.64 -0.1911 0.0000 -0.1911
1.64 -0.1911 0.0000 -0.1911
1.64 -0.1911 0.0000 -0.1911
1.64 -0.1911 0.0000 -0.1911
1.64 -0.1911 0.0000 -0.1911
1.64 -0.1911 0.0000 -0.1911
1.64 -0.1911 0.0000 -0.1911
1.64 -0.1911 0.0000 -0.1911
1.64 -0.1911 0.0000 -0.1911
1.64 -0.1911 0.0000 -0.1911
1.64 -0.1911 0.0000 -0.1911
1.64 -0.1911 0.0000 -0.1911
1.64 -0.1911 0.0000 -0.1911
1.64 -0.1911 0.0000 -0.1911
1.64 -0.1911 0.0000 -0.1911
1.64 -0.1911 0.0000 -0.1911
1.64 -0.1911 0.0000 -0.1911
1.64 -0.1911 0.0000 -0.1911
1.64 -0.1911 0.0000 -0.1911
1.64 -0.1911 0.0000 -0.1911
1.64 -0.1911 0.0000 -0.1911
1.64 -0.1911 0.0000 -0.1911
1.64 -0.1911 0.0000 -0.1911
1.64 -0.1911 0.0000 -0.1911
1.64 -0.1911 0.0000 -0.1911
1.64 -0.1911 0.0000 -0.1911
1.64 -0.1911 0.0000 -0.1911
1.64 -0.1911 0.0000 -0.1911
1.64 -0.1911 0.0000 -0.1911
1.64 -0.1911 0.0000 -0.1911
1.64 -0.1911 0.0000 -0.1911
1.64 -0.1911 0.0000 -0.1911
1.64 -0.1911 0.0000 -0.1911
1.64 -0.1911 0.0000 -0.1911
1.64 -0.1911 0.0000 -0.1911
1.64 -0.1911 0.0000 -0.1911
1.64 -0.1911 0.0000 -0.1911
1.64 -0.1911 0.0000 -0.1911
1.64 -0.1911 0.0000 -0.1911
1.64 -0.1911 0.0000 -0.1911
1.64 -0.1911 0.0000 -0.1911
1.64 -0.1911 0.0000 -0.1911
1.64 -0.1911 0.0000 -0.1911
1.64 -0.1911 0.0000 -0.1911
1.64 -0.1911 0.0000 -0.1911
1.64 -0.1911 0.0000 -0.1911
1.65 -0.1957 0.0000 -0.1957
1.68 -0.2049 0.0000 -0.2049
1.74 -0.2233 0.0000 -0.2233
1.82 -0.2463 0.0000 -0.2463
1.97 -0.2923 0.0000 -0.2923
2.16 -0.3475 0.0000 -0.3475
2.39 -0.4165 0.0000 -0.4165
2.66 -0.4993 0.0000 -0.4993
2.97 -0.5913 0.0000 -0.5913
3.32 -0.6971 0.0000 -0.6971
3.71 -0.8121 0.0000 -0.8121
4.20 -0.9593 0.0000 -0.9593
4.75 -1.1249 0.0000 -1.1249
5.52 -1.3549 0.0000 -1.3549
5.52 -1.3549 0.0000 -1.3549
7.46 -1.9391 0.0000 -1.9391
12.51 -3.4525 0.0000 -3.4525
16.26 -4.5795 0.0000 -4.5795
17.83 -5.0487 0.0000 -5.0487
18.73 -5.3201 0.0000 -5.3201
18.79 -5.3385 0.0000 -5.3385
19.15 -5.4443 0.0000 -5.4443
19.48 -5.5455 0.0000 -5.5455
19.67 -5.6007 0.0000 -5.6007
19.64 -5.5915 0.0000 -5.5915
19.52 -5.5547 0.0000 -5.5547
19.32 -5.4949 0.0000 -5.4949
19.09 -5.4259 0.0000 -5.4259
18.83 -5.3477 0.0000 -5.3477
18.55 -5.2649 0.0000 -5.2649
19.93 -5.6789 0.0000 -5.6789
19.71 -5.6145 0.0000 -5.6145
19.52 -5.5547 0.0000 -5.5547
19.35 -5.5041 0.0000 -5.5041
19.21 -5.4627 0.0000 -5.4627
19.01 -5.4029 0.0000 -5.4029
18.78 -5.3339 0.0000 -5.3339
18.46 -5.2373 0.0000 -5.2373
18.10 -5.1315 0.0000 -5.1315
17.61 -4.9843 0.0000 -4.9843
17.05 -4.8141 0.0000 -4.8141
16.42 -4.6255 0.0000 -4.6255
15.73 -4.4185 0.0000 -4.4185
14.95 -4.1839 0.0000 -4.1839
14.01 -3.9033 0.0000 -3.9033
13.27 -3.6825 0.0000 -3.6825
12.83 -3.5491 0.0000 -3.5491
12.45 -3.4341 0.0000 -3.4341
12.03 -3.3099 0.0000 -3.3099
11.48 -3.1443 0.0000 -3.1443
11.19 -3.0569 0.0000 -3.0569
11.13 -3.0385 0.0000 -3.0385
11.14 -3.0431 0.0000 -3.0431
11.14 -3.0431 0.0000 -3.0431
11.08 -3.0247 0.0000 -3.0247
11.10 -3.0293 0.0000 -3.0293
11.14 -3.0431 0.0000 -3.0431
11.10 -3.0293 0.0000 -3.0293
10.97 -2.9925 0.0000 -2.9925
10.78 -2.9327 0.0000 -2.9327
10.58 -2.8729 0.0000 -2.8729
10.42 -2.8269 0.0000 -2.8269
10.28 -2.7855 0.0000 -2.7855
10.13 -2.7395 0.0000 -2.7395
10.01 -2.7027 0.0000 -2.7027
9.89 -2.6659 0.0000 -2.6659
9.82 -2.6475 0.0000 -2.6475
9.79 -2.6383 0.0000 -2.6383
9.76 -2.6291 0.0000 -2.6291
9.73 -2.6199 0.0000 -2.6199
9.69 -2.6061 0.0000 -2.6061
9.63 -2.5877 0.0000 -2.5877
9.53 -2.5601 0.0000 -2.5601
9.40 -2.5187 0.0000 -2.5187
9.21 -2.4635 0.0000 -2.4635
8.95 -2.3853 0.0000 -2.3853
8.66 -2.2979 0.0000 -2.2979
8.31 -2.1921 0.0000 -2.1921
7.98 -2.0955 0.0000 -2.0955
7.65 -1.9943 0.0000 -1.9943
7.39 -1.9161 0.0000 -1.9161
7.13 -1.8379 0.0000 -1.8379
6.91 -1.7735 0.0000 -1.7735
6.71 -1.7137 0.0000 -1.7137
6.54 -1.6631 0.0000 -1.6631
6.39 -1.6171 0.0000 -1.6171
6.25 -1.5757 0.0000 -1.5757
6.13 -1.5389 0.0000 -1.5389
6.01 -1.5021 0.0000 -1.5021
6.16 -1.5481 0.0000 -1.5481
6.02 -1.5067 0.0000 -1.5067
5.88 -1.4653 0.0000 -1.4653
5.72 -1.4147 0.0000 -1.4147
5.53 -1.3595 0.0000 -1.3595
5.33 -1.2997 0.0000 -1.2997
5.13 -1.2399 0.0000 -1.2399
4.92 -1.1755 0.0000 -1.1755
4.72 -1.1157 0.0000 -1.1157
4.52 -1.0559 0.0000 -1.0559
4.35 -1.0053 0.0000 -1.0053
4.18 -0.9547 0.0000 -0.9547
4.04 -0.9133 0.0000 -0.9133
3.91 -0.8719 0.0000 -0.8719
3.81 -0.8443 0.0000 -0.8443
3.72 -0.8167 0.0000 -0.8167
3.66 -0.7983 0.0000 -0.7983
3.62 -0.7845 0.0000 -0.7845
3.55 -0.7661 0.0000 -0.7661
3.52 -0.7569 0.0000 -0.7569
3.48 -0.7431 0.0000 -0.7431
3.45 -0.7339 0.0000 -0.7339
3.39 -0.7155 0.0000 -0.7155
3.32 -0.6971 0.0000 -0.6971
3.25 -0.6741 0.0000 -0.6741
3.14 -0.6419 0.0000 -0.6419
3.02 -0.6051 0.0000 -0.6051
2.85 -0.5545 0.0000 -0.5545
2.65 -0.4947 0.0000 -0.4947
2.42 -0.4257 0.0000 -0.4257
2.16 -0.3475 0.0000 -0.3475
1.88 -0.2647 0.0000 -0.2647
1.56 -0.1681 0.0000 -0.1681
1.24 -0.0715 0.0000 -0.0715
0.87 -0.0715 0.0000 0.0000
0.59 -0.0715 0.0000 0.0000
0.33 -0.0715 0.0000 0.0000
0.17 -0.0715 0.0000 0.0000
0.06 -0.0715 0.0000 0.0000
0.06 -0.0715 0.0000 0.0000
0.09 -0.0715 0.0000 0.0000
0.18 -0.0715 0.0000 0.0000
0.27 -0.0715 0.0000 0.0000
0.38 -0.0715 0.0000 0.0000
0.47 -0.0715 0.0000 0.0000
0.55 -0.0715 0.0000 0.0000
0.61 -0.0715 0.0000 0.0000
0.64 -0.0715 0.0000 0.0000
0.66 -0.0715 0.0000 0.0000
0.66 -0.0715 0.0000 0.0000
0.64 -0.0715 0.0000 0.0000
0.63 -0.0715 0.0000 0.0000
0.59 -0.0715 0.0000 0.0000
0.58 -0.0715 0.0000 0.0000
0.53 -0.0715 0.0000 0.0000
0.50 -0.0715 0.0000 0.0000
0.44 -0.0715 0.0000 0.0000
0.38 -0.0715 0.0000 0.0000
0.30 -0.0715 0.0000 0.0000
0.23 -0.0715 0.0000 0.0000
0.12 -0.0715 0.0000 0.0000
-0.00 -0.0715 0.0000 0.0000
-0.16 -0.0715 0.0000 0.0000
-0.34 -0.0715 0.0000 0.0000
-0.57 -0.0715 0.0000 0.0000
-0.83 -0.0715 0.0000 0.0000
-1.17 -0.0715 0.0000 0.0000
-1.61 -0.0715 0.0000 0.0000
-2.13 -0.0715 0.0000 0.0000
-2.73 -0.0715 0.0000 0.0000
-3.39 -0.0715 0.0000 0.0000
-3.97 -0.0715 0.0000 0.0000
-4.59 -0.0715 0.0000 0.0000
-5.12 -0.0715 0.0000 0.0000
-5.62 -0.0715 0.0000 0.0000
-6.01 -0.0715 0.0000 0.0000
-6.31 -0.0715 0.0000 0.0000
-6.57 -0.0715 0.0000 0.0000
-6.77 -0.0715 0.0000 0.0000
-6.93 -0.0715 0.0000 0.0000
-7.09 -0.0715 0.0000 0.0000
-7.23 -0.0715 0.0000 0.0000
-7.33 -0.0715 0.0000 0.0000
-7.42 -0.0715 0.0000 0.0000
-7.49 -0.0715 0.0000 0.0000
-7.55 -0.0715 0.0000 0.0000
-7.58 -0.0715 0.0000 0.0000
-7.59 -0.0715 0.0000 0.0000
-7.59 -0.0715 0.0000 0.0000
-7.59 -0.0715 0.0000 0.0000
-7.59 -0.0715 0.0000 0.0000
-7.59 -0.0715 0.0000 0.0000
-7.59 -0.0715 0.0000 0.0000
-7.59 -0.0715 0.0000 0.0000
-7.61 -0.0715 0.0000 0.0000
-7.61 -0.0715 0.0000 0.0000
-7.61 -0.0715 0.0000 0.0000
-7.61 -0.0715 0.0000 0.0000
-7.62 -0.0715 0.0000 0.0000
-7.62 -0.0715 0.0000 0.0000
-7.62 -0.0715 0.0000 0.0000
-7.64 -0.0715 0.0000 0.0000
-7.64 -0.0715 0.0000 0.0000
-7.64 -0.0715 0.0000 0.0000
-7.65 -0.0715 0.0000 0.0000
-7.67 -0.0715 0.0000 0.0000
-7.67 -0.0715 0.0000 0.0000
-7.67 -0.0715 0.0000 0.0000
-7.67 -0.0715 0.0000 0.0000
-7.67 -0.0715 0.0000 0.0000
-7.67 -0.0715 0.0000 0.0000
-7.69 -0.0715 0.0000 0.0000
-7.69 -0.0715 0.0000 0.0000
-7.69 -0.0715 0.0000 0.0000
-7.69 -0.0715 0.0000 0.0000
-7.69 -0.0715 0.0000 0.0000
-7.70 -0.0715 0.0000 0.0000
-7.70 -0.0715 0.0000 0.0000
-7.72 -0.0715 0.0000 0.0000
-7.72 -0.0715 0.0000 0.0000
-7.72 -0.0715 0.0000 0.0000
-7.73 -0.0715 0.0000 0.0000
-7.73 -0.0715 0.0000 0.0000
-7.73 -0.0715 0.0000 0.0000
-7.73 -0.0715 0.0000 0.0000
-7.75 -0.0715 0.0000 0.0000
-7.73 -0.0715 0.0000 0.0000
-7.75 -0.0715 0.0000 0.0000
-7.73 -0.0715 0.0000 0.0000
-7.73 -0.0715 0.0000 0.0000
-7.73 -0.0715 0.0000 0.0000
-7.73 -0.0715 0.0000 0.0000
-7.75 -0.0715 0.0000 0.0000
-7.75 -0.0715 0.0000 0.0000
-7.75 -0.0715 0.0000 0.0000
-7.75 -0.0715 0.0000 0.0000
-7.73 -0.0715 0.0000 0.0000
-7.73 -0.0715 0.0000 0.0000
-7.73 -0.0715 0.0000 0.0000
-7.73 -0.0715 0.0000 0.0000
-7.73 -0.0715 0.0000 0.0000
-7.73 -0.0715 0.0000 0.0000
-7.73 -0.0715 0.0000 0.0000
-7.73 -0.0715 0.0000 0.0000
-7.72 -0.0715 0.0000 0.0000
-7.72 -0.0715 0.0000 0.0000
-7.72 -0.0715 0.0000 0.0000
-7.72 -0.0715 0.0000 0.0000
-7.72 -0.0715 0.0000 0.0000
-7.72 -0.0715 0.0000 0.0000
-7.72 -0.0715 0.0000 0.0000
-7.72 -0.0715 0.0000 0.0000
-7.72 -0.0715 0.0000 0.0000
-7.72 -0.0715 0.0000 0.0000
-7.72 -0.0715 0.0000 0.0000
-7.72 -0.0715 0.0000 0.0000
-7.72 -0.0715 0.0000 0.0000
-7.72 -0.0715 0.0000 0.0000
-7.72 -0.0715 0.0000 0.0000
-7.72 -0.0715 0.0000 0.0000
-7.73 -0.0715 0.0000 0.0000
-7.73 -0.0715 0.0000 0.0000
-7.72 -0.0715 0.0000 0.0000
-7.73 -0.0715 0.0000 0.0000
-7.73 -0.0715 0.0000 0.0000
-7.73 -0.0715 0.0000 0.0000
-7.73 -0.0715 0.0000 0.0000
-7.72 -0.0715 0.0000 0.0000
-7.73 -0.0715 0.0000 0.0000
-7.73 -0.0715 0.0000 0.0000
-7.72 -0.0715 0.0000 0.0000
-7.73 -0.0715 0.0000 0.0000
-7.73 -0.0715 0.0000 0.0000
-7.72 -0.0715 0.0000 0.0000
-7.72 -0.0715 0.0000 0.0000
-7.72 -0.0715 0.0000 0.0000
-7.72 -0.0715 0.0000 0.0000
-7.72 -0.0715 0.0000 0.0000
-7.72 -0.0715 0.0000 0.0000
-7.72 -0.0715 0.0000 0.0000
-7.72 -0.0715 0.0000 0.0000
-7.72 -0.0715 0.0000 0.0000
-7.72 -0.0715 0.0000 0.0000
-7.70 -0.0715 0.0000 0.0000
-7.70 -0.0715 0.0000 0.0000
-7.70 -0.0715 0.0000 0.0000
-7.70 -0.0715 0.0000 0.0000
-7.69 -0.0715 0.0000 0.0000
-7.69 -0.0715 0.0000 0.0000
-7.69 -0.0715 0.0000 0.0000
-7.67 -0.0715 0.0000 0.0000
-7.67 -0.0715 0.0000 0.0000
-7.67 -0.0715 0.0000 0.0000
-7.65 -0.0715 0.0000 0.0000
-7.64 -0.0715 0.0000 0.0000
-7.61 -0.0715 0.0000 0.0000
-7.58 -0.0715 0.0000 0.0000
-7.53 -0.0715 0.0000 0.0000
-7.47 -0.0715 0.0000 0.0000
-7.38 -0.0715 0.0000 0.0000
-7.29 -0.0715 0.0000 0.0000
-7.18 -0.0715 0.0000 0.0000
-7.03 -0.0715 0.0000 0.0000
-6.86 -0.0715 0.0000 0.0000
-6.67 -0.0715 0.0000 0.0000
-6.43 -0.0715 0.0000 0.0000
-6.11 -0.0715 0.0000 0.0000
-5.65 -0.0715 0.0000 0.0000
-5.05 -0.0715 0.0000 0.0000
-4.19 -0.0715 0.0000 0.0000
-3.04 -0.0715 0.0000 0.0000
-1.57 -0.0715 0.0000 0.0000
-0.06 -0.0715 0.0000 0.0000
1.28 -0.0853 0.0000 -0.0853
2.47 -0.4395 -0.1979 -0.6374
3.43 -0.7293 1.3610 0.6317
4.29 -0.9869 1.0697 0.0828
5.36 -1.3089 0.7781 -0.5308
5.36 -1.3089 0.5201 -0.7888
12.37 -3.4111 0.3114 -3.0997
3.86 -0.8581 0.1353 -0.7228
5.27 -1.2813 0.2529 -1.0284
6.15 -1.5435 -0.1375 -1.6810
6.15 -1.5435 0.1441 -1.3994
7.65 -1.9943 -0.0798 -2.0741
9.98 -2.6935 0.0608 -2.6327
12.72 -3.5169 -0.0620 -3.5789
14.56 -4.0689 0.0120 -4.0569
15.62 -4.3863 -0.0342 -4.4204
16.10 -4.5289 0.0087 -4.5202
16.20 -4.5611 -0.0167 -4.5778
16.03 -4.5105 -0.0109 -4.5213
15.68 -4.4047 0.0078 -4.3969
15.15 -4.2437 -0.0016 -4.2453
14.30 -3.9907 -0.0033 -3.9940
13.20 -3.6595 0.0045 -3.6549
11.99 -3.2961 -0.0021 -3.2982
10.61 -2.8821 -0.0025 -2.8846
9.36 -2.5095 0.0008 -2.5087
8.46 -2.2381 -0.0007 -2.2388
7.80 -2.0403 -0.0008 -2.0411
7.37 -1.9115 -0.0008 -1.9123
7.11 -1.8333 0.0006 -1.8327
7.00 -1.8011 0.0001 -1.8010
6.99 -1.7965 -0.0000 -1.7965
7.07 -1.8195 0.0000 -1.8195
7.16 -1.8471 -0.0002 -1.8473
7.30 -1.8885 0.0001 -1.8884
7.43 -1.9299 0.0001 -1.9298
7.56 -1.9667 -0.0000 -1.9667
7.63 -1.9897 0.0001 -1.9896
7.69 -2.0081 -0.0000 -2.0081
7.72 -2.0173 0.0000 -2.0173
7.71 -2.0127 -0.0000 -2.0127
7.71 -2.0127 0.0000 -2.0127
7.71 -2.0127 0.0000 -2.0127
7.71 -2.0127 0.0000 -2.0127
7.71 -2.0127 -0.0000 -2.0127
7.71 -2.0127 0.0000 -2.0127
7.69 -2.0081 0.0000 -2.0081
7.66 -1.9989 0.0000 -1.9989
7.62 -1.9851 0.0000 -1.9851
7.56 -1.9667 -0.0000 -1.9667
7.48 -1.9437 -0.0000 -1.9437
7.37 -1.9115 0.0000 -1.9115
7.25 -1.8747 -0.0000 -1.8747
7.13 -1.8379 -0.0000 -1.8379
7.00 -1.8011 0.0000 -1.8011
6.85 -1.7551 -0.0000 -1.7551
6.70 -1.7091 -0.0000 -1.7091
6.53 -1.6585 -0.0000 -1.6585
6.33 -1.5987 0.0000 -1.5987
6.13 -1.5389 0.0000 -1.5389
5.92 -1.4745 -0.0000 -1.4745
5.70 -1.4101 0.0000 -1.4101
5.50 -1.3503 0.0000 -1.3503
5.30 -1.2905 0.0000 -1.2905
5.12 -1.2353 -0.0000 -1.2353
6.05 -1.5159 -0.0000 -1.5159
5.88 -1.4653 0.0000 -1.4653
5.73 -1.4193 -0.0000 -1.4193
5.55 -1.3641 0.0000 -1.3641
5.38 -1.3135 -0.0000 -1.3135
5.18 -1.2537 0.0000 -1.2537
4.93 -1.1801 0.0000 -1.1801
4.67 -1.1019 -0.0000 -1.1019
4.35 -1.0053 -0.0000 -1.0053
3.97 -0.8903 0.0000 -0.8903
3.49 -0.7477 -0.0000 -0.7477
2.93 -0.5775 0.0000 -0.5775
2.22 -0.3659 0.0000 -0.3659
1.15 -0.0439 0.0000 -0.0439
-1.03 -0.0439 0.0000 0.0000
-3.09 -0.0439 0.0000 0.0000
-4.63 -0.0439 0.0000 0.0000
-5.89 -0.0439 0.0000 0.0000
-6.73 -0.0439 0.0000 0.0000
-7.24 -0.0439 0.0000 0.0000
-7.59 -0.0439 0.0000 0.0000
-7.88 -0.0439 0.0000 0.0000
-7.88 -0.0439 0.0000 0.0000
-8.08 -0.0439 0.0000 0.0000
-8.27 -0.0439 0.0000 0.0000
-8.42 -0.0439 0.0000 0.0000
-8.59 -0.0439 0.0000 0.0000
-8.74 -0.0439 0.0000 0.0000
-8.90 -0.0439 0.0000 0.0000
-9.05 -0.0439 0.0000 0.0000
-9.19 -0.0439 0.0000 0.0000
-9.31 -0.0439 0.0000 0.0000
-9.43 -0.0439 0.0000 0.0000
-9.56 -0.0439 0.0000 0.0000
-9.66 -0.0439 0.0000 0.0000
-9.74 -0.0439 0.0000 0.0000
-9.83 -0.0439 0.0000 0.0000
-9.89 -0.0439 0.0000 0.0000
-9.94 -0.0439 0.0000 0.0000
-9.97 -0.0439 0.0000 0.0000
-10.00 -0.0439 0.0000 0.0000
-10.02 -0.0439 0.0000 0.0000
-10.02 -0.0439 0.0000 0.0000
-10.02 -0.0439 0.0000 0.0000
-10.00 -0.0439 0.0000 0.0000
-10.02 -0.0439 0.0000 0.0000
-10.02 -0.0439 0.0000 0.0000
-10.02 -0.0439 0.0000 0.0000
-10.02 -0.0439 0.0000 0.0000
-10.03 -0.0439 0.0000 0.0000
-10.05 -0.0439 0.0000 0.0000
-10.05 -0.0439 0.0000 0.0000
-10.08 -0.0439 0.0000 0.0000
-10.09 -0.0439 0.0000 0.0000
-10.12 -0.0439 0.0000 0.0000
-10.15 -0.0439 0.0000 0.0000
-10.22 -0.0439 0.0000 0.0000
-10.26 -0.0439 0.0000 0.0000
-10.32 -0.0439 0.0000 0.0000
-10.38 -0.0439 0.0000 0.0000
-10.46 -0.0439 0.0000 0.0000
-10.55 -0.0439 0.0000 0.0000
-10.66 -0.0439 0.0000 0.0000
-10.78 -0.0439 0.0000 0.0000
-10.94 -0.0439 0.0000 0.0000
-11.15 -0.0439 0.0000 0.0000
-11.41 -0.0439 0.0000 0.0000
-11.70 -0.0439 0.0000 0.0000
-12.07 -0.0439 0.0000 0.0000
-12.52 -0.0439 0.0000 0.0000
-13.07 -0.0439 0.0000 0.0000
-13.68 -0.0439 0.0000 0.0000
-14.39 -0.0439 0.0000 0.0000
-15.15 -0.0439 0.0000 0.0000
-16.03 -0.0439 0.0000 0.0000
-16.93 -0.0439 0.0000 0.0000
-17.77 -0.0439 0.0000 0.0000
-18.46 -0.0439 0.0000 0.0000
-19.06 -0.0439 0.0000 0.0000
-19.60 -0.0439 0.0000 0.0000
-19.95 -0.0439 0.0000 0.0000
-20.24 -0.0439 0.0000 0.0000
-20.47 -0.0439 0.0000 0.0000
-20.64 -0.0439 0.0000 0.0000
-20.76 -0.0439 0.0000 0.0000
-20.86 -0.0439 0.0000 0.0000
-20.93 -0.0439 0.0000 0.0000
-20.96 -0.0439 0.0000 0.0000
-20.99 -0.0439 0.0000 0.0000
-21.01 -0.0439 0.0000 0.0000
-21.03 -0.0439 0.0000 0.0000
-21.01 -0.0439 0.0000 0.0000
-21.01 -0.0439 0.0000 0.0000
-21.03 -0.0439 0.0000 0.0000
-21.03 -0.0439 0.0000 0.0000
-21.03 -0.0439 0.0000 0.0000
-21.03 -0.0439 0.0000 0.0000
-21.03 -0.0439 0.0000 0.0000
-21.03 -0.0439 0.0000 0.0000
-21.03 -0.0439 0.0000 0.0000
-21.03 -0.0439 0.0000 0.0000
-21.04 -0.0439 0.0000 0.0000
-21.04 -0.0439 0.0000 0.0000
-21.04 -0.0439 0.0000 0.0000
-21.06 -0.0439 0.0000 0.0000
-21.06 -0.0439 0.0000 0.0000
-21.09 -0.0439 0.0000 0.0000
-21.10 -0.0439 0.0000 0.0000
-21.12 -0.0439 0.0000 0.0000
-21.15 -0.0439 0.0000 0.0000
-21.18 -0.0439 0.0000 0.0000
-21.21 -0.0439 0.0000 0.0000
-21.26 -0.0439 0.0000 0.0000
-21.29 -0.0439 0.0000 0.0000
-21.32 -0.0439 0.0000 0.0000
-21.35 -0.0439 0.0000 0.0000
-21.36 -0.0439 0.0000 0.0000
-21.38 -0.0439 0.0000 0.0000
-21.38 -0.0439 0.0000 0.0000
-21.38 -0.0439 0.0000 0.0000
-21.38 -0.0439 0.0000 0.0000
-21.38 -0.0439 0.0000 0.0000
-21.38 -0.0439 0.0000 0.0000
-21.38 -0.0439 0.0000 0.0000
-21.39 -0.0439 0.0000 0.0000
-21.38 -0.0439 0.0000 0.0000
-21.39 -0.0439 0.0000 0.0000
-21.38 -0.0439 0.0000 0.0000
-21.39 -0.0439 0.0000 0.0000
-21.38 -0.0439 0.0000 0.0000
-21.39 -0.0439 0.0000 0.0000
-21.39 -0.0439 0.0000 0.0000
-21.39 -0.0439 0.0000 0.0000
-21.39 -0.0439 0.0000 0.0000
-21.39 -0.0439 0.0000 0.0000
-21.39 -0.0439 0.0000 0.0000
-21.39 -0.0439 0.0000 0.0000
-21.39 -0.0439 0.0000 0.0000
-21.41 -0.0439 0.0000 0.0000
-21.41 -0.0439 0.0000 0.0000
-21.41 -0.0439 0.0000 0.0000
-21.41 -0.0439 0.0000 0.0000
-21.42 -0.0439 0.0000 0.0000
-21.42 -0.0439 0.0000 0.0000
-21.44 -0.0439 0.0000 0.0000
-21.44 -0.0439 0.0000 0.0000
-21.44 -0.0439 0.0000 0.0000
-21.45 -0.0439 0.0000 0.0000
-21.45 -0.0439 0.0000 0.0000
-21.45 -0.0439 0.0000 0.0000
-21.45 -0.0439 0.0000 0.0000
-21.45 -0.0439 0.0000 0.0000
-21.45 -0.0439 0.0000 0.0000
-21.45 -0.0439 0.0000 0.0000
-21.45 -0.0439 0.0000 0.0000
-21.45 -0.0439 0.0000 0.0000
-21.45 -0.0439 0.0000 0.0000
-21.45 -0.0439 0.0000 0.0000
-21.45 -0.0439 0.0000 0.0000
-21.47 -0.0439 0.0000 0.0000
-21.47 -0.0439 0.0000 0.0000
-21.47 -0.0439 0.0000 0.0000
-21.47 -0.0439 0.0000 0.0000
-21.47 -0.0439 0.0000 0.0000
-21.47 -0.0439 0.0000 0.0000
-21.47 -0.0439 0.0000 0.0000
-21.47 -0.0439 0.0000 0.0000
-21.47 -0.0439 0.0000 0.0000
-21.49 -0.0439 0.0000 0.0000
-21.47 -0.0439 0.0000 0.0000
-21.49 -0.0439 0.0000 0.0000
-21.47 -0.0439 0.0000 0.0000
-21.47 -0.0439 0.0000 0.0000
-21.47 -0.0439 0.0000 0.0000
-21.47 -0.0439 0.0000 0.0000
-21.47 -0.0439 0.0000 0.0000
-21.47 -0.0439 0.0000 0.0000
-21.47 -0.0439 0.0000 0.0000
-21.47 -0.0439 0.0000 0.0000
-21.47 -0.0439 0.0000 0.0000
-21.47 -0.0439 0.0000 0.0000
-21.47 -0.0439 0.0000 0.0000
-21.47 -0.0439 0.0000 0.0000
-21.47 -0.0439 0.0000 0.0000
-21.47 -0.0439 0.0000 0.0000
-21.47 -0.0439 0.0000 0.0000
-21.47 -0.0439 0.0000 0.0000
-21.47 -0.0439 0.0000 0.0000
-21.47 -0.0439 0.0000 0.0000
-21.47 -0.0439 0.0000 0.0000
-21.47 -0.0439 0.0000 0.0000
-21.47 -0.0439 0.0000 0.0000
-21.45 -0.0439 0.0000 0.0000
-21.45 -0.0439 0.0000 0.0000
-21.45 -0.0439 0.0000 0.0000
-21.45 -0.0439 0.0000 0.0000
-21.45 -0.0439 0.0000 0.0000
-21.45 -0.0439 0.0000 0.0000
-21.44 -0.0439 0.0000 0.0000
-21.44 -0.0439 0.0000 0.0000
-21.44 -0.0439 0.0000 0.0000
-21.44 -0.0439 0.0000 0.0000
-21.44 -0.0439 0.0000 0.0000
-21.42 -0.0439 0.0000 0.0000
-21.42 -0.0439 0.0000 0.0000
-21.42 -0.0439 0.0000 0.0000
-21.41 -0.0439 0.0000 0.0000
-21.41 -0.0439 0.0000 0.0000
-21.39 -0.0439 0.0000 0.0000
-21.38 -0.0439 0.0000 0.0000
-21.35 -0.0439 0.0000 0.0000
-21.32 -0.0439 0.0000 0.0000
-21.27 -0.0439 0.0000 0.0000
-21.19 -0.0439 0.0000 0.0000
-21.12 -0.0439 0.0000 0.0000
-21.03 -0.0439 0.0000 0.0000
-20.89 -0.0439 0.0000 0.0000
-20.72 -0.0439 0.0000 0.0000
-20.44 -0.0439 0.0000 0.0000
-20.04 -0.0439 0.0000 0.0000
-19.43 -0.0439 0.0000 0.0000
-18.51 -0.0439 0.0000 0.0000
-17.18 -0.0439 0.0000 0.0000
-15.24 -0.0439 0.0000 0.0000
-13.40 -0.0439 0.0000 0.0000
-11.96 -0.0439 0.0000 0.0000
-10.89 -0.0439 0.0000 0.0000
-9.97 -0.0439 0.0000 0.0000
-8.94 -0.0439 0.0000 0.0000
-7.69 -0.0439 0.0000 0.0000
-2.53 -0.0439 0.0000 0.0000
-7.69 -0.0439 0.0000 0.0000
-5.92 -0.0439 0.0000 0.0000
-7.76 -0.0439 0.0000 0.0000
-5.83 -0.0439 0.0000 0.0000
-1.77 -0.0439 0.0000 0.0000
2.27 -0.3797 2.1758 1.7961
4.50 -1.0513 1.3797 0.3284
-7.36 -1.0513 1.3797 0.0000
2.48 -0.4441 2.1758 1.7317
-7.36 -0.4441 2.1758 0.0000
-20.03 -0.4441 2.1758 0.0000
-5.09 -0.4441 2.1758 0.0000
-0.94 -0.4441 2.1758 0.0000
3.91 -0.8719 2.1758 1.3039
5.07 -1.2215 -0.4971 -1.7186
3.74 -0.8213 1.3635 0.5422
2.45 -0.4349 1.0383 0.6034
1.41 -0.1221 -0.2355 -0.3576
1.13 -0.0393 -0.4477 -0.4870
1.32 -0.0945 0.0086 -0.0859
1.50 -0.1497 -0.1980 -0.3477
1.62 -0.1865 -0.1334 -0.3199
1.68 -0.2049 0.1973 -0.0076
1.73 -0.2187 0.1396 -0.0791
1.71 -0.2141 0.1013 -0.1128
1.71 -0.2141 0.0514 -0.1627
1.73 -0.2187 0.0320 -0.1867
1.70 -0.2095 -0.0245 -0.2340
1.68 -0.2049 -0.0268 -0.2317
1.67 -0.2003 0.0020 -0.1983
1.65 -0.1957 -0.0211 -0.2169
1.59 -0.1773 0.0160 -0.1613
1.47 -0.1405 -0.0075 -0.1480
1.24 -0.0715 -0.0034 -0.0749
0.86 -0.0715 -0.0034 0.0000
0.52 -0.0715 -0.0034 0.0000
0.10 -0.0715 -0.0034 0.0000
-0.31 -0.0715 -0.0034 0.0000
-0.72 -0.0715 -0.0034 0.0000
-1.18 -0.0715 -0.0034 0.0000
-1.72 -0.0715 -0.0034 0.0000
-2.33 -0.0715 -0.0034 0.0000
-3.01 -0.0715 -0.0034 0.0000
-3.62 -0.0715 -0.0034 0.0000
-4.16 -0.0715 -0.0034 0.0000
-4.63 -0.0715 -0.0034 0.0000
-5.05 -0.0715 -0.0034 0.0000
-5.46 -0.0715 -0.0034 0.0000
-5.86 -0.0715 -0.0034 0.0000
-6.21 -0.0715 -0.0034 0.0000
-6.57 -0.0715 -0.0034 0.0000
-6.90 -0.0715 -0.0034 0.0000
-7.24 -0.0715 -0.0034 0.0000
-7.55 -0.0715 -0.0034 0.0000
-7.82 -0.0715 -0.0034 0.0000
-7.82 -0.0715 -0.0034 0.0000
-8.10 -0.0715 -0.0034 0.0000
-8.38 -0.0715 -0.0034 0.0000
-8.68 -0.0715 -0.0034 0.0000
-9.03 -0.0715 -0.0034 0.0000
-9.42 -0.0715 -0.0034 0.0000
-9.88 -0.0715 -0.0034 0.0000
-10.46 -0.0715 -0.0034 0.0000
-11.29 -0.0715 -0.0034 0.0000
-12.44 -0.0715 -0.0034 0.0000
-15.34 -0.0715 -0.0034 0.0000
-18.27 -0.0715 -0.0034 0.0000
-20.26 -0.0715 -0.0034 0.0000
-21.10 -0.0715 -0.0034 0.0000
-21.67 -0.0715 -0.0034 0.0000
-21.53 -0.0715 -0.0034 0.0000
-21.85 -0.0715 -0.0034 0.0000
-22.14 -0.0715 -0.0034 0.0000
-22.41 -0.0715 -0.0034 0.0000
-22.64 -0.0715 -0.0034 0.0000
-22.87 -0.0715 -0.0034 0.0000
-23.06 -0.0715 -0.0034 0.0000
-23.25 -0.0715 -0.0034 0.0000
-23.42 -0.0715 -0.0034 0.0000
-23.59 -0.0715 -0.0034 0.0000
-23.74 -0.0715 -0.0034 0.0000
-23.89 -0.0715 -0.0034 0.0000
-24.05 -0.0715 -0.0034 0.0000
-24.21 -0.0715 -0.0034 0.0000
-24.41 -0.0715 -0.0034 0.0000
-24.64 -0.0715 -0.0034 0.0000
-24.90 -0.0715 -0.0034 0.0000
-25.24 -0.0715 -0.0034 0.0000
-25.59 -0.0715 -0.0034 0.0000
-25.99 -0.0715 -0.0034 0.0000
-26.48 -0.0715 -0.0034 0.0000
-27.01 -0.0715 -0.0034 0.0000
-27.59 -0.0715 -0.0034 0.0000
-28.26 -0.0715 -0.0034 0.0000
-28.94 -0.0715 -0.0034 0.0000
-29.66 -0.0715 -0.0034 0.0000
-30.44 -0.0715 -0.0034 0.0000
-31.16 -0.0715 -0.0034 0.0000
-31.79 -0.0715 -0.0034 0.0000
-32.39 -0.0715 -0.0034 0.0000
-32.92 -0.0715 -0.0034 0.0000
-33.37 -0.0715 -0.0034 0.0000
-33.75 -0.0715 -0.0034 0.0000
-34.09 -0.0715 -0.0034 0.0000
-34.38 -0.0715 -0.0034 0.0000
-34.66 -0.0715 -0.0034 0.0000
-34.92 -0.0715 -0.0034 0.0000
-35.16 -0.0715 -0.0034 0.0000
-35.39 -0.0715 -0.0034 0.0000
-35.79 -0.0715 -0.0034 0.0000
-35.98 -0.0715 -0.0034 0.0000
-36.17 -0.0715 -0.0034 0.0000
-36.34 -0.0715 -0.0034 0.0000
-36.51 -0.0715 -0.0034 0.0000
-36.70 -0.0715 -0.0034 0.0000
-36.90 -0.0715 -0.0034 0.0000
-37.13 -0.0715 -0.0034 0.0000
-37.34 -0.0715 -0.0034 0.0000
-37.59 -0.0715 -0.0034 0.0000
-37.88 -0.0715 -0.0034 0.0000
-38.18 -0.0715 -0.0034 0.0000
-38.51 -0.0715 -0.0034 0.0000
-38.90 -0.0715 -0.0034 0.0000
-39.33 -0.0715 -0.0034 0.0000
-39.79 -0.0715 -0.0034 0.0000
-40.47 -0.0715 -0.0034 0.0000
-41.76 -0.0715 -0.0034 0.0000
-43.20 -0.0715 -0.0034 0.0000
-45.21 -0.0715 -0.0034 0.0000
-46.57 -0.0715 -0.0034 0.0000
-47.89 -0.0715 -0.0034 0.0000
-48.78 -0.0715 -0.0034 0.0000
-49.32 -0.0715 -0.0034 0.0000
-49.73 -0.0715 -0.0034 0.0000
-49.13 -0.0715 -0.0034 0.0000
-49.47 -0.0715 -0.0034 0.0000
-49.79 -0.0715 -0.0034 0.0000
-50.11 -0.0715 -0.0034 0.0000
-50.40 -0.0715 -0.0034 0.0000
-50.70 -0.0715 -0.0034 0.0000
-50.99 -0.0715 -0.0034 0.0000
-51.25 -0.0715 -0.0034 0.0000
-51.49 -0.0715 -0.0034 0.0000
-51.75 -0.0715 -0.0034 0.0000
-52.00 -0.0715 -0.0034 0.0000
-52.26 -0.0715 -0.0034 0.0000
-52.58 -0.0715 -0.0034 0.0000
-52.86 -0.0715 -0.0034 0.0000
-53.21 -0.0715 -0.0034 0.0000
-53.55 -0.0715 -0.0034 0.0000
-53.82 -0.0715 -0.0034 0.0000
-54.11 -0.0715 -0.0034 0.0000
-54.34 -0.0715 -0.0034 0.0000
-54.48 -0.0715 -0.0034 0.0000
-54.57 -0.0715 -0.0034 0.0000
-54.57 -0.0715 -0.0034 0.0000
-54.56 -0.0715 -0.0034 0.0000
-54.53 -0.0715 -0.0034 0.0000
-54.51 -0.0715 -0.0034 0.0000
-54.51 -0.0715 -0.0034 0.0000
-54.51 -0.0715 -0.0034 0.0000
-54.51 -0.0715 -0.0034 0.0000
-54.51 -0.0715 -0.0034 0.0000
-54.50 -0.0715 -0.0034 0.0000
-54.50 -0.0715 -0.0034 0.0000
-54.50 -0.0715 -0.0034 0.0000
-54.50 -0.0715 -0.0034 0.0000
-54.51 -0.0715 -0.0034 0.0000
-54.51 -0.0715 -0.0034 0.0000
-54.53 -0.0715 -0.0034 0.0000
-54.53 -0.0715 -0.0034 0.0000
-54.53 -0.0715 -0.0034 0.0000
-54.53 -0.0715 -0.0034 0.0000
-54.53 -0.0715 -0.0034 0.0000
-54.53 -0.0715 -0.0034 0.0000
-54.53 -0.0715 -0.0034 0.0000
-54.53 -0.0715 -0.0034 0.0000
-54.53 -0.0715 -0.0034 0.0000
-54.53 -0.0715 -0.0034 0.0000
-54.51 -0.0715 -0.0034 0.0000
-54.50 -0.0715 -0.0034 0.0000
-54.48 -0.0715 -0.0034 0.0000
-54.47 -0.0715 -0.0034 0.0000
-54.45 -0.0715 -0.0034 0.0000
-54.44 -0.0715 -0.0034 0.0000
-54.42 -0.0715 -0.0034 0.0000
-54.41 -0.0715 -0.0034 0.0000
-54.39 -0.0715 -0.0034 0.0000
-54.38 -0.0715 -0.0034 0.0000
-54.36 -0.0715 -0.0034 0.0000
-54.34 -0.0715 -0.0034 0.0000
-54.33 -0.0715 -0.0034 0.0000
-54.30 -0.0715 -0.0034 0.0000
-54.27 -0.0715 -0.0034 0.0000
-54.24 -0.0715 -0.0034 0.0000
-54.19 -0.0715 -0.0034 0.0000
-54.15 -0.0715 -0.0034 0.0000
-54.10 -0.0715 -0.0034 0.0000
-54.04 -0.0715 -0.0034 0.0000
-53.96 -0.0715 -0.0034 0.0000
-53.87 -0.0715 -0.0034 0.0000
-53.78 -0.0715 -0.0034 0.0000
-53.67 -0.0715 -0.0034 0.0000
-53.53 -0.0715 -0.0034 0.0000
-53.39 -0.0715 -0.0034 0.0000
-53.24 -0.0715 -0.0034 0.0000
-53.06 -0.0715 -0.0034 0.0000
-52.89 -0.0715 -0.0034 0.0000
-52.69 -0.0715 -0.0034 0.0000
-52.50 -0.0715 -0.0034 0.0000
-52.31 -0.0715 -0.0034 0.0000
-52.11 -0.0715 -0.0034 0.0000
-51.92 -0.0715 -0.0034 0.0000
-51.75 -0.0715 -0.0034 0.0000
-51.54 -0.0715 -0.0034 0.0000
-51.34 -0.0715 -0.0034 0.0000
-51.12 -0.0715 -0.0034 0.0000
-50.86 -0.0715 -0.0034 0.0000
-50.60 -0.0715 -0.0034 0.0000
-50.33 -0.0715 -0.0034 0.0000
-50.01 -0.0715 -0.0034 0.0000
-49.68 -0.0715 -0.0034 0.0000
-49.32 -0.0715 -0.0034 0.0000
-48.90 -0.0715 -0.0034 0.0000
-48.53 -0.0715 -0.0034 0.0000
-47.81 -0.0715 -0.0034 0.0000
-46.57 -0.0715 -0.0034 0.0000
-44.90 -0.0715 -0.0034 0.0000
-42.14 -0.0715 -0.0034 0.0000
-40.02 -0.0715 -0.0034 0.0000
-38.81 -0.0715 -0.0034 0.0000
-38.00 -0.0715 -0.0034 0.0000
-37.42 -0.0715 -0.0034 0.0000
-36.94 -0.0715 -0.0034 0.0000
-36.53 -0.0715 -0.0034 0.0000
-36.17 -0.0715 -0.0034 0.0000
-35.85 -0.0715 -0.0034 0.0000
-35.55 -0.0715 -0.0034 0.0000
-35.27 -0.0715 -0.0034 0.0000
-34.96 -0.0715 -0.0034 0.0000
-35.42 -0.0715 -0.0034 0.0000
-35.07 -0.0715 -0.0034 0.0000
-34.60 -0.0715 -0.0034 0.0000
-34.06 -0.0715 -0.0034 0.0000
-33.40 -0.0715 -0.0034 0.0000
-32.45 -0.0715 -0.0034 0.0000
-31.36 -0.0715 -0.0034 0.0000
-30.03 -0.0715 -0.0034 0.0000
-28.43 -0.0715 -0.0034 0.0000
-27.17 -0.0715 -0.0034 0.0000
-26.15 -0.0715 -0.0034 0.0000
-25.29 -0.0715 -0.0034 0.0000
-24.67 -0.0715 -0.0034 0.0000
-24.18 -0.0715 -0.0034 0.0000
-23.74 -0.0715 -0.0034 0.0000
-23.34 -0.0715 -0.0034 0.0000
-22.97 -0.0715 -0.0034 0.0000
-22.62 -0.0715 -0.0034 0.0000
-22.30 -0.0715 -0.0034 0.0000
-22.04 -0.0715 -0.0034 0.0000
-21.75 -0.0715 -0.0034 0.0000
-21.44 -0.0715 -0.0034 0.0000
-21.56 -0.0715 -0.0034 0.0000
-21.21 -0.0715 -0.0034 0.0000
-20.81 -0.0715 -0.0034 0.0000
-20.35 -0.0715 -0.0034 0.0000
-19.37 -0.0715 -0.0034 0.0000
-18.33 -0.0715 -0.0034 0.0000
-17.47 -0.0715 -0.0034 0.0000
-16.79 -0.0715 -0.0034 0.0000
-16.00 -0.0715 -0.0034 0.0000
-15.72 -0.0715 -0.0034 0.0000
-15.63 -0.0715 -0.0034 0.0000
-15.58 -0.0715 -0.0034 0.0000
-15.60 -0.0715 -0.0034 0.0000
-15.60 -0.0715 -0.0034 0.0000
-15.60 -0.0715 -0.0034 0.0000
-15.60 -0.0715 -0.0034 0.0000
-15.58 -0.0715 -0.0034 0.0000
-15.60 -0.0715 -0.0034 0.0000
-15.60 -0.0715 -0.0034 0.0000
-15.63 -0.0715 -0.0034 0.0000
-15.69 -0.0715 -0.0034 0.0000
-15.81 -0.0715 -0.0034 0.0000
-15.98 -0.0715 -0.0034 0.0000
-16.24 -0.0715 -0.0034 0.0000
-16.61 -0.0715 -0.0034 0.0000
-16.98 -0.0715 -0.0034 0.0000
-17.35 -0.0715 -0.0034 0.0000
-17.73 -0.0715 -0.0034 0.0000
-18.08 -0.0715 -0.0034 0.0000
-18.50 -0.0715 -0.0034 0.0000
-19.03 -0.0715 -0.0034 0.0000
-19.52 -0.0715 -0.0034 0.0000
-19.94 -0.0715 -0.0034 0.0000
-20.30 -0.0715 -0.0034 0.0000
-20.57 -0.0715 -0.0034 0.0000
-20.80 -0.0715 -0.0034 0.0000
-21.01 -0.0715 -0.0034 0.0000
-21.19 -0.0715 -0.0034 0.0000
-21.36 -0.0715 -0.0034 0.0000
-21.55 -0.0715 -0.0034 0.0000
-21.70 -0.0715 -0.0034 0.0000
-21.81 -0.0715 -0.0034 0.0000
-21.98 -0.0715 -0.0034 0.0000
-22.14 -0.0715 -0.0034 0.0000
-22.30 -0.0715 -0.0034 0.0000
-22.51 -0.0715 -0.0034 0.0000
-22.73 -0.0715 -0.0034 0.0000
-23.00 -0.0715 -0.0034 0.0000
-23.31 -0.0715 -0.0034 0.0000
-23.63 -0.0715 -0.0034 0.0000
-23.97 -0.0715 -0.0034 0.0000
-24.35 -0.0715 -0.0034 0.0000
-24.77 -0.0715 -0.0034 0.0000
-25.29 -0.0715 -0.0034 0.0000
-26.02 -0.0715 -0.0034 0.0000
-26.99 -0.0715 -0.0034 0.0000
-28.25 -0.0715 -0.0034 0.0000
-29.95 -0.0715 -0.0034 0.0000
-31.70 -0.0715 -0.0034 0.0000
-33.08 -0.0715 -0.0034 0.0000
-34.21 -0.0715 -0.0034 0.0000
-34.99 -0.0715 -0.0034 0.0000
-35.61 -0.0715 -0.0034 0.0000
-34.84 -0.0715 -0.0034 0.0000
-35.30 -0.0715 -0.0034 0.0000
-35.78 -0.0715 -0.0034 0.0000
-36.42 -0.0715 -0.0034 0.0000
-37.22 -0.0715 -0.0034 0.0000
-38.46 -0.0715 -0.0034 0.0000
-41.80 -0.0715 -0.0034 0.0000
-46.25 -0.0715 -0.0034 0.0000
-48.27 -0.0715 -0.0034 0.0000
-47.03 -0.0715 -0.0034 0.0000
-47.72 -0.0715 -0.0034 0.0000
-48.32 -0.0715 -0.0034 0.0000
-48.87 -0.0715 -0.0034 0.0000
-49.38 -0.0715 -0.0034 0.0000
-49.91 -0.0715 -0.0034 0.0000
-50.62 -0.0715 -0.0034 0.0000
-51.45 -0.0715 -0.0034 0.0000
-52.54 -0.0715 -0.0034 0.0000
-53.79 -0.0715 -0.0034 0.0000
-55.13 -0.0715 -0.0034 0.0000
-56.28 -0.0715 -0.0034 0.0000
-57.20 -0.0715 -0.0034 0.0000
-57.78 -0.0715 -0.0034 0.0000
-58.24 -0.0715 -0.0034 0.0000
-58.52 -0.0715 -0.0034 0.0000
-58.67 -0.0715 -0.0034 0.0000
-58.75 -0.0715 -0.0034 0.0000
-58.75 -0.0715 -0.0034 0.0000
-58.75 -0.0715 -0.0034 0.0000
-58.75 -0.0715 -0.0034 0.0000
-58.75 -0.0715 -0.0034 0.0000
-58.75 -0.0715 -0.0034 0.0000
-58.75 -0.0715 -0.0034 0.0000
-58.75 -0.0715 -0.0034 0.0000
-58.75 -0.0715 -0.0034 0.0000
-58.75 -0.0715 -0.0034 0.0000
-58.75 -0.0715 -0.0034 0.0000
-58.75 -0.0715 -0.0034 0.0000
-58.75 -0.0715 -0.0034 0.0000
-58.75 -0.0715 -0.0034 0.0000
-58.75 -0.0715 -0.0034 0.0000
-58.75 -0.0715 -0.0034 0.0000
-58.76 -0.0715 -0.0034 0.0000
-58.76 -0.0715 -0.0034 0.0000
-58.76 -0.0715 -0.0034 0.0000
-58.76 -0.0715 -0.0034 0.0000
-58.76 -0.0715 -0.0034 0.0000
-58.76 -0.0715 -0.0034 0.0000
-58.76 -0.0715 -0.0034 0.0000
-58.76 -0.0715 -0.0034 0.0000
-58.75 -0.0715 -0.0034 0.0000
-58.75 -0.0715 -0.0034 0.0000
-58.73 -0.0715 -0.0034 0.0000
-58.75 -0.0715 -0.0034 0.0000
-58.73 -0.0715 -0.0034 0.0000
-58.71 -0.0715 -0.0034 0.0000
-58.71 -0.0715 -0.0034 0.0000
-58.71 -0.0715 -0.0034 0.0000
-58.71 -0.0715 -0.0034 0.0000
-58.70 -0.0715 -0.0034 0.0000
-58.70 -0.0715 -0.0034 0.0000
-58.70 -0.0715 -0.0034 0.0000
-58.68 -0.0715 -0.0034 0.0000
-58.68 -0.0715 -0.0034 0.0000
-58.67 -0.0715 -0.0034 0.0000
-58.67 -0.0715 -0.0034 0.0000
-58.65 -0.0715 -0.0034 0.0000
-58.64 -0.0715 -0.0034 0.0000
-58.61 -0.0715 -0.0034 0.0000
-58.58 -0.0715 -0.0034 0.0000
-58.52 -0.0715 -0.0034 0.0000
-58.42 -0.0715 -0.0034 0.0000
-58.32 -0.0715 -0.0034 0.0000
-58.16 -0.0715 -0.0034 0.0000
-57.98 -0.0715 -0.0034 0.0000
-57.76 -0.0715 -0.0034 0.0000
-57.47 -0.0715 -0.0034 0.0000
-57.12 -0.0715 -0.0034 0.0000
-56.66 -0.0715 -0.0034 0.0000
-56.11 -0.0715 -0.0034 0.0000
-55.40 -0.0715 -0.0034 0.0000
-54.50 -0.0715 -0.0034 0.0000
-53.64 -0.0715 -0.0034 0.0000
-52.72 -0.0715 -0.0034 0.0000
-51.77 -0.0715 -0.0034 0.0000
-51.00 -0.0715 -0.0034 0.0000
-50.34 -0.0715 -0.0034 0.0000
-49.73 -0.0715 -0.0034 0.0000
-49.22 -0.0715 -0.0034 0.0000
-48.70 -0.0715 -0.003