.0000
-2.30 -0.00ö-2.30 0.0000 0.0000 0.0000
-2.30 0.0000 0.0000 0.0000
-2.32 0.0000 0.0000 0.0000
-2.30 0.0000 0.0000 0.0000
-2.30 0.0000 0.0000 0.0000
-2.30 0.0000 0.0000 0.0000
-2.30 0.0000 0.0000 0.0000
-2.32 0.0000 0.0000 0.0000
-2.30 0.0000 0.0000 0.0000
-2.30 0.0000 0.0000 0.0000
-2.32 0.0000 0.0000 0.0000
-2.30 0.0000 0.0000 0.0000
-2.30 0.0000 0.0000 0.0000
-2.32 0.0000 0.0000 0.0000
-2.30 0.0000 0.0000 0.0000
-2.30 0.0000 0.0000 0.0000
-2.30 0.0000 0.0000 0.0000
-2.32 0.0000 0.0000 0.0000
-2.30 0.0000 0.0000 0.0000
-2.30 0.0000 0.0000 0.0000
-2.32 0.0000 0.0000 0.0000
-2.30 0.0000 0.0000 0.0000
-2.30 0.0000 0.0000 0.0000
-2.32 0.0000 0.0000 0.0000
-2.32 0.0000 0.0000 0.0000
-2.30 0.0000 0.0000 0.0000
-2.32 0.0000 0.0000 0.0000
-2.30 0.0000 0.0000 0.0000
-2.30 0.0000 0.0000 0.0000
-2.30 0.0000 0.0000 0.0000
-2.32 0.0000 0.0000 0.0000
-2.30 0.0000 0.0000 0.0000
-2.30 0.0000 0.0000 0.0000
-2.30 0.0000 0.0000 0.0000
-2.30 0.0000 0.0000 0.0000
-2.30 0.0000 0.0000 0.0000
-2.30 0.0000 0.0000 0.0000
-2.30 0.0000 0.0000 0.0000
-2.32 0.0000 0.0000 0.0000
-2.30 0.0000 0.0000 0.0000
-2.32 0.0000 0.0000 0.0000
-2.30 0.0000 0.0000 0.0000
-2.30 0.0000 0.0000 0.0000
-2.32 0.0000 0.0000 0.0000
-2.30 0.0000 0.0000 0.0000
-2.30 0.0000 0.0000 0.0000
-2.32 0.0000 0.0000 0.0000
-2.30 0.0000 0.0000 0.0000
-2.30 0.0000 0.0000 0.0000
-2.32 0.0000 0.0000 0.0000
-2.32 0.0000 0.0000 0.0000
-2.30 0.0000 0.0000 0.0000
-2.32 0.0000 0.0000 0.0000
-2.32 0.0000 0.0000 0.0000
-2.30 0.0000 0.0000 0.0000
-2.32 0.0000 0.0000 0.0000
-2.32 0.0000 0.0000 0.0000
-2.30 0.0000 0.0000 0.0000
-2.30 0.0000 0.0000 0.0000
-2.30 0.0000 0.0000 0.0000
-2.30 0.0000 0.0000 0.0000
-2.30 0.0000 0.0000 0.0000
-2.30 0.0000 0.0000 0.0000
-2.30 0.0000 0.0000 0.0000
-2.30 0.0000 0.0000 0.0000
-2.30 0.0000 0.0000 0.0000
-2.32 0.0000 0.0000 0.0000
-2.30 0.0000 0.0000 0.0000
-2.30 0.0000 0.0000 0.0000
-2.30 0.0000 0.0000 0.0000
-2.30 0.0000 0.0000 0.0000
-2.32 0.0000 0.0000 0.0000
-2.32 0.0000 0.0000 0.0000
-2.32 0.0000 0.0000 0.0000
-2.30 0.0000 0.0000 0.0000
-2.30 0.0000 0.0000 0.0000
-2.32 0.0000 0.0000 0.0000
-2.30 0.0000 0.0000 0.0000
-2.30 0.0000 0.0000 0.0000
-2.32 0.0000 0.0000 0.0000
-2.32 0.0000 0.0000 0.0000
-2.30 0.0000 0.0000 0.0000
-2.32 0.0000 0.0000 0.0000
-2.32 0.0000 0.0000 0.0000
-2.30 0.0000 0.0000 0.0000
-2.30 0.0000 0.0000 0.0000
-2.32 0.0000 0.0000 0.0000
-2.30 0.0000 0.0000 0.0000
-2.30 0.0000 0.0000 0.0000
-2.32 0.0000 0.0000 0.0000
-2.30 0.0000 0.0000 0.0000
-2.30 0.0000 0.0000 0.0000
-2.32 0.0000 0.0000 0.0000
-2.30 0.0000 0.0000 0.0000
-2.30 0.0000 0.0000 0.0000
-2.30 0.0000 0.0000 0.0000
-2.30 0.0000 0.0000 0.0000
-2.30 0.0000 0.0000 0.0000
-2.30 0.0000 0.0000 0.0000
-2.32 0.0000 0.0000 0.0000
-2.30 0.0000 0.0000 0.0000
-2.30 0.0000 0.0000 0.0000
-2.32 0.0000 0.0000 0.0000
-2.30 0.0000 0.0000 0.0000
-2.30 0.0000 0.0000 0.0000
-2.32 0.0000 0.0000 0.0000
-2.30 0.0000 0.0000 0.0000
-2.30 0.0000 0.0000 0.0000
-2.32 0.0000 0.0000 0.0000
-2.30 0.0000 0.0000 0.0000
-2.30 0.0000 0.0000 0.0000
-2.32 0.0000 0.0000 0.0000
-2.32 0.0000 0.0000 0.0000
-2.30 0.0000 0.0000 0.0000
-2.30 0.0000 0.0000 0.0000
-2.32 0.0000 0.0000 0.0000
-2.30 0.0000 0.0000 0.0000
-2.30 0.0000 0.0000 0.0000
-2.32 0.0000 0.0000 0.0000
-2.30 0.0000 0.0000 0.0000
-2.30 0.0000 0.0000 0.0000
-2.32 0.0000 0.0000 0.0000
-2.30 0.0000 0.0000 0.0000
-2.30 0.0000 0.0000 0.0000
-2.30 0.0000 0.0000 0.0000
-2.30 0.0000 0.0000 0.0000
-2.30 0.0000 0.0000 0.0000
-2.30 0.0000 0.0000 0.0000
-2.32 0.0000 0.0000 0.0000
-2.30 0.0000 0.0000 0.0000
-2.30 0.0000 0.0000 0.0000
-2.32 0.0000 0.0000 0.0000
-2.30 0.0000 0.0000 0.0000
-2.30 0.0000 0.0000 0.0000
-2.32 0.0000 0.0000 0.0000
-2.30 0.0000 0.0000 0.0000
-2.30 0.0000 0.0000 0.0000
-2.30 0.0000 0.0000 0.0000
-2.32 0.0000 0.0000 0.0000
-2.30 0.0000 0.0000 0.0000
-2.32 0.0000 0.0000 0.0000
-2.32 0.0000 0.0000 0.0000
-2.30 0.0000 0.0000 0.0000
-2.30 0.0000 0.0000 0.0000
-2.32 0.0000 0.0000 0.0000
-2.30 0.0000 0.0000 0.0000
-2.30 0.0000 0.0000 0.0000
-2.32 0.0000 0.0000 0.0000
-2.30 0.0000 0.0000 0.0000
-2.30 0.0000 0.0000 0.0000
-2.32 0.0000 0.0000 0.0000
-2.32 0.0000 0.0000 0.0000
-2.30 0.0000 0.0000 0.0000
-2.30 0.0000 0.0000 0.0000
-2.32 0.0000 0.0000 0.0000
-2.30 0.0000 0.0000 0.0000
-2.30 0.0000 0.0000 0.0000
-2.32 0.0000 0.0000 0.0000
-2.30 0.0000 0.0000 0.0000
-2.30 0.0000 0.0000 0.0000
-2.32 0.0000 0.0000 0.0000
-2.30 0.0000 0.0000 0.0000
-2.30 0.0000 0.0000 0.0000
-2.30 0.0000 0.0000 0.0000
-2.30 0.0000 0.0000 0.0000
-2.30 0.0000 0.0000 0.0000
-2.30 0.0000 0.0000 0.0000
-2.32 0.0000 0.0000 0.0000
-2.30 0.0000 0.0000 0.0000
-2.30 0.0000 0.0000 0.0000
-2.32 0.0000 0.0000 0.0000
-2.30 0.0000 0.0000 0.0000
-2.30 0.0000 0.0000 0.0000
-2.32 0.0000 0.0000 0.0000
-2.30 0.0000 0.0000 0.0000
-2.30 0.0000 0.0000 0.0000
-2.32 0.0000 0.0000 0.0000
-2.30 0.0000 0.0000 0.0000
-2.30 0.0000 0.0000 0.0000
-2.32 0.0000 0.0000 0.0000
-2.32 0.0000 0.0000 0.0000
-2.30 0.0000 0.0000 0.0000
-2.32 0.0000 0.0000 0.0000
-2.32 0.0000 0.0000 0.0000
-2.30 0.0000 0.0000 0.0000
-2.30 0.0000 0.0000 0.0000
-2.32 0.0000 0.0000 0.0000
-2.30 0.0000 0.0000 0.0000
-2.30 0.0000 0.0000 0.0000
-2.30 0.0000 0.0000 0.0000
-2.30 0.0000 0.0000 0.0000
-2.30 0.0000 0.0000 0.0000
-2.30 0.0000 0.0000 0.0000
-2.30 0.0000 0.0000 0.0000
-2.30 0.0000 0.0000 0.0000
-2.30 0.0000 0.0000 0.0000
-2.32 0.0000 0.0000 0.0000
-2.30 0.0000 0.0000 0.0000
-2.30 0.0000 0.0000 0.0000
-2.32 0.0000 0.0000 0.0000
-2.30 0.0000 0.0000 0.0000
-2.30 0.0000 0.0000 0.0000
-2.32 0.0000 0.0000 0.0000
-2.32 0.0000 0.0000 0.0000
-2.30 0.0000 0.0000 0.0000
-2.32 0.0000 0.0000 0.0000
-2.32 0.0000 0.0000 0.0000
-2.30 0.0000 0.0000 0.0000
-2.32 0.0000 0.0000 0.0000
-2.32 0.0000 0.0000 0.0000
-2.30 0.0000 0.0000 0.0000
-2.30 0.0000 0.0000 0.0000
-2.32 0.0000 0.0000 0.0000
-2.30 0.0000 0.0000 0.0000
-2.30 0.0000 0.0000 0.0000
-2.32 0.0000 0.0000 0.0000
-2.32 0.0000 0.0000 0.0000
-2.30 0.0000 0.0000 0.0000
-2.32 0.0000 0.0000 0.0000
-2.32 0.0000 0.0000 0.0000
-2.30 0.0000 0.0000 0.0000
-2.32 0.0000 0.0000 0.0000
-2.32 0.0000 0.0000 0.0000
-2.30 0.0000 0.0000 0.0000
-2.30 0.0000 0.0000 0.0000
-2.32 0.0000 0.0000 0.0000
-2.30 0.0000 0.0000 0.0000
-2.30 0.0000 0.0000 0.0000
-2.32 0.0000 0.0000 0.0000
-2.30 0.0000 0.0000 0.0000
-2.30 0.0000 0.0000 0.0000
-2.30 0.0000 0.0000 0.0000
-2.30 0.0000 0.0000 0.0000
-2.30 0.0000 0.0000 0.0000
-2.30 0.0000 0.0000 0.0000
-2.32 0.0000 0.0000 0.0000
-2.30 0.0000 0.0000 0.0000
-2.32 0.0000 0.0000 0.0000
-2.32 0.0000 0.0000 0.0000
-2.32 0.0000 0.0000 0.0000
-2.32 0.0000 0.0000 0.0000
-2.32 0.0000 0.0000 0.0000
-2.32 0.0000 0.0000 0.0000
-2.32 0.0000 0.0000 0.0000
-2.32 0.0000 0.0000 0.0000
-2.32 0.0000 0.0000 0.0000
-2.32 0.0000 0.0000 0.0000
-2.32 0.0000 0.0000 0.0000
-2.32 0.0000 0.0000 0.0000
-2.30 0.0000 0.0000 0.0000
-2.32 0.0000 0.0000 0.0000
-2.32 0.0000 0.0000 0.0000
-2.32 0.0000 0.0000 0.0000
-2.32 0.0000 0.0000 0.0000
-2.32 0.0000 0.0000 0.0000
-2.32 0.0000 0.0000 0.0000
-2.30 0.0000 0.0000 0.0000
-2.30 0.0000 0.0000 0.0000
-2.30 0.0000 0.0000 0.0000
-2.30 0.0000 0.0000 0.0000
-2.30 0.0000 0.0000 0.0000
-2.32 0.0000 0.0000 0.0000
-2.30 0.0000 0.0000 0.0000
-2.32 0.0000 0.0000 0.0000
-2.32 0.0000 0.0000 0.0000
-2.30 0.0000 0.0000 0.0000
-2.30 0.0000 0.0000 0.0000
-2.32 0.0000 0.0000 0.0000
-2.32 0.0000 0.0000 0.0000
-2.30 0.0000 0.0000 0.0000
-2.30 0.0000 0.0000 0.0000
-2.32 0.0000 0.0000 0.0000
-2.32 0.0000 0.0000 0.0000
-2.30 0.0000 0.0000 0.0000
-2.32 0.0000 0.0000 0.0000
-2.30 0.0000 0.0000 0.0000
-2.30 0.0000 0.0000 0.0000
-2.30 0.0000 0.0000 0.0000
-2.32 0.0000 0.0000 0.0000
-2.32 0.0000 0.0000 0.0000
-2.30 0.0000 0.0000 0.0000
-2.32 0.0000 0.0000 0.0000
-2.30 0.0000 0.0000 0.0000
-2.30 0.0000 0.0000 0.0000
-2.32 0.0000 0.0000 0.0000
-2.30 0.0000 0.0000 0.0000
-2.30 0.0000 0.0000 0.0000
-2.32 0.0000 0.0000 0.0000
-2.30 0.0000 0.0000 0.0000
-2.30 0.0000 0.0000 0.0000
-2.32 0.0000 0.0000 0.0000
-2.30 0.0000 0.0000 0.0000
-2.30 0.0000 0.0000 0.0000
-2.32 0.0000 0.0000 0.0000
-2.30 0.0000 0.0000 0.0000
-2.32 0.0000 0.0000 0.0000
-2.30 0.0000 0.0000 0.0000
-2.30 0.0000 0.0000 0.0000
-2.30 0.0000 0.0000 0.0000
-2.30 0.0000 0.0000 0.0000
-2.30 0.0000 0.0000 0.0000
-2.30 0.0000 0.0000 0.0000
-2.30 0.0000 0.0000 0.0000
-2.32 0.0000 0.0000 0.0000
-2.30 0.0000 0.0000 0.0000
-2.30 0.0000 0.0000 0.0000
-2.32 0.0000 0.0000 0.0000
-2.32 0.0000 0.0000 0.0000
-2.30 0.0000 0.0000 0.0000
-2.32 0.0000 0.0000 0.0000
-2.32 0.0000 0.0000 0.0000
-2.30 0.0000 0.0000 0.0000
-2.30 0.0000 0.0000 0.0000
-2.32 0.0000 0.0000 0.0000
-2.30 0.0000 0.0000 0.0000
-2.30 0.0000 0.0000 0.0000
-2.32 0.0000 0.0000 0.0000
-2.30 0.0000 0.0000 0.0000
-2.30 0.0000 0.0000 0.0000
-2.32 0.0000 0.0000 0.0000
-2.32 0.0000 0.0000 0.0000
-2.30 0.0000 0.0000 0.0000
-2.32 0.0000 0.0000 0.0000
-2.30 0.0000 0.0000 0.0000
-2.30 0.0000 0.0000 0.0000
-2.30 0.0000 0.0000 0.0000
-2.30 0.0000 0.0000 0.0000
-2.30 0.0000 0.0000 0.0000
-2.30 0.0000 0.0000 0.0000
-2.30 0.0000 0.0000 0.0000
-2.30 0.0000 0.0000 0.0000
-2.30 0.0000 0.0000 0.0000
-2.32 0.0000 0.0000 0.0000
-2.30 0.0000 0.0000 0.0000
-2.30 0.0000 0.0000 0.0000
-2.32 0.0000 0.0000 0.0000
-2.30 0.0000 0.0000 0.0000
-2.30 0.0000 0.0000 0.0000
-2.32 0.0000 0.0000 0.0000
-2.32 0.0000 0.0000 0.0000
-2.30 0.0000 0.0000 0.0000
-2.30 0.0000 0.0000 0.0000
-2.32 0.0000 0.0000 0.0000
-2.30 0.0000 0.0000 0.0000
-2.30 0.0000 0.0000 0.0000
-2.32 0.0000 0.0000 0.0000
-2.32 0.0000 0.0000 0.0000
-2.30 0.0000 0.0000 0.0000
-2.30 0.0000 0.0000 0.0000
-2.32 0.0000 0.0000 0.0000
-2.30 0.0000 0.0000 0.0000
-2.30 0.0000 0.0000 0.0000
-2.32 0.0000 0.0000 0.0000
-2.30 0.0000 0.0000 0.0000
-2.30 0.0000 0.0000 0.0000
-2.32 0.0000 0.0000 0.0000
-2.30 0.0000 0.0000 0.0000
-2.30 0.0000 0.0000 0.0000
-2.30 0.0000 0.0000 0.0000
-2.30 0.0000 0.0000 0.0000
-2.30 0.0000 0.0000 0.0000
-2.30 0.0000 0.0000 0.0000
-2.30 0.0000 0.0000 0.0000
-2.30 0.0000 0.0000 0.0000
-2.30 0.0000 0.0000 0.0000
-2.32 0.0000 0.0000 0.0000
-2.30 0.0000 0.0000 0.0000
-2.30 0.0000 0.0000 0.0000
-2.32 0.0000 0.0000 0.0000
-2.30 0.0000 0.0000 0.0000
-2.30 0.0000 0.0000 0.0000
-2.32 0.0000 0.0000 0.0000
-2.32 0.0000 0.0000 0.0000
-2.32 0.0000 0.0000 0.0000
-2.30 0.0000 0.0000 0.0000
-2.32 0.0000 0.0000 0.0000
-2.30 0.0000 0.0000 0.0000
-2.30 0.0000 0.0000 0.0000
-2.32 0.0000 0.0000 0.0000
-2.30 0.0000 0.0000 0.0000
-2.30 0.0000 0.0000 0.0000
-2.32 0.0000 0.0000 0.0000
-2.30 0.0000 0.0000 0.0000
-2.30 0.0000 0.0000 0.0000
-2.32 0.0000 0.0000 0.0000
-2.30 0.0000 0.0000 0.0000
-2.32 0.0000 0.0000 0.0000
-2.32 0.0000 0.0000 0.0000
-2.32 0.0000 0.0000 0.0000
-2.32 0.0000 0.0000 0.0000
-2.32 0.0000 0.0000 0.0000
-2.30 0.0000 0.0000 0.0000
-2.30 0.0000 0.0000 0.0000
-2.32 0.0000 0.0000 0.0000
-2.32 0.0000 0.0000 0.0000
-2.32 0.0000 0.0000 0.0000
-2.32 0.0000 0.0000 0.0000
-2.32 0.0000 0.0000 0.0000
-2.32 0.0000 0.0000 0.0000
-2.32 0.0000 0.0000 0.0000
-2.32 0.0000 0.0000 0.0000
-2.32 0.0000 0.0000 0.0000
-2.32 0.0000 0.0000 0.0000
-2.32 0.0000 0.0000 0.0000
-2.32 0.0000 0.0000 0.0000
-2.32 0.0000 0.0000 0.0000
-2.32 0.0000 0.0000 0.0000
-2.32 0.0000 0.0000 0.0000
-2.32 0.0000 0.0000 0.0000
-2.32 0.0000 0.0000 0.0000
-2.30 0.0000 0.0000 0.0000
-2.32 0.0000 0.0000 0.0000
-2.32 0.0000 0.0000 0.0000
-2.32 0.0000 0.0000 0.0000
-2.32 0.0000 0.0000 0.0000
-2.30 0.0000 0.0000 0.0000
-2.32 0.0000 0.0000 0.0000
-2.32 0.0000 0.0000 0.0000
-2.32 0.0000 0.0000 0.0000
-2.32 0.0000 0.0000 0.0000
-2.32 0.0000 0.0000 0.0000
-2.32 0.0000 0.0000 0.0000
-2.30 0.0000 0.0000 0.0000
-2.30 0.0000 0.0000 0.0000
-2.32 0.0000 0.0000 0.0000
-2.30 0.0000 0.0000 0.0000
-2.32 0.0000 0.0000 0.0000
-2.32 0.0000 0.0000 0.0000
-2.32 0.0000 0.0000 0.0000
-2.32 0.0000 0.0000 0.0000
-2.32 0.0000 0.0000 0.0000
-2.32 0.0000 0.0000 0.0000
-2.30 0.0000 0.0000 0.0000
-2.32 0.0000 0.0000 0.0000
-2.32 0.0000 0.0000 0.0000
-2.32 0.0000 0.0000 0.0000
-2.32 0.0000 0.0000 0.0000
-2.32 0.0000 0.0000 0.0000
-2.32 0.0000 0.0000 0.0000
-2.32 0.0000 0.0000 0.0000
-2.32 0.0000 0.0000 0.0000
-2.32 0.0000 0.0000 0.0000
-2.32 0.0000 0.0000 0.0000
-2.32 0.0000 0.0000 0.0000
-2.32 0.0000 0.0000 0.0000
-2.32 0.0000 0.0000 0.0000
-2.32 0.0000 0.0000 0.0000
-2.32 0.0000 0.0000 0.0000
-2.32 0.0000 0.0000 0.0000
-2.32 0.0000 0.0000 0.0000
-2.32 0.0000 0.0000 0.0000
-2.32 0.0000 0.0000 0.0000
-2.32 0.0000 0.0000 0.0000
-2.32 0.0000 0.0000 0.0000
-2.32 0.0000 0.0000 0.0000
-2.32 0.0000 0.0000 0.0000
-2.32 0.0000 0.0000 0.0000
-2.32 0.0000 0.0000 0.0000
-2.33 0.0000 0.0000 0.0000
-2.35 0.0000 0.0000 0.0000
-2.38 0.0000 0.0000 0.0000
-2.41 0.0000 0.0000 0.0000
-2.46 0.0000 0.0000 0.0000
-2.50 0.0000 0.0000 0.0000
-2.56 0.0000 0.0000 0.0000
-2.64 0.0000 0.0000 0.0000
-2.73 0.0000 0.0000 0.0000
-2.82 0.0000 0.0000 0.0000
-2.93 0.0000 0.0000 0.0000
-3.04 0.0000 0.0000 0.0000
-3.15 0.0000 0.0000 0.0000
-3.27 0.0000 0.0000 0.0000
-3.41 0.0000 0.0000 0.0000
-3.53 0.0000 0.0000 0.0000
-3.65 0.0000 0.0000 0.0000
-3.79 0.0000 0.0000 0.0000
-3.91 0.0000 0.0000 0.0000
-4.04 0.0000 0.0000 0.0000
-4.16 0.0000 0.0000 0.0000
-4.27 0.0000 0.0000 0.0000
-4.39 0.0000 0.0000 0.0000
-4.51 0.0000 0.0000 0.0000
-4.60 0.0000 0.0000 0.0000
-4.71 0.0000 0.0000 0.0000
-4.80 0.0000 0.0000 0.0000
-4.88 0.0000 0.0000 0.0000
-4.96 0.0000 0.0000 0.0000
-5.02 0.0000 0.0000 0.0000
-5.06 0.0000 0.0000 0.0000
-5.11 0.0000 0.0000 0.0000
-5.14 0.0000 0.0000 0.0000
-5.17 0.0000 0.0000 0.0000
-5.19 0.0000 0.0000 0.0000
-5.20 0.0000 0.0000 0.0000
-5.20 0.0000 0.0000 0.0000
-5.20 0.0000 0.0000 0.0000
-5.22 0.0000 0.0000 0.0000
-5.20 0.0000 0.0000 0.0000
-5.20 0.0000 0.0000 0.0000
-5.22 0.0000 0.0000 0.0000
-5.20 0.0000 0.0000 0.0000
-5.20 0.0000 0.0000 0.0000
-5.20 0.0000 0.0000 0.0000
-5.22 0.0000 0.0000 0.0000
-5.22 0.0000 0.0000 0.0000
-5.22 0.0000 0.0000 0.0000
-5.22 0.0000 0.0000 0.0000
-5.22 0.0000 0.0000 0.0000
-5.22 0.0000 0.0000 0.0000
-5.22 0.0000 0.0000 0.0000
-5.22 0.0000 0.0000 0.0000
-5.23 0.0000 0.0000 0.0000
-5.23 0.0000 0.0000 0.0000
-5.23 0.0000 0.0000 0.0000
-5.25 0.0000 0.0000 0.0000
-5.26 0.0000 0.0000 0.0000
-5.28 0.0000 0.0000 0.0000
-5.31 0.0000 0.0000 0.0000
-5.34 0.0000 0.0000 0.0000
-5.39 0.0000 0.0000 0.0000
-5.43 0.0000 0.0000 0.0000
-5.48 0.0000 0.0000 0.0000
-5.52 0.0000 0.0000 0.0000
-5.58 0.0000 0.0000 0.0000
-5.65 0.0000 0.0000 0.0000
-5.69 0.0000 0.0000 0.0000
-5.75 0.0000 0.0000 0.0000
-5.81 0.0000 0.0000 0.0000
-5.88 0.0000 0.0000 0.0000
-5.92 0.0000 0.0000 0.0000
-5.98 0.0000 0.0000 0.0000
-6.03 0.0000 0.0000 0.0000
-6.09 0.0000 0.0000 0.0000
-6.15 0.0000 0.0000 0.0000
-6.20 0.0000 0.0000 0.0000
-6.27 0.0000 0.0000 0.0000
-6.34 0.0000 0.0000 0.0000
-6.40 0.0000 0.0000 0.0000
-6.49 0.0000 0.0000 0.0000
-6.58 0.0000 0.0000 0.0000
-6.69 0.0000 0.0000 0.0000
-6.80 0.0000 0.0000 0.0000
-6.92 0.0000 0.0000 0.0000
-7.06 0.0000 0.0000 0.0000
-7.21 0.0000 0.0000 0.0000
-7.35 0.0000 0.0000 0.0000
-7.49 0.0000 0.0000 0.0000
-7.64 0.0000 0.0000 0.0000
-7.76 0.0000 0.0000 0.0000
-7.88 0.0000 0.0000 0.0000
-7.88 0.0000 0.0000 0.0000
-8.01 0.0000 0.0000 0.0000
-8.11 0.0000 0.0000 0.0000
-8.24 0.0000 0.0000 0.0000
-8.33 0.0000 0.0000 0.0000
-8.44 0.0000 0.0000 0.0000
-8.54 0.0000 0.0000 0.0000
-8.64 0.0000 0.0000 0.0000
-8.74 0.0000 0.0000 0.0000
-8.85 0.0000 0.0000 0.0000
-8.96 0.0000 0.0000 0.0000
-9.08 0.0000 0.0000 0.0000
-9.23 0.0000 0.0000 0.0000
-9.36 0.0000 0.0000 0.0000
-9.51 0.0000 0.0000 0.0000
-9.66 0.0000 0.0000 0.0000
-9.82 0.0000 0.0000 0.0000
-9.99 0.0000 0.0000 0.0000
-10.15 0.0000 0.0000 0.0000
-10.34 0.0000 0.0000 0.0000
-10.51 0.0000 0.0000 0.0000
-10.68 0.0000 0.0000 0.0000
-10.83 0.0000 0.0000 0.0000
-10.97 0.0000 0.0000 0.0000
-11.09 0.0000 0.0000 0.0000
-11.20 0.0000 0.0000 0.0000
-11.29 0.0000 0.0000 0.0000
-11.35 0.0000 0.0000 0.0000
-11.40 0.0000 0.0000 0.0000
-11.44 0.0000 0.0000 0.0000
-11.46 0.0000 0.0000 0.0000
-11.49 0.0000 0.0000 0.0000
-11.49 0.0000 0.0000 0.0000
-11.49 0.0000 0.0000 0.0000
-11.49 0.0000 0.0000 0.0000
-11.49 0.0000 0.0000 0.0000
-11.49 0.0000 0.0000 0.0000
-11.49 0.0000 0.0000 0.0000
-11.49 0.0000 0.0000 0.0000
-11.50 0.0000 0.0000 0.0000
-11.50 0.0000 0.0000 0.0000
-11.50 0.0000 0.0000 0.0000
-11.52 0.0000 0.0000 0.0000
-11.52 0.0000 0.0000 0.0000
-11.53 0.0000 0.0000 0.0000
-11.55 0.0000 0.0000 0.0000
-11.58 0.0000 0.0000 0.0000
-11.61 0.0000 0.0000 0.0000
-11.66 0.0000 0.0000 0.0000
-11.72 0.0000 0.0000 0.0000
-11.78 0.0000 0.0000 0.0000
-11.87 0.0000 0.0000 0.0000
-11.99 0.0000 0.0000 0.0000
-12.13 0.0000 0.0000 0.0000
-12.32 0.0000 0.0000 0.0000
-12.58 0.0000 0.0000 0.0000
-12.96 0.0000 0.0000 0.0000
-13.59 0.0000 0.0000 0.0000
-14.45 0.0000 0.0000 0.0000
-15.20 0.0000 0.0000 0.0000
-16.16 0.0000 0.0000 0.0000
-17.61 0.0000 0.0000 0.0000
-18.42 0.0000 0.0000 0.0000
-19.22 0.0000 0.0000 0.0000
-19.97 0.0000 0.0000 0.0000
-20.52 0.0000 0.0000 0.0000
-20.90 0.0000 0.0000 0.0000
-21.21 0.0000 0.0000 0.0000
-21.47 0.0000 0.0000 0.0000
-21.70 0.0000 0.0000 0.0000
-21.88 0.0000 0.0000 0.0000
-21.84 0.0000 0.0000 0.0000
-21.99 0.0000 0.0000 0.0000
-22.14 0.0000 0.0000 0.0000
-22.27 0.0000 0.0000 0.0000
-22.41 0.0000 0.0000 0.0000
-22.54 0.0000 0.0000 0.0000
-22.68 0.0000 0.0000 0.0000
-22.82 0.0000 0.0000 0.0000
-22.97 0.0000 0.0000 0.0000
-23.11 0.0000 0.0000 0.0000
-23.23 0.0000 0.0000 0.0000
-23.36 0.0000 0.0000 0.0000
-23.46 0.0000 0.0000 0.0000
-23.56 0.0000 0.0000 0.0000
-23.65 0.0000 0.0000 0.0000
-23.74 0.0000 0.0000 0.0000
-23.80 0.0000 0.0000 0.0000
-23.86 0.0000 0.0000 0.0000
-23.92 0.0000 0.0000 0.0000
-23.97 0.0000 0.0000 0.0000
-24.00 0.0000 0.0000 0.0000
-24.02 0.0000 0.0000 0.0000
-24.03 0.0000 0.0000 0.0000
-24.05 0.0000 0.0000 0.0000
-24.05 0.0000 0.0000 0.0000
-24.05 0.0000 0.0000 0.0000
-24.05 0.0000 0.0000 0.0000
-24.05 0.0000 0.0000 0.0000
-24.05 0.0000 0.0000 0.0000
-24.05 0.0000 0.0000 0.0000
-24.05 0.0000 0.0000 0.0000
-24.05 0.0000 0.0000 0.0000
-24.05 0.0000 0.0000 0.0000
-24.05 0.0000 0.0000 0.0000
-24.05 0.0000 0.0000 0.0000
-24.06 0.0000 0.0000 0.0000
-24.06 0.0000 0.0000 0.0000
-24.06 0.0000 0.0000 0.0000
-24.06 0.0000 0.0000 0.0000
-24.06 0.0000 0.0000 0.0000
-24.06 0.0000 0.0000 0.0000
-24.06 0.0000 0.0000 0.0000
-24.08 0.0000 0.0000 0.0000
-24.08 0.0000 0.0000 0.0000
-24.09 0.0000 0.0000 0.0000
-24.11 0.0000 0.0000 0.0000
-24.12 0.0000 0.0000 0.0000
-24.14 0.0000 0.0000 0.0000
-24.17 0.0000 0.0000 0.0000
-24.20 0.0000 0.0000 0.0000
-24.23 0.0000 0.0000 0.0000
-24.28 0.0000 0.0000 0.0000
-24.32 0.0000 0.0000 0.0000
-24.38 0.0000 0.0000 0.0000
-24.43 0.0000 0.0000 0.0000
-24.51 0.0000 0.0000 0.0000
-24.58 0.0000 0.0000 0.0000
-24.67 0.0000 0.0000 0.0000
-24.78 0.0000 0.0000 0.0000
-24.92 0.0000 0.0000 0.0000
-25.07 0.0000 0.0000 0.0000
-25.26 0.0000 0.0000 0.0000
-25.49 0.0000 0.0000 0.0000
-25.73 0.0000 0.0000 0.0000
-26.01 0.0000 0.0000 0.0000
-26.33 0.0000 0.0000 0.0000
-26.67 0.0000 0.0000 0.0000
-27.05 0.0000 0.0000 0.0000
-27.47 0.0000 0.0000 0.0000
-27.89 0.0000 0.0000 0.0000
-28.32 0.0000 0.0000 0.0000
-28.78 0.0000 0.0000 0.0000
-29.26 0.0000 0.0000 0.0000
-29.77 0.0000 0.0000 0.0000
-30.29 0.0000 0.0000 0.0000
-30.84 0.0000 0.0000 0.0000
-31.34 0.0000 0.0000 0.0000
-31.82 0.0000 0.0000 0.0000
-32.23 0.0000 0.0000 0.0000
-32.59 0.0000 0.0000 0.0000
-32.91 0.0000 0.0000 0.0000
-33.18 0.0000 0.0000 0.0000
-33.41 0.0000 0.0000 0.0000
-33.60 0.0000 0.0000 0.0000
-33.74 0.0000 0.0000 0.0000
-33.84 0.0000 0.0000 0.0000
-33.92 0.0000 0.0000 0.0000
-33.97 0.0000 0.0000 0.0000
-33.98 0.0000 0.0000 0.0000
-33.98 0.0000 0.0000 0.0000
-33.95 0.0000 0.0000 0.0000
-33.92 0.0000 0.0000 0.0000
-33.87 0.0000 0.0000 0.0000
-33.83 0.0000 0.0000 0.0000
-33.77 0.0000 0.0000 0.0000
-33.69 0.0000 0.0000 0.0000
-33.61 0.0000 0.0000 0.0000
-33.52 0.0000 0.0000 0.0000
-33.45 0.0000 0.0000 0.0000
-33.35 0.0000 0.0000 0.0000
-33.26 0.0000 0.0000 0.0000
-33.17 0.0000 0.0000 0.0000
-33.11 0.0000 0.0000 0.0000
-33.03 0.0000 0.0000 0.0000
-32.99 0.0000 0.0000 0.0000
-32.92 0.0000 0.0000 0.0000
-32.89 0.0000 0.0000 0.0000
-32.88 0.0000 0.0000 0.0000
-32.86 0.0000 0.0000 0.0000
-32.86 0.0000 0.0000 0.0000
-32.86 0.0000 0.0000 0.0000
-32.86 0.0000 0.0000 0.0000
-32.86 0.0000 0.0000 0.0000
-32.86 0.0000 0.0000 0.0000
-32.86 0.0000 0.0000 0.0000
-32.86 0.0000 0.0000 0.0000
-32.86 0.0000 0.0000 0.0000
-32.86 0.0000 0.0000 0.0000
-32.86 0.0000 0.0000 0.0000
-32.86 0.0000 0.0000 0.0000
-32.86 0.0000 0.0000 0.0000
-32.86 0.0000 0.0000 0.0000
-32.85 0.0000 0.0000 0.0000
-32.85 0.0000 0.0000 0.0000
-32.83 0.0000 0.0000 0.0000
-32.82 0.0000 0.0000 0.0000
-32.79 0.0000 0.0000 0.0000
-32.74 0.0000 0.0000 0.0000
-32.69 0.0000 0.0000 0.0000
-32.63 0.0000 0.0000 0.0000
-32.56 0.0000 0.0000 0.0000
-32.46 0.0000 0.0000 0.0000
-32.37 0.0000 0.0000 0.0000
-32.23 0.0000 0.0000 0.0000
-32.10 0.0000 0.0000 0.0000
-31.93 0.0000 0.0000 0.0000
-31.74 0.0000 0.0000 0.0000
-31.53 0.0000 0.0000 0.0000
-31.27 0.0000 0.0000 0.0000
-30.98 0.0000 0.0000 0.0000
-30.67 0.0000 0.0000 0.0000
-30.32 0.0000 0.0000 0.0000
-29.98 0.0000 0.0000 0.0000
-29.61 0.0000 0.0000 0.0000
-29.24 0.0000 0.0000 0.0000
-28.86 0.0000 0.0000 0.0000
-28.46 0.0000 0.0000 0.0000
-28.03 0.0000 0.0000 0.0000
-27.60 0.0000 0.0000 0.0000
-27.19 0.0000 0.0000 0.0000
-26.78 0.0000 0.0000 0.0000
-26.39 0.0000 0.0000 0.0000
-26.05 0.0000 0.0000 0.0000
-25.75 0.0000 0.0000 0.0000
-25.47 0.0000 0.0000 0.0000
-25.24 0.0000 0.0000 0.0000
-25.03 0.0000 0.0000 0.0000
-24.84 0.0000 0.0000 0.0000
-24.67 0.0000 0.0000 0.0000
-24.51 0.0000 0.0000 0.0000
-24.34 0.0000 0.0000 0.0000
-24.18 0.0000 0.0000 0.0000
-24.00 0.0000 0.0000 0.0000
-23.80 0.0000 0.0000 0.0000
-23.59 0.0000 0.0000 0.0000
-23.37 0.0000 0.0000 0.0000
-23.13 0.0000 0.0000 0.0000
-22.87 0.0000 0.0000 0.0000
-22.57 0.0000 0.0000 0.0000
-22.24 0.0000 0.0000 0.0000
-21.85 0.0000 0.0000 0.0000
-21.21 0.0000 0.0000 0.0000
-20.53 0.0000 0.0000 0.0000
-19.31 0.0000 0.0000 0.0000
-17.38 0.0000 0.0000 0.0000
-14.37 0.0000 0.0000 0.0000
-11.98 0.0000 0.0000 0.0000
-10.83 0.0000 0.0000 0.0000
-10.02 0.0000 0.0000 0.0000
-9.37 0.0000 0.0000 0.0000
-8.88 0.0000 0.0000 0.0000
-8.42 0.0000 0.0000 0.0000
-8.01 0.0000 0.0000 0.0000
-7.62 0.0000 0.0000 0.0000
-7.65 0.0000 0.0000 0.0000
-7.12 0.0000 0.0000 0.0000
-6.50 0.0000 0.0000 0.0000
-5.68 0.0000 0.0000 0.0000
-4.59 0.0000 0.0000 0.0000
-3.25 0.0000 0.0000 0.0000
-1.60 0.0000 0.0000 0.0000
-0.11 0.0000 0.0000 0.0000
1.12 -0.0926 1.4735 0.0000
2.25 -1.0003 3.2897 0.0000
3.06 -1.6504 -4.2009 -5.8513
3.68 -2.1411 -0.2462 -2.3872
4.31 -2.6440 2.8124 0.0000
4.52 -2.8157 -0.6704 -3.4861
4.64 -2.9139 0.4206 -2.4933
4.83 -3.0611 0.1943 -2.8667
4.80 -3.0365 0.0817 -2.9548
4.72 -2.9752 -0.0045 -2.9797
4.52 -2.8157 -0.4004 -3.2161
4.26 -2.6072 0.1134 -2.4938
3.98 -2.3864 0.4154 -1.9710
3.60 -2.0797 -0.2329 -2.3126
3.25 -1.7976 -0.3524 -2.1501
2.86 -1.4909 0.2476 -1.2433
2.43 -1.1475 0.3092 -0.8383
1.97 -0.7795 -0.2037 -0.9832
1.58 -0.4606 -0.1482 -0.6088
1.28 -0.2275 0.1603 -0.0672
1.10 -0.0803 -0.0205 -0.1008
1.10 -0.0803 0.0000 -0.0803
1.22 -0.1784 -0.0308 -0.2092
1.45 -0.3624 0.0733 -0.2891
1.74 -0.5955 -0.0083 -0.6038
2.08 -0.8654 -0.0758 -0.9411
2.42 -1.1352 0.0512 -1.0840
2.76 -1.4051 0.0433 -1.3617
3.05 -1.6381 -0.0401 -1.6783
3.29 -1.8344 -0.0175 -1.8519
3.51 -2.0061 0.0249 -1.9812
3.68 -2.1411 0.0054 -2.1357
3.83 -2.2637 -0.0142 -2.2779
3.95 -2.3619 0.0007 -2.3611
4.03 -2.4232 0.0052 -2.4180
4.03 -2.4232 0.0000 -2.4232
4.00 -2.3987 -0.0002 -2.3989
3.92 -2.3373 -0.0026 -2.3399
3.81 -2.2515 0.0035 -2.2479
3.68 -2.1411 0.0013 -2.1398
3.51 -2.0061 -0.0051 -2.0113
3.31 -1.8467 -0.0003 -1.8469
3.08 -1.6627 0.0053 -1.6574
2.76 -1.4051 -0.0011 -1.4062
2.39 -1.1107 -0.0056 -1.1163
1.96 -0.7672 0.0034 -0.7638
1.50 -0.3992 0.0031 -0.3962
1.01 -0.0067 -0.0056 -0.0123
0.53 -0.0067 -0.0056 0.0000
0.17 -0.0067 -0.0056 0.0000
-0.14 -0.0067 -0.0056 0.0000
-0.37 -0.0067 -0.0056 0.0000
-0.51 -0.0067 -0.0056 0.0000
-0.57 -0.0067 -0.0056 0.0000
-0.57 -0.0067 -0.0056 0.0000
-0.54 -0.0067 -0.0056 0.0000
-0.46 -0.0067 -0.0056 0.0000
-0.37 -0.0067 -0.0056 0.0000
-0.23 -0.0067 -0.0056 0.0000
-0.06 -0.0067 -0.0056 0.0000
0.12 -0.0067 -0.0056 0.0000
0.32 -0.0067 -0.0056 0.0000
0.55 -0.0067 -0.0056 0.0000
0.79 -0.0067 -0.0056 0.0000
1.02 -0.0190 0.2763 0.0000
1.28 -0.2275 0.9970 0.0000
1.55 -0.4360 -1.4613 -1.8974
1.78 -0.6200 -0.2747 -0.8947
1.96 -0.7672 0.8232 0.0000
1.99 -0.7918 -0.0958 -0.8875
1.97 -0.7795 -0.0526 -0.8321
1.96 -0.7672 -0.0024 -0.7696
1.88 -0.7059 0.1961 -0.5098
1.76 -0.6078 -0.2284 -0.8362
1.59 -0.4728 -0.1489 -0.6217
1.36 -0.2888 0.4040 0.0000
1.12 -0.0926 -0.3717 -0.4643
0.81 -0.0926 -0.3717 0.0000
0.56 -0.0926 -0.3717 0.0000
0.33 -0.0926 -0.3717 0.0000
0.10 -0.0926 -0.3717 0.0000
-0.10 -0.0926 -0.3717 0.0000
-0.28 -0.0926 -0.3717 0.0000
-0.43 -0.0926 -0.3717 0.0000
-0.59 -0.0926 -0.3717 0.0000
-0.72 -0.0926 -0.3717 0.0000
-0.88 -0.0926 -0.3717 0.0000
-1.05 -0.0926 -0.3717 0.0000
-1.21 -0.0926 -0.3717 0.0000
-1.43 -0.0926 -0.3717 0.0000
-1.67 -0.0926 -0.3717 0.0000
-1.95 -0.0926 -0.3717 0.0000
-2.24 -0.0926 -0.3717 0.0000
-2.55 -0.0926 -0.3717 0.0000
-2.87 -0.0926 -0.3717 0.0000
-3.18 -0.0926 -0.3717 0.0000
-3.48 -0.0926 -0.3717 0.0000
-3.74 -0.0926 -0.3717 0.0000
-3.99 -0.0926 -0.3717 0.0000
-4.22 -0.0926 -0.3717 0.0000
-4.42 -0.0926 -0.3717 0.0000
-4.60 -0.0926 -0.3717 0.0000
-4.77 -0.0926 -0.3717 0.0000
-4.93 -0.0926 -0.3717 0.0000
-5.05 -0.0926 -0.3717 0.0000
-5.17 -0.0926 -0.3717 0.0000
-5.28 -0.0926 -0.3717 0.0000
-5.37 -0.0926 -0.3717 0.0000
-5.45 -0.0926 -0.3717 0.0000
-5.51 -0.0926 -0.3717 0.0000
-5.55 -0.0926 -0.3717 0.0000
-5.60 -0.0926 -0.3717 0.0000
-5.63 -0.0926 -0.3717 0.0000
-5.66 -0.0926 -0.3717 0.0000
-5.69 -0.0926 -0.3717 0.0000
-5.72 -0.0926 -0.3717 0.0000
-5.74 -0.0926 -0.3717 0.0000
-5.77 -0.0926 -0.3717 0.0000
-5.80 -0.0926 -0.3717 0.0000
-5.83 -0.0926 -0.3717 0.0000
-5.85 -0.0926 -0.3717 0.0000
-5.89 -0.0926 -0.3717 0.0000
-5.92 -0.0926 -0.3717 0.0000
-5.97 -0.0926 -0.3717 0.0000
-6.01 -0.0926 -0.3717 0.0000
-6.08 -0.0926 -0.3717 0.0000
-6.14 -0.0926 -0.3717 0.0000
-6.21 -0.0926 -0.3717 0.0000
-6.31 -0.0926 -0.3717 0.0000
-6.40 -0.0926 -0.3717 0.0000
-6.50 -0.0926 -0.3717 0.0000
-6.63 -0.0926 -0.3717 0.0000
-6.77 -0.0926 -0.3717 0.0000
-6.92 -0.0926 -0.3717 0.0000
-7.07 -0.0926 -0.3717 0.0000
-7.26 -0.0926 -0.3717 0.0000
-7.44 -0.0926 -0.3717 0.0000
-7.61 -0.0926 -0.3717 0.0000
-7.78 -0.0926 -0.3717 0.0000
-7.78 -0.0926 -0.3717 0.0000
-7.26 -0.0926 -0.3717 0.0000
-7.41 -0.0926 -0.3717 0.0000
-7.56 -0.0926 -0.3717 0.0000
-7.72 -0.0926 -0.3717 0.0000
-7.87 -0.0926 -0.3717 0.0000
-8.02 -0.0926 -0.3717 0.0000
-8.21 -0.0926 -0.3717 0.0000
-8.39 -0.0926 -0.3717 0.0000
-8.59 -0.0926 -0.3717 0.0000
-8.80 -0.0926 -0.3717 0.0000
-9.05 -0.0926 -0.3717 0.0000
-9.33 -0.0926 -0.3717 0.0000
-9.62 -0.0926 -0.3717 0.0000
-9.95 -0.0926 -0.3717 0.0000
-10.31 -0.0926 -0.3717 0.0000
-10.68 -0.0926 -0.3717 0.0000
-11.09 -0.0926 -0.3717 0.0000
-11.56 -0.0926 -0.3717 0.0000
-12.22 -0.0926 -0.3717 0.0000
-13.37 -0.0926 -0.3717 0.0000
-14.43 -0.0926 -0.3717 0.0000
-15.74 -0.0926 -0.3717 0.0000
-17.22 -0.0926 -0.3717 0.0000
-18.07 -0.0926 -0.3717 0.0000
-18.99 -0.0926 -0.3717 0.0000
-19.63 -0.0926 -0.3717 0.0000
-20.09 -0.0926 -0.3717 0.0000
-20.43 -0.0926 -0.3717 0.0000
-20.69 -0.0926 -0.3717 0.0000
-20.92 -0.0926 -0.3717 0.0000
-21.09 -0.0926 -0.3717 0.0000
-21.24 -0.0926 -0.3717 0.0000
-21.98 -0.0926 -0.3717 0.0000
-22.08 -0.0926 -0.3717 0.0000
-22.18 -0.0926 -0.3717 0.0000
-22.25 -0.0926 -0.3717 0.0000
-22.33 -0.0926 -0.3717 0.0000
-22.39 -0.0926 -0.3717 0.0000
-22.47 -0.0926 -0.3717 0.0000
-22.54 -0.0926 -0.3717 0.0000
-22.62 -0.0926 -0.3717 0.0000
-22.70 -0.0926 -0.3717 0.0000
-22.77 -0.0926 -0.3717 0.0000
-22.87 -0.0926 -0.3717 0.0000
-22.96 -0.0926 -0.3717 0.0000
-23.05 -0.0926 -0.3717 0.0000
-23.14 -0.0926 -0.3717 0.0000
-23.22 -0.0926 -0.3717 0.0000
-23.31 -0.0926 -0.3717 0.0000
-23.39 -0.0926 -0.3717 0.0000
-23.46 -0.0926 -0.3717 0.0000
-23.54 -0.0926 -0.3717 0.0000
-23.62 -0.0926 -0.3717 0.0000
-23.69 -0.0926 -0.3717 0.0000
-23.77 -0.0926 -0.3717 0.0000
-23.85 -0.0926 -0.3717 0.0000
-23.92 -0.0926 -0.3717 0.0000
-24.00 -0.0926 -0.3717 0.0000
-24.06 -0.0926 -0.3717 0.0000
-24.14 -0.0926 -0.3717 0.0000
-24.20 -0.0926 -0.3717 0.0000
-24.26 -0.0926 -0.3717 0.0000
-24.31 -0.0926 -0.3717 0.0000
-24.37 -0.0926 -0.3717 0.0000
-24.40 -0.0926 -0.3717 0.0000
-24.44 -0.0926 -0.3717 0.0000
-24.48 -0.0926 -0.3717 0.0000
-24.52 -0.0926 -0.3717 0.0000
-24.55 -0.0926 -0.3717 0.0000
-24.60 -0.0926 -0.3717 0.0000
-24.63 -0.0926 -0.3717 0.0000
-24.67 -0.0926 -0.3717 0.0000
-24.74 -0.0926 -0.3717 0.0000
-24.80 -0.0926 -0.3717 0.0000
-24.89 -0.0926 -0.3717 0.0000
-24.98 -0.0926 -0.3717 0.0000
-25.10 -0.0926 -0.3717 0.0000
-25.26 -0.0926 -0.3717 0.0000
-25.43 -0.0926 -0.3717 0.0000
-25.63 -0.0926 -0.3717 0.0000
-25.82 -0.0926 -0.3717 0.0000
-26.07 -0.0926 -0.3717 0.0000
-26.32 -0.0926 -0.3717 0.0000
-26.56 -0.0926 -0.3717 0.0000
-26.85 -0.0926 -0.3717 0.0000
-27.13 -0.0926 -0.3717 0.0000
-27.43 -0.0926 -0.3717 0.0000
-27.73 -0.0926 -0.3717 0.0000
-28.00 -0.0926 -0.3717 0.0000
-28.29 -0.0926 -0.3717 0.0000
-28.58 -0.0926 -0.3717 0.0000
-28.89 -0.0926 -0.3717 0.0000
-29.20 -0.0926 -0.3717 0.0000
-29.54 -0.0926 -0.3717 0.0000
-29.93 -0.0926 -0.3717 0.0000
-30.33 -0.0926 -0.3717 0.0000
-30.79 -0.0926 -0.3717 0.0000
-31.21 -0.0926 -0.3717 0.0000
-31.64 -0.0926 -0.3717 0.0000
-32.02 -0.0926 -0.3717 0.0000
-32.34 -0.0926 -0.3717 0.0000
-32.66 -0.0926 -0.3717 0.0000
-32.92 -0.0926 -0.3717 0.0000
-33.17 -0.0926 -0.3717 0.0000
-33.35 -0.0926 -0.3717 0.0000
-33.52 -0.0926 -0.3717 0.0000
-33.64 -0.0926 -0.3717 0.0000
-33.74 -0.0926 -0.3717 0.0000
-33.80 -0.0926 -0.3717 0.0000
-33.83 -0.0926 -0.3717 0.0000
-33.84 -0.0926 -0.3717 0.0000
-33.83 -0.0926 -0.3717 0.0000
-33.81 -0.0926 -0.3717 0.0000
-33.78 -0.0926 -0.3717 0.0000
-33.77 -0.0926 -0.3717 0.0000
-33.72 -0.0926 -0.3717 0.0000
-33.71 -0.0926 -0.3717 0.0000
-33.68 -0.0926 -0.3717 0.0000
-33.64 -0.0926 -0.3717 0.0000
-33.61 -0.0926 -0.3717 0.0000
-33.60 -0.0926 -0.3717 0.0000
-33.57 -0.0926 -0.3717 0.0000
-33.55 -0.0926 -0.3717 0.0000
-33.52 -0.0926 -0.3717 0.0000
-33.51 -0.0926 -0.3717 0.0000
-33.49 -0.0926 -0.3717 0.0000
-33.46 -0.0926 -0.3717 0.0000
-33.45 -0.0926 -0.3717 0.0000
-33.43 -0.0926 -0.3717 0.0000
-33.41 -0.0926 -0.3717 0.0000
-33.40 -0.0926 -0.3717 0.0000
-33.38 -0.0926 -0.3717 0.0000
-33.38 -0.0926 -0.3717 0.0000
-33.37 -0.0926 -0.3717 0.0000
-33.35 -0.0926 -0.3717 0.0000
-33.34 -0.0926 -0.3717 0.0000
-33.32 -0.0926 -0.3717 0.0000
-33.31 -0.0926 -0.3717 0.0000
-33.29 -0.0926 -0.3717 0.0000
-33.28 -0.0926 -0.3717 0.0000
-33.26 -0.0926 -0.3717 0.0000
-33.25 -0.0926 -0.3717 0.0000
-33.22 -0.0926 -0.3717 0.0000
-33.20 -0.0926 -0.3717 0.0000
-33.17 -0.0926 -0.3717 0.0000
-33.15 -0.0926 -0.3717 0.0000
-33.12 -0.0926 -0.3717 0.0000
-33.09 -0.0926 -0.3717 0.0000
-33.06 -0.0926 -0.3717 0.0000
-33.03 -0.0926 -0.3717 0.0000
-33.00 -0.0926 -0.3717 0.0000
-32.97 -0.0926 -0.3717 0.0000
-32.94 -0.0926 -0.3717 0.0000
-32.91 -0.0926 -0.3717 0.0000
-32.88 -0.0926 -0.3717 0.0000
-32.83 -0.0926 -0.3717 0.0000
-32.80 -0.0926 -0.3717 0.0000
-32.77 -0.0926 -0.3717 0.0000
-32.74 -0.0926 -0.3717 0.0000
-32.69 -0.0926 -0.3717 0.0000
-32.66 -0.0926 -0.3717 0.0000
-32.63 -0.0926 -0.3717 0.0000
-32.59 -0.0926 -0.3717 0.0000
-32.56 -0.0926 -0.3717 0.0000
-32.49 -0.0926 -0.3717 0.0000
-32.45 -0.0926 -0.3717 0.0000
-32.40 -0.0926 -0.3717 0.0000
-32.34 -0.0926 -0.3717 0.0000
-32.26 -0.0926 -0.3717 0.0000
-32.19 -0.0926 -0.3717 0.0000
-32.10 -0.0926 -0.3717 0.0000
-32.02 -0.0926 -0.3717 0.0000
-31.90 -0.0926 -0.3717 0.0000
-31.77 -0.0926 -0.3717 0.0000
-31.64 -0.0926 -0.3717 0.0000
-31.48 -0.0926 -0.3717 0.0000
-31.31 -0.0926 -0.3717 0.0000
-31.11 -0.0926 -0.3717 0.0000
-30.92 -0.0926 -0.3717 0.0000
-30.69 -0.0926 -0.3717 0.0000
-30.46 -0.0926 -0.3717 0.0000
-30.23 -0.0926 -0.3717 0.0000
-29.95 -0.0926 -0.3717 0.0000
-29.69 -0.0926 -0.3717 0.0000
-29.40 -0.0926 -0.3717 0.0000
-29.11 -0.0926 -0.3717 0.0000
-28.80 -0.0926 -0.3717 0.0000
-28.43 -0.0926 -0.3717 0.0000
-28.03 -0.0926 -0.3717 0.0000
-27.59 -0.0926 -0.3717 0.0000
-27.13 -0.0926 -0.3717 0.0000
-26.65 -0.0926 -0.3717 0.0000
-26.19 -0.0926 -0.3717 0.0000
-25.78 -0.0926 -0.3717 0.0000
-25.35 -0.0926 -0.3717 0.0000
-24.97 -0.0926 -0.3717 0.0000
-24.60 -0.0926 -0.3717 0.0000
-24.21 -0.0926 -0.3717 0.0000
-23.83 -0.0926 -0.3717 0.0000
-23.36 -0.0926 -0.3717 0.0000
-22.87 -0.0926 -0.3717 0.0000
-22.21 -0.0926 -0.3717 0.0000
-20.86 -0.0926 -0.3717 0.0000
-19.40 -0.0926 -0.3717 0.0000
-15.69 -0.0926 -0.3717 0.0000
-11.87 -0.0926 -0.3717 0.0000
-10.14 -0.0926 -0.3717 0.0000
-9.17 -0.0926 -0.3717 0.0000
-8.48 -0.0926 -0.3717 0.0000
-7.88 -0.0926 -0.3717 0.0000
-7.38 -0.0926 -0.3717 0.0000
-7.59 -0.0926 -0.3717 0.0000
-6.92 -0.0926 -0.3717 0.0000
-6.06 -0.0926 -0.3717 0.0000
-4.93 -0.0926 -0.3717 0.0000
-3.44 -0.0926 -0.3717 0.0000
-1.64 -0.0926 -0.3717 0.0000
-0.03 -0.0926 -0.3717 0.0000
1.28 -0.2275 0.0000 -0.2275
2.37 -1.0984 7.6325 0.0000
3.14 -1.7117 -4.1558 -5.8675
3.72 -2.1779 1.9534 -0.2245
4.31 -2.6440 1.0599 -1.5841
4.47 -2.7789 -0.6796 -3.4585
4.77 -3.0120 0.6833 -2.3287
4.86 -3.0856 0.2514 -2.8342
4.84 -3.0733 0.0248 -3.0486
4.78 -3.0243 0.0775 -2.9468
4.58 -2.8648 -0.3894 -3.2542
4.32 -2.6563 -0.0910 -2.7472
4.00 -2.3987 0.4647 -1.9340
3.65 -2.1165 -0.0117 -2.1282
3.28 -1.8221 -0.4202 -2.2423
2.91 -1.5277 -0.0732 -1.6009
2.53 -1.2211 0.3317 -0.8894
2.11 -0.8899 0.0849 -0.8050
1.78 -0.6200 -0.2061 -0.8262
1.56 -0.4483 0.0790 -0.3693
1.47 -0.3747 0.0229 -0.3518
1.50 -0.3992 0.0130 -0.3863
1.65 -0.5219 -0.0086 -0.5305
1.88 -0.7059 -0.0661 -0.7720
2.14 -0.9144 0.0613 -0.8531
2.45 -1.1598 0.0296 -1.1302
2.73 -1.3805 -0.0578 -1.4383
3.00 -1.6013 -0.0165 -1.6178
3.23 -1.7853 0.0372 -1.7481
3.42 -1.9325 -0.0052 -1.9377
3.60 -2.0797 -0.0224 -2.1021
3.75 -2.2024 0.0068 -2.1957
3.88 -2.3005 0.0092 -2.2913
3.95 -2.3619 -0.0059 -2.3677
3.98 -2.3864 -0.0003 -2.3867
3.97 -2.3741 -0.0009 -2.3751
3.91 -2.3251 0.0013 -2.3238
3.81 -2.2515 0.0038 -2.2477
3.68 -2.1411 -0.0044 -2.1455
3.49 -1.9939 -0.0036 -1.9975
3.25 -1.7976 0.0072 -1.7905
2.94 -1.5523 0.0006 -1.5517
2.50 -1.1966 -0.0101 -1.2067
1.96 -0.7672 0.0016 -0.7656
1.32 -0.2520 0.0089 -0.2431
0.44 -0.2520 0.0089 0.0000
-0.31 -0.2520 0.0089 0.0000
-1.06 -0.2520 0.0089 0.0000
-1.84 -0.2520 0.0089 0.0000
-2.63 -0.2520 0.0089 0.0000
-3.32 -0.2520 0.0089 0.0000
-3.93 -0.2520 0.0089 0.0000
-4.42 -0.2520 0.0089 0.0000
-4.85 -0.2520 0.0089 0.0000
-5.20 -0.2520 0.0089 0.0000
-5.51 -0.2520 0.0089 0.0000
-5.75 -0.2520 0.0089 0.0000
-5.95 -0.2520 0.0089 0.0000
-6.11 -0.2520 0.0089 0.0000
-6.23 -0.2520 0.0089 0.0000
-6.34 -0.2520 0.0089 0.0000
-6.41 -0.2520 0.0089 0.0000
-6.49 -0.2520 0.0089 0.0000
-6.55 -0.2520 0.0089 0.0000
-6.61 -0.2520 0.0089 0.0000
-6.67 -0.2520 0.0089 0.0000
-6.72 -0.2520 0.0089 0.0000
-6.77 -0.2520 0.0089 0.0000
-6.83 -0.2520 0.0089 0.0000
-6.89 -0.2520 0.0089 0.0000
-6.95 -0.2520 0.0089 0.0000
-7.01 -0.2520 0.0089 0.0000
-7.09 -0.2520 0.0089 0.0000
-7.15 -0.2520 0.0089 0.0000
-7.23 -0.2520 0.0089 0.0000
-7.30 -0.2520 0.0089 0.0000
-7.38 -0.2520 0.0089 0.0000
-7.46 -0.2520 0.0089 0.0000
-7.53 -0.2520 0.0089 0.0000
-7.61 -0.2520 0.0089 0.0000
-7.69 -0.2520 0.0089 0.0000
-7.76 -0.2520 0.0089 0.0000
-7.84 -0.2520 0.0089 0.0000
-7.92 -0.2520 0.0089 0.0000
-7.92 -0.2520 0.0089 0.0000
-8.01 -0.2520 0.0089 0.0000
-8.08 -0.2520 0.0089 0.0000
-8.16 -0.2520 0.0089 0.0000
-8.25 -0.2520 0.0089 0.0000
-8.33 -0.2520 0.0089 0.0000
-8.42 -0.2520 0.0089 0.0000
-8.50 -0.2520 0.0089 0.0000
-8.57 -0.2520 0.0089 0.0000
-8.67 -0.2520 0.0089 0.0000
-8.74 -0.2520 0.0089 0.0000
-8.85 -0.2520 0.0089 0.0000
-8.96 -0.2520 0.0089 0.0000
-9.07 -0.2520 0.0089 0.0000
-9.20 -0.2520 0.0089 0.0000
-9.34 -0.2520 0.0089 0.0000
-9.49 -0.2520 0.0089 0.0000
-9.66 -0.2520 0.0089 0.0000
-9.83 -0.2520 0.0089 0.0000
-10.03 -0.2520 0.0089 0.0000
-10.23 -0.2520 0.0089 0.0000
-10.46 -0.2520 0.0089 0.0000
-10.69 -0.2520 0.0089 0.0000
-10.97 -0.2520 0.0089 0.0000
-11.21 -0.2520 0.0089 0.0000
-11.46 -0.2520 0.0089 0.0000
-11.73 -0.2520 0.0089 0.0000
-11.99 -0.2520 0.0089 0.0000
-12.27 -0.2520 0.0089 0.0000
-12.64 -0.2520 0.0089 0.0000
-13.19 -0.2520 0.0089 0.0000
-13.97 -0.2520 0.0089 0.0000
-14.85 -0.2520 0.0089 0.0000
-15.64 -0.2520 0.0089 0.0000
-16.95 -0.2520 0.0089 0.0000
-18.07 -0.2520 0.0089 0.0000
-18.82 -0.2520 0.0089 0.0000
-19.61 -0.2520 0.0089 0.0000
-20.24 -0.2520 0.0089 0.0000
-20.69 -0.2520 0.0089 0.0000
-21.04 -0.2520 0.0089 0.0000
-21.30 -0.2520 0.0089 0.0000
-21.52 -0.2520 0.0089 0.0000
-21.72 -0.2520 0.0089 0.0000
-21.87 -0.2520 0.0089 0.0000
-22.01 -0.2520 0.0089 0.0000
-21.98 -0.2520 0.0089 0.0000
-22.08 -0.2520 0.0089 0.0000
-22.18 -0.2520 0.0089 0.0000
-22.27 -0.2520 0.0089 0.0000
-22.34 -0.2520 0.0089 0.0000
-22.44 -0.2520 0.0089 0.0000
-22.53 -0.2520 0.0089 0.0000
-22.62 -0.2520 0.0089 0.0000
-22.71 -0.2520 0.0089 0.0000
-22.82 -0.2520 0.0089 0.0000
-22.93 -0.2520 0.0089 0.0000
-23.05 -0.2520 0.0089 0.0000
-23.16 -0.2520 0.0089 0.0000
-23.26 -0.2520 0.0089 0.0000
-23.37 -0.2520 0.0089 0.0000
-23.46 -0.2520 0.0089 0.0000
-23.57 -0.2520 0.0089 0.0000
-23.65 -0.2520 0.0089 0.0000
-23.74 -0.2520 0.0089 0.0000
-23.83 -0.2520 0.0089 0.0000
-23.91 -0.2520 0.0089 0.0000
-23.98 -0.2520 0.0089 0.0000
-24.08 -0.2520 0.0089 0.0000
-24.14 -0.2520 0.0089 0.0000
-24.20 -0.2520 0.0089 0.0000
-24.28 -0.2520 0.0089 0.0000
-24.32 -0.2520 0.0089 0.0000
-24.37 -0.2520 0.0089 0.0000
-24.43 -0.2520 0.0089 0.0000
-24.46 -0.2520 0.0089 0.0000
-24.51 -0.2520 0.0089 0.0000
-24.55 -0.2520 0.0089 0.0000
-24.58 -0.2520 0.0089 0.0000
-24.63 -0.2520 0.0089 0.0000
-24.67 -0.2520 0.0089 0.0000
-24.71 -0.2520 0.0089 0.0000
-24.77 -0.2520 0.0089 0.0000
-24.83 -0.2520 0.0089 0.0000
-24.89 -0.2520 0.0089 0.0000
-24.97 -0.2520 0.0089 0.0000
-25.06 -0.2520 0.0089 0.0000
-25.17 -0.2520 0.0089 0.0000
-25.29 -0.2520 0.0089 0.0000
-25.43 -0.2520 0.0089 0.0000
-25.58 -0.2520 0.0089 0.0000
-25.75 -0.2520 0.0089 0.0000
-25.92 -0.2520 0.0089 0.0000
-26.10 -0.2520 0.0089 0.0000
-26.27 -0.2520 0.0089 0.0000
-26.45 -0.2520 0.0089 0.0000
-26.64 -0.2520 0.0089 0.0000
-26.82 -0.2520 0.0089 0.0000
-27.01 -0.2520 0.0089 0.0000
-27.17 -0.2520 0.0089 0.0000
-27.36 -0.2520 0.0089 0.0000
-27.53 -0.2520 0.0089 0.0000
-27.68 -0.2520 0.0089 0.0000
-27.83 -0.2520 0.0089 0.0000
-27.96 -0.2520 0.0089 0.0000
-28.08 -0.2520 0.0089 0.0000
-28.17 -0.2520 0.0089 0.0000
-28.28 -0.2520 0.0089 0.0000
-28.35 -0.2520 0.0089 0.0000
-28.42 -0.2520 0.0089 0.0000
-28.49 -0.2520 0.0089 0.0000
-28.54 -0.2520 0.0089 0.0000
-28.60 -0.2520 0.0089 0.0000
-28.65 -0.2520 0.0089 0.0000
-28.71 -0.2520 0.0089 0.0000
-28.78 -0.2520 0.0089 0.0000
-28.86 -0.2520 0.0089 0.0000
-28.97 -0.2520 0.0089 0.0000
-29.08 -0.2520 0.0089 0.0000
-29.21 -0.2520 0.0089 0.0000
-29.38 -0.2520 0.0089 0.0000
-29.58 -0.2520 0.0089 0.0000
-29.81 -0.2520 0.0089 0.0000
-30.09 -0.2520 0.0089 0.0000
-30.39 -0.2520 0.0089 0.0000
-30.70 -0.2520 0.0089 0.0000
-31.05 -0.2520 0.0089 0.0000
-31.41 -0.2520 0.0089 0.0000
-31.73 -0.2520 0.0089 0.0000
-32.05 -0.2520 0.0089 0.0000
-32.36 -0.2520 0.0089 0.0000
-32.65 -0.2520 0.0089 0.0000
-32.91 -0.2520 0.0089 0.0000
-33.17 -0.2520 0.0089 0.0000
-33.38 -0.2520 0.0089 0.0000
-33.58 -0.2520 0.0089 0.0000
-33.77 -0.2520 0.0089 0.0000
-33.91 -0.2520 0.0089 0.0000
-34.03 -0.2520 0.0089 0.0000
-34.14 -0.2520 0.0089 0.0000
-34.20 -0.2520 0.0089 0.0000
-34.26 -0.2520 0.0089 0.0000
-34.30 -0.2520 0.0089 0.0000
-34.32 -0.2520 0.0089 0.0000
-34.32 -0.2520 0.0089 0.0000
-34.32 -0.2520 0.0089 0.0000
-34.32 -0.2520 0.0089 0.0000
-34.30 -0.2520 0.0089 0.0000
-34.29 -0.2520 0.0089 0.0000
-34.26 -0.2520 0.0089 0.0000
-34.23 -0.2520 0.0089 0.0000
-34.18 -0.2520 0.0089 0.0000
-34.14 -0.2520 0.0089 0.0000
-34.09 -0.2520 0.0089 0.0000
-34.01 -0.2520 0.0089 0.0000
-33.95 -0.2520 0.0089 0.0000
-33.87 -0.2520 0.0089 0.0000
-33.78 -0.2520 0.0089 0.0000
-33.71 -0.2520 0.0089 0.0000
-33.63 -0.2520 0.0089 0.0000
-33.54 -0.2520 0.0089 0.0000
-33.46 -0.2520 0.0089 0.0000
-33.40 -0.2520 0.0089 0.0000
-33.32 -0.2520 0.0089 0.0000
-33.28 -0.2520 0.0089 0.0000
-33.23 -0.2520 0.0089 0.0000
-33.20 -0.2520 0.0089 0.0000
-33.17 -0.2520 0.0089 0.0000
-33.15 -0.2520 0.0089 0.0000
-33.12 -0.2520 0.0089 0.0000
-33.12 -0.2520 0.0089 0.0000
-33.11 -0.2520 0.0089 0.0000
-33.11 -0.2520 0.0089 0.0000
-33.11 -0.2520 0.0089 0.0000
-33.11 -0.2520 0.0089 0.0000
-33.11 -0.2520 0.0089 0.0000
-33.11 -0.2520 0.0089 0.0000
-33.11 -0.2520 0.0089 0.0000
-33.11 -0.2520 0.0089 0.0000
-33.11 -0.2520 0.0089 0.0000
-33.11 -0.2520 0.0089 0.0000
-33.11 -0.2520 0.0089 0.0000
-33.11 -0.2520 0.0089 0.0000
-33.11 -0.2520 0.0089 0.0000
-33.11 -0.2520 0.0089 0.0000
-33.11 -0.2520 0.0089 0.0000
-33.11 -0.2520 0.0089 0.0000
-33.11 -0.2520 0.0089 0.0000
-33.11 -0.2520 0.0089 0.0000
-33.11 -0.2520 0.0089 0.0000
-33.11 -0.2520 0.0089 0.0000
-33.11 -0.2520 0.0089 0.0000
-33.09 -0.2520 0.0089 0.0000
-33.09 -0.2520 0.0089 0.0000
-33.08 -0.2520 0.0089 0.0000
-33.06 -0.2520 0.0089 0.0000
-33.05 -0.2520 0.0089 0.0000
-33.02 -0.2520 0.0089 0.0000
-33.00 -0.2520 0.0089 0.0000
-32.97 -0.2520 0.0089 0.0000
-32.94 -0.2520 0.0089 0.0000
-32.91 -0.2520 0.0089 0.0000
-32.88 -0.2520 0.0089 0.0000
-32.85 -0.2520 0.0089 0.0000
-32.82 -0.2520 0.0089 0.0000
-32.79 -0.2520 0.0089 0.0000
-32.76 -0.2520 0.0089 0.0000
-32.71 -0.2520 0.0089 0.0000
-32.68 -0.2520 0.0089 0.0000
-32.65 -0.2520 0.0089 0.0000
-32.60 -0.2520 0.0089 0.0000
-32.56 -0.2520 0.0089 0.0000
-32.51 -0.2520 0.0089 0.0000
-32.45 -0.2520 0.0089 0.0000
-32.40 -0.2520 0.0089 0.0000
-32.34 -0.2520 0.0089 0.0000
-32.26 -0.2520 0.0089 0.0000
-32.19 -0.2520 0.0089 0.0000
-32.10 -0.2520 0.0089 0.0000
-31.97 -0.2520 0.0089 0.0000
-31.84 -0.2520 0.0089 0.0000
-31.67 -0.2520 0.0089 0.0000
-31.45 -0.2520 0.0089 0.0000
-31.21 -0.2520 0.0089 0.0000
-30.92 -0.2520 0.0089 0.0000
-30.56 -0.2520 0.0089 0.0000
-30.18 -0.2520 0.0089 0.0000
-29.77 -0.2520 0.0089 0.0000
-29.27 -0.2520 0.0089 0.0000
-28.78 -0.2520 0.0089 0.0000
-28.25 -0.2520 0.0089 0.0000
-27.60 -0.2520 0.0089 0.0000
-27.01 -0.2520 0.0089 0.0000
-26.44 -0.2520 0.0089 0.0000
-25.87 -0.2520 0.0089 0.0000
-25.38 -0.2520 0.0089 0.0000
-24.92 -0.2520 0.0089 0.0000
-24.52 -0.2520 0.0089 0.0000
-24.06 -0.2520 0.0089 0.0000
-23.60 -0.2520 0.0089 0.0000
-23.10 -0.2520 0.0089 0.0000
-22.44 -0.2520 0.0089 0.0000
-21.03 -0.2520 0.0089 0.0000
-19.65 -0.2520 0.0089 0.0000
-16.18 -0.2520 0.0089 0.0000
-11.61 -0.2520 0.0089 0.0000
-9.92 -0.2520 0.0089 0.0000
-8.91 -0.2520 0.0089 0.0000
-8.16 -0.2520 0.0089 0.0000
-7.50 -0.2520 0.0089 0.0000
-7.62 -0.2520 0.0089 0.0000
-6.75 -0.2520 0.0089 0.0000
-5.54 -0.2520 0.0089 0.0000
-3.74 -0.2520 0.0089 0.0000
-1.41 -0.2520 0.0089 0.0000
0.67 -0.2520 0.0089 0.0000
2.16 -0.9267 1.7866 0.0000
3.32 -1.8589 2.2244 0.0000
4.18 -2.5459 -3.3982 -5.9441
5.07 -3.2573 -2.9682 -6.2255
6.21 -4.1651 5.1572 0.0000
6.21 -4.1651 0.0000 -4.1651
6.70 -4.5576 1.7256 -2.8320
7.11 -4.8888 0.0638 -4.8250
7.03 -4.8275 0.2015 -4.6259
6.51 -4.4104 -0.0303 -4.4407
5.75 -3.7971 -1.5087 -5.3058
5.75 -3.7971 0.0000 -3.7971
5.01 -3.2083 0.2518 -2.9565
4.17 -2.5336 -1.1178 -3.6514
3.22 -1.7731 -0.3251 -2.0982
1.99 -0.7918 1.1847 0.0000
0.12 -0.7918 1.1847 0.0000
-1.92 -0.7918 1.1847 0.0000
-3.90 -0.7918 1.1847 0.0000
-5.22 -0.7918 1.1847 0.0000
-6.09 -0.7918 1.1847 0.0000
-6.67 -0.7918 1.1847 0.0000
-7.09 -0.7918 1.1847 0.0000
-7.39 -0.7918 1.1847 0.0000
-7.62 -0.7918 1.1847 0.0000
-7.81 -0.7918 1.1847 0.0000
-7.93 -0.7918 1.1847 0.0000
-7.93 -0.7918 1.1847 0.0000
-7.98 -0.7918 1.1847 0.0000
-7.98 -0.7918 1.1847 0.0000
-7.96 -0.7918 1.1847 0.0000
-7.92 -0.7918 1.1847 0.0000
-7.92 -0.7918 1.1847 0.0000
-7.84 -0.7918 1.1847 0.0000
-7.73 -0.7918 1.1847 0.0000
-7.58 -0.7918 1.1847 0.0000
-7.41 -0.7918 1.1847 0.0000
-7.21 -0.7918 1.1847 0.0000
-7.00 -0.7918 1.1847 0.0000
-6.73 -0.7918 1.1847 0.0000
-6.44 -0.7918 1.1847 0.0000
-6.11 -0.7918 1.1847 0.0000
-5.71 -0.7918 1.1847 0.0000
-5.22 -0.7918 1.1847 0.0000
-4.66 -0.7918 1.1847 0.0000
-4.05 -0.7918 1.1847 0.0000
-3.36 -0.7918 1.1847 0.0000
-2.64 -0.7918 1.1847 0.0000
-1.98 -0.7918 1.1847 0.0000
-1.40 -0.7918 1.1847 0.0000
-0.95 -0.7918 1.1847 0.0000
-0.57 -0.7918 1.1847 0.0000
-0.28 -0.7918 1.1847 0.0000
-0.06 -0.7918 1.1847 0.0000
0.10 -0.7918 1.1847 0.0000
0.21 -0.7918 1.1847 0.0000
0.26 -0.7918 1.1847 0.0000
0.26 -0.7918 1.1847 0.0000
0.21 -0.7918 1.1847 0.0000
0.13 -0.7918 1.1847 0.0000
0.03 -0.7918 1.1847 0.0000
-0.13 -0.7918 1.1847 0.0000
-0.31 -0.7918 1.1847 0.0000
-0.54 -0.7918 1.1847 0.0000
-0.82 -0.7918 1.1847 0.0000
-1.15 -0.7918 1.1847 0.0000
-1.55 -0.7918 1.1847 0.0000
-2.06 -0.7918 1.1847 0.0000
-2.61 -0.7918 1.1847 0.0000
-3.18 -0.7918 1.1847 0.0000
-3.76 -0.7918 1.1847 0.0000
-4.28 -0.7918 1.1847 0.0000
-4.77 -0.7918 1.1847 0.0000
-5.22 -0.7918 1.1847 0.0000
-5.63 -0.7918 1.1847 0.0000
-5.98 -0.7918 1.1847 0.0000
-6.29 -0.7918 1.1847 0.0000
-6.57 -0.7918 1.1847 0.0000
-6.83 -0.7918 1.1847 0.0000
-7.07 -0.7918 1.1847 0.0000
-7.32 -0.7918 1.1847 0.0000
-7.55 -0.7918 1.1847 0.0000
-7.75 -0.7918 1.1847 0.0000
-1.40 -0.7918 1.1847 0.0000
-7.75 -0.7918 1.1847 0.0000
-7.93 -0.7918 1.1847 0.0000
-8.08 -0.7918 1.1847 0.0000
-8.24 -0.7918 1.1847 0.0000
-8.39 -0.7918 1.1847 0.0000
-8.53 -0.7918 1.1847 0.0000
-8.68 -0.7918 1.1847 0.0000
-8.85 -0.7918 1.1847 0.0000
-9.02 -0.7918 1.1847 0.0000
-9.20 -0.7918 1.1847 0.0000
-9.39 -0.7918 1.1847 0.0000
-9.59 -0.7918 1.1847 0.0000
-9.79 -0.7918 1.1847 0.0000
-10.00 -0.7918 1.1847 0.0000
-10.23 -0.7918 1.1847 0.0000
-10.46 -0.7918 1.1847 0.0000
-10.69 -0.7918 1.1847 0.0000
-10.91 -0.7918 1.1847 0.0000
-11.12 -0.7918 1.1847 0.0000
-11.30 -0.7918 1.1847 0.0000
-11.49 -0.7918 1.1847 0.0000
-11.64 -0.7918 1.1847 0.0000
-11.81 -0.7918 1.1847 0.0000
-11.96 -0.7918 1.1847 0.0000
-12.15 -0.7918 1.1847 0.0000
-12.35 -0.7918 1.1847 0.0000
-12.62 -0.7918 1.1847 0.0000
-12.99 -0.7918 1.1847 0.0000
-13.53 -0.7918 1.1847 0.0000
-14.14 -0.7918 1.1847 0.0000
-14.72 -0.7918 1.1847 0.0000
-15.28 -0.7918 1.1847 0.0000
-16.13 -0.7918 1.1847 0.0000
-17.22 -0.7918 1.1847 0.0000
-17.87 -0.7918 1.1847 0.0000
-18.40 -0.7918 1.1847 0.0000
-18.91 -0.7918 1.1847 0.0000
-19.43 -0.7918 1.1847 0.0000
-19.83 -0.7918 1.1847 0.0000
-20.17 -0.7918 1.1847 0.0000
-20.41 -0.7918 1.1847 0.0000
-20.63 -0.7918 1.1847 0.0000
-20.80 -0.7918 1.1847 0.0000
-20.96 -0.7918 1.1847 0.0000
-21.09 -0.7918 1.1847 0.0000
-21.21 -0.7918 1.1847 0.0000
-21.33 -0.7918 1.1847 0.0000
-21.42 -0.7918 1.1847 0.0000
-21.52 -0.7918 1.1847 0.0000
-21.59 -0.7918 1.1847 0.0000
-21.67 -0.7918 1.1847 0.0000
-21.73 -0.7918 1.1847 0.0000
-22.04 -0.7918 1.1847 0.0000
-22.10 -0.7918 1.1847 0.0000
-22.14 -0.7918 1.1847 0.0000
-22.19 -0.7918 1.1847 0.0000
-22.24 -0.7918 1.1847 0.0000
-22.27 -0.7918 1.1847 0.0000
-22.31 -0.7918 1.1847 0.0000
-22.36 -0.7918 1.1847 0.0000
-22.42 -0.7918 1.1847 0.0000
-22.48 -0.7918 1.1847 0.0000
-22.54 -0.7918 1.1847 0.0000
-22.62 -0.7918 1.1847 0.0000
-22.70 -0.7918 1.1847 0.0000
-22.80 -0.7918 1.1847 0.0000
-22.90 -0.7918 1.1847 0.0000
-23.00 -0.7918 1.1847 0.0000
-23.13 -0.7918 1.1847 0.0000
-23.25 -0.7918 1.1847 0.0000
-23.37 -0.7918 1.1847 0.0000
-23.46 -0.7918 1.1847 0.0000
-23.57 -0.7918 1.1847 0.0000
-23.68 -0.7918 1.1847 0.0000
-23.79 -0.7918 1.1847 0.0000
-23.86 -0.7918 1.1847 0.0000
-23.95 -0.7918 1.1847 0.0000
-24.03 -0.7918 1.1847 0.0000
-24.11 -0.7918 1.1847 0.0000
-24.18 -0.7918 1.1847 0.0000
-24.26 -0.7918 1.1847 0.0000
-24.32 -0.7918 1.1847 0.0000
-24.37 -0.7918 1.1847 0.0000
-24.43 -0.7918 1.1847 0.0000
-24.46 -0.7918 1.1847 0.0000
-24.49 -0.7918 1.1847 0.0000
-24.52 -0.7918 1.1847 0.0000
-24.57 -0.7918 1.1847 0.0000
-24.58 -0.7918 1.1847 0.0000
-24.61 -0.7918 1.1847 0.0000
-24.63 -0.7918 1.1847 0.0000
-24.64 -0.7918 1.1847 0.0000
-24.66 -0.7918 1.1847 0.0000
-24.67 -0.7918 1.1847 0.0000
-24.71 -0.7918 1.1847 0.0000
-24.72 -0.7918 1.1847 0.0000
-24.74 -0.7918 1.1847 0.0000
-24.75 -0.7918 1.1847 0.0000
-24.77 -0.7918 1.1847 0.0000
-24.78 -0.7918 1.1847 0.0000
-24.81 -0.7918 1.1847 0.0000
-24.84 -0.7918 1.1847 0.0000
-24.87 -0.7918 1.1847 0.0000
-24.92 -0.7918 1.1847 0.0000
-24.98 -0.7918 1.1847 0.0000
-25.04 -0.7918 1.1847 0.0000
-25.12 -0.7918 1.1847 0.0000
-25.23 -0.7918 1.1847 0.0000
-25.33 -0.7918 1.1847 0.0000
-25.47 -0.7918 1.1847 0.0000
-25.63 -0.7918 1.1847 0.0000
-25.79 -0.7918 1.1847 0.0000
-25.98 -0.7918 1.1847 0.0000
-26.18 -0.7918 1.1847 0.0000
-26.39 -0.7918 1.1847 0.0000
-26.62 -0.7918 1.1847 0.0000
-26.87 -0.7918 1.1847 0.0000
-27.14 -0.7918 1.1847 0.0000
-27.45 -0.7918 1.1847 0.0000
-27.76 -0.7918 1.1847 0.0000
-28.11 -0.7918 1.1847 0.0000
-28.46 -0.7918 1.1847 0.0000
-28.88 -0.7918 1.1847 0.0000
-29.32 -0.7918 1.1847 0.0000
-29.86 -0.7918 1.1847 0.0000
-30.42 -0.7918 1.1847 0.0000
-31.08 -0.7918 1.1847 0.0000
-31.70 -0.7918 1.1847 0.0000
-32.31 -0.7918 1.1847 0.0000
-32.85 -0.7918 1.1847 0.0000
-33.34 -0.7918 1.1847 0.0000
-33.75 -0.7918 1.1847 0.0000
-34.12 -0.7918 1.1847 0.0000
-34.43 -0.7918 1.1847 0.0000
-34.70 -0.7918 1.1847 0.0000
-34.95 -0.7918 1.1847 0.0000
-35.16 -0.7918 1.1847 0.0000
-35.39 -0.7918 1.1847 0.0000
-35.58 -0.7918 1.1847 0.0000
-35.76 -0.7918 1.1847 0.0000
-35.91 -0.7918 1.1847 0.0000
-36.07 -0.7918 1.1847 0.0000
-35.98 -0.7918 1.1847 0.0000
-36.08 -0.7918 1.1847 0.0000
-36.17 -0.7918 1.1847 0.0000
-36.27 -0.7918 1.1847 0.0000
-36.33 -0.7918 1.1847 0.0000
-36.37 -0.7918 1.1847 0.0000
-36.40 -0.7918 1.1847 0.0000
-36.44 -0.7918 1.1847 0.0000
-36.44 -0.7918 1.1847 0.0000
-36.44 -0.7918 1.1847 0.0000
-36.44 -0.7918 1.1847 0.0000
-36.42 -0.7918 1.1847 0.0000
-36.40 -0.7918 1.1847 0.0000
-36.39 -0.7918 1.1847 0.0000
-36.36 -0.7918 1.1847 0.0000
-36.34 -0.7918 1.1847 0.0000
-36.31 -0.7918 1.1847 0.0000
-36.28 -0.7918 1.1847 0.0000
-36.25 -0.7918 1.1847 0.0000
-36.22 -0.7918 1.1847 0.0000
-36.19 -0.7918 1.1847 0.0000
-36.14 -0.7918 1.1847 0.0000
-36.11 -0.7918 1.1847 0.0000
-36.07 -0.7918 1.1847 0.0000
-36.04 -0.7918 1.1847 0.0000
-35.99 -0.7918 1.1847 0.0000
-35.96 -0.7918 1.1847 0.0000
-36.14 -0.7918 1.1847 0.0000
-36.11 -0.7918 1.1847 0.0000
-36.08 -0.7918 1.1847 0.0000
-36.07 -0.7918 1.1847 0.0000
-36.04 -0.7918 1.1847 0.0000
-36.02 -0.7918 1.1847 0.0000
-36.01 -0.7918 1.1847 0.0000
-35.99 -0.7918 1.1847 0.0000
-35.98 -0.7918 1.1847 0.0000
-35.96 -0.7918 1.1847 0.0000
-35.96 -0.7918 1.1847 0.0000
-35.94 -0.7918 1.1847 0.0000
-35.93 -0.7918 1.1847 0.0000
-35.91 -0.7918 1.1847 0.0000
-35.90 -0.7918 1.1847 0.0000
-35.88 -0.7918 1.1847 0.0000
-35.87 -0.7918 1.1847 0.0000
-35.85 -0.7918 1.1847 0.0000
-35.84 -0.7918 1.1847 0.0000
-35.81 -0.7918 1.1847 0.0000
-35.79 -0.7918 1.1847 0.0000
-35.78 -0.7918 1.1847 0.0000
-35.76 -0.7918 1.1847 0.0000
-35.75 -0.7918 1.1847 0.0000
-35.75 -0.7918 1.1847 0.0000
-35.73 -0.7918 1.1847 0.0000
-35.73 -0.7918 1.1847 0.0000
-35.73 -0.7918 1.1847 0.0000
-35.71 -0.7918 1.1847 0.0000
-35.73 -0.7918 1.1847 0.0000
-35.71 -0.7918 1.1847 0.0000
-35.73 -0.7918 1.1847 0.0000
-35.73 -0.7918 1.1847 0.0000
-35.73 -0.7918 1.1847 0.0000
-35.71 -0.7918 1.1847 0.0000
-35.71 -0.7918 1.1847 0.0000
-35.71 -0.7918 1.1847 0.0000
-35.71 -0.7918 1.1847 0.0000
-35.71 -0.7918 1.1847 0.0000
-35.71 -0.7918 1.1847 0.0000
-35.71 -0.7918 1.1847 0.0000
-35.71 -0.7918 1.1847 0.0000
-35.71 -0.7918 1.1847 0.0000
-35.71 -0.7918 1.1847 0.0000
-35.71 -0.7918 1.1847 0.0000
-35.70 -0.7918 1.1847 0.0000
-35.70 -0.7918 1.1847 0.0000
-35.70 -0.7918 1.1847 0.0000
-35.70 -0.7918 1.1847 0.0000
-35.68 -0.7918 1.1847 0.0000
-35.68 -0.7918 1.1847 0.0000
-35.68 -0.7918 1.1847 0.0000
-35.67 -0.7918 1.1847 0.0000
-35.67 -0.7918 1.1847 0.0000
-35.65 -0.7918 1.1847 0.0000
-35.64 -0.7918 1.1847 0.0000
-35.61 -0.7918 1.1847 0.0000
-35.58 -0.7918 1.1847 0.0000
-35.53 -0.7918 1.1847 0.0000
-35.48 -0.7918 1.1847 0.0000
-35.42 -0.7918 1.1847 0.0000
-35.33 -0.7918 1.1847 0.0000
-35.24 -0.7918 1.1847 0.0000
-35.12 -0.7918 1.1847 0.0000
-34.96 -0.7918 1.1847 0.0000
-34.79 -0.7918 1.1847 0.0000
-34.56 -0.7918 1.1847 0.0000
-34.26 -0.7918 1.1847 0.0000
-33.84 -0.7918 1.1847 0.0000
-33.29 -0.7918 1.1847 0.0000
-32.57 -0.7918 1.1847 0.0000
-31.61 -0.7918 1.1847 0.0000
-30.49 -0.7918 1.1847 0.0000
-29.18 -0.7918 1.1847 0.0000
-28.00 -0.7918 1.1847 0.0000
-26.85 -0.7918 1.1847 0.0000
-25.98 -0.7918 1.1847 0.0000
-25.23 -0.7918 1.1847 0.0000
-24.63 -0.7918 1.1847 0.0000
-24.02 -0.7918 1.1847 0.0000
-23.40 -0.7918 1.1847 0.0000
-22.60 -0.7918 1.1847 0.0000
-20.61 -0.7918 1.1847 0.0000
-18.33 -0.7918 1.1847 0.0000
-12.81 -0.7918 1.1847 0.0000
-10.05 -0.7918 1.1847 0.0000
-8.70 -0.7918 1.1847 0.0000
-7.85 -0.7918 1.1847 0.0000
-7.13 -0.7918 1.1847 0.0000
-7.39 -0.7918 1.1847 0.0000
-6.32 -0.7918 1.1847 0.0000
-4.71 -0.7918 1.1847 0.0000
-2.35 -0.7918 1.1847 0.0000
0.15 -0.7918 1.1847 0.0000
1.97 -0.7795 2.1918 0.0000
3.28 -1.8221 2.4878 0.0000
4.23 -2.5827 -3.7623 -6.3449
5.23 -3.3800 -3.9064 -7.2865
5.23 -3.3800 0.0000 -3.3800
6.36 -4.2877 -4.2817 -8.5694
7.08 -4.8643 -0.4428 -5.3071
6.79 -4.6312 -0.8515 -5.4827
5.82 -3.8584 -0.6366 -4.4950
6.16 -4.1283 -0.7590 -4.8873
5.21 -3.3677 0.6101 -2.7577
4.32 -2.6563 -1.2821 -3.9384
3.35 -1.8835 -1.2283 -3.1118
2.10 -0.8776 0.7188 -0.1588
0.20 -0.8776 0.7188 0.0000
-1.92 -0.8776 0.7188 0.0000
-3.82 -0.8776 0.7188 0.0000
-5.12 -0.8776 0.7188 0.0000
-5.98 -0.8776 0.7188 0.0000
-6.52 -0.8776 0.7188 0.0000
-6.90 -0.8776 0.7188 0.0000
-7.16 -0.8776 0.7188 0.0000
-7.35 -0.8776 0.7188 0.0000
-7.47 -0.8776 0.7188 0.0000
-7.53 -0.8776 0.7188 0.0000
-7.55 -0.8776 0.7188 0.0000
-7.53 -0.8776 0.7188 0.0000
-7.47 -0.8776 0.7188 0.0000
-7.39 -0.8776 0.7188 0.0000
-7.29 -0.8776 0.7188 0.0000
-7.16 -0.8776 0.7188 0.0000
-7.03 -0.8776 0.7188 0.0000
-6.86 -0.8776 0.7188 0.0000
-6.69 -0.8776 0.7188 0.0000
-6.49 -0.8776 0.7188 0.0000
-6.26 -0.8776 0.7188 0.0000
-6.01 -0.8776 0.7188 0.0000
-5.71 -0.8776 0.7188 0.0000
-5.35 -0.8776 0.7188 0.0000
-4.96 -0.8776 0.7188 0.0000
-4.56 -0.8776 0.7188 0.0000
-4.14 -0.8776 0.7188 0.0000
-3.76 -0.8776 0.7188 0.0000
-3.41 -0.8776 0.7188 0.0000
-3.12 -0.8776 0.7188 0.0000
-2.92 -0.8776 0.7188 0.0000
-2.81 -0.8776 0.7188 0.0000
-2.79 -0.8776 0.7188 0.0000
-2.86 -0.8776 0.7188 0.0000
-3.01 -0.8776 0.7188 0.0000
-3.22 -0.8776 0.7188 0.0000
-3.48 -0.8776 0.7188 0.0000
-3.79 -0.8776 0.7188 0.0000
-4.11 -0.8776 0.7188 0.0000
-4.45 -0.8776 0.7188 0.0000
-4.80 -0.8776 0.7188 0.0000
-5.16 -0.8776 0.7188 0.0000
-5.49 -0.8776 0.7188 0.0000
-5.81 -0.8776 0.7188 0.0000
-6.11 -0.8776 0.7188 0.0000
-6.38 -0.8776 0.7188 0.0000
-6.64 -0.8776 0.7188 0.0000
-6.92 -0.8776 0.7188 0.0000
-7.18 -0.8776 0.7188 0.0000
-7.44 -0.8776 0.7188 0.0000
-7.67 -0.8776 0.7188 0.0000
-7.88 -0.8776 0.7188 0.0000
-7.88 -0.8776 0.7188 0.0000
-8.08 -0.8776 0.7188 0.0000
-8.28 -0.8776 0.7188 0.0000
-8.48 -0.8776 0.7188 0.0000
-8.68 -0.8776 0.7188 0.0000
-8.90 -0.8776 0.7188 0.0000
-9.13 -0.8776 0.7188 0.0000
-9.37 -0.8776 0.7188 0.0000
-9.66 -0.8776 0.7188 0.0000
-9.97 -0.8776 0.7188 0.0000
-10.31 -0.8776 0.7188 0.0000
-10.71 -0.8776 0.7188 0.0000
-11.17 -0.8776 0.7188 0.0000
-11.66 -0.8776 0.7188 0.0000
-12.24 -0.8776 0.7188 0.0000
-13.24 -0.8776 0.7188 0.0000
-14.66 -0.8776 0.7188 0.0000
-16.04 -0.8776 0.7188 0.0000
-17.85 -0.8776 0.7188 0.0000
-18.88 -0.8776 0.7188 0.0000
-19.97 -0.8776 0.7188 0.0000
-20.63 -0.8776 0.7188 0.0000
-21.09 -0.8776 0.7188 0.0000
-21.44 -0.8776 0.7188 0.0000
-21.72 -0.8776 0.7188 0.0000
-21.67 -0.8776 0.7188 0.0000
-21.85 -0.8776 0.7188 0.0000
-22.05 -0.8776 0.7188 0.0000
-22.21 -0.8776 0.7188 0.0000
-22.36 -0.8776 0.7188 0.0000
-22.53 -0.8776 0.7188 0.0000
-22.68 -0.8776 0.7188 0.0000
-22.83 -0.8776 0.7188 0.0000
-22.99 -0.8776 0.7188 0.0000
-23.11 -0.8776 0.7188 0.0000
-23.25 -0.8776 0.7188 0.0000
-23.36 -0.8776 0.7188 0.0000
-23.46 -0.8776 0.7188 0.0000
-23.56 -0.8776 0.7188 0.0000
-23.65 -0.8776 0.7188 0.0000
-23.74 -0.8776 0.7188 0.0000
-23.79 -0.8776 0.7188 0.0000
-23.86 -0.8776 0.7188 0.0000
-23.91 -0.8776 0.7188 0.0000
-23.94 -0.8776 0.7188 0.0000
-23.97 -0.8776 0.7188 0.0000
-23.98 -0.8776 0.7188 0.0000
-24.00 -0.8776 0.7188 0.0000
-24.00 -0.8776 0.7188 0.0000
-24.00 -0.8776 0.7188 0.0000
-24.00 -0.8776 0.7188 0.0000
-24.00 -0.8776 0.7188 0.0000
-24.00 -0.8776 0.7188 0.0000
-24.02 -0.8776 0.7188 0.0000
-24.00 -0.8776 0.7188 0.0000
-24.00 -0.8776 0.7188 0.0000
-24.00 -0.8776 0.7188 0.0000
-24.00 -0.8776 0.7188 0.0000
-24.00 -0.8776 0.7188 0.0000
-24.00 -0.8776 0.7188 0.0000
-24.00 -0.8776 0.7188 0.0000
-24.02 -0.8776 0.7188 0.0000
-24.02 -0.8776 0.7188 0.0000
-24.02 -0.8776 0.7188 0.0000
-24.02 -0.8776 0.7188 0.0000
-24.02 -0.8776 0.7188 0.0000
-24.02 -0.8776 0.7188 0.0000
-24.02 -0.8776 0.7188 0.0000
-24.02 -0.8776 0.7188 0.0000
-24.03 -0.8776 0.7188 0.0000
-24.03 -0.8776 0.7188 0.0000
-24.03 -0.8776 0.7188 0.0000
-24.05 -0.8776 0.7188 0.0000
-24.06 -0.8776 0.7188 0.0000
-24.08 -0.8776 0.7188 0.0000
-24.11 -0.8776 0.7188 0.0000
-24.14 -0.8776 0.7188 0.0000
-24.17 -0.8776 0.7188 0.0000
-24.20 -0.8776 0.7188 0.0000
-24.25 -0.8776 0.7188 0.0000
-24.29 -0.8776 0.7188 0.0000
-24.35 -0.8776 0.7188 0.0000
-24.43 -0.8776 0.7188 0.0000
-24.52 -0.8776 0.7188 0.0000
-24.61 -0.8776 0.7188 0.0000
-24.75 -0.8776 0.7188 0.0000
-24.90 -0.8776 0.7188 0.0000
-25.09 -0.8776 0.7188 0.0000
-25.30 -0.8776 0.7188 0.0000
-25.55 -0.8776 0.7188 0.0000
-25.84 -0.8776 0.7188 0.0000
-26.13 -0.8776 0.7188 0.0000
-26.48 -0.8776 0.7188 0.0000
-26.87 -0.8776 0.7188 0.0000
-27.27 -0.8776 0.7188 0.0000
-27.70 -0.8776 0.7188 0.0000
-28.12 -0.8776 0.7188 0.0000
-28.57 -0.8776 0.7188 0.0000
-29.04 -0.8776 0.7188 0.0000
-29.54 -0.8776 0.7188 0.0000
-30.09 -0.8776 0.7188 0.0000
-30.62 -0.8776 0.7188 0.0000
-31.15 -0.8776 0.7188 0.0000
-31.65 -0.8776 0.7188 0.0000
-32.08 -0.8776 0.7188 0.0000
-32.49 -0.8776 0.7188 0.0000
-32.83 -0.8776 0.7188 0.0000
-33.14 -0.8776 0.7188 0.0000
-33.40 -0.8776 0.7188 0.0000
-33.61 -0.8776 0.7188 0.0000
-33.81 -0.8776 0.7188 0.0000
-33.95 -0.8776 0.7188 0.0000
-34.10 -0.8776 0.7188 0.0000
-34.21 -0.8776 0.7188 0.0000
-34.33 -0.8776 0.7188 0.0000
-34.46 -0.8776 0.7188 0.0000
-34.58 -0.8776 0.7188 0.0000
-34.70 -0.8776 0.7188 0.0000
-34.83 -0.8776 0.7188 0.0000
-34.96 -0.8776 0.7188 0.0000
-35.10 -0.8776 0.7188 0.0000
-35.22 -0.8776 0.7188 0.0000
-35.35 -0.8776 0.7188 0.0000
-35.45 -0.8776 0.7188 0.0000
-35.56 -0.8776 0.7188 0.0000
-35.65 -0.8776 0.7188 0.0000
-35.73 -0.8776 0.7188 0.0000
-36.10 -0.8776 0.7188 0.0000
-36.16 -0.8776 0.7188 0.0000
-36.21 -0.8776 0.7188 0.0000
-36.27 -0.8776 0.7188 0.0000
-36.30 -0.8776 0.7188 0.0000
-36.34 -0.8776 0.7188 0.0000
-36.37 -0.8776 0.7188 0.0000
-36.40 -0.8776 0.7188 0.0000
-36.42 -0.8776 0.7188 0.0000
-36.45 -0.8776 0.7188 0.0000
-36.47 -0.8776 0.7188 0.0000
-36.48 -0.8776 0.7188 0.0000
-36.48 -0.8776 0.7188 0.0000
-36.48 -0.8776 0.7188 0.0000
-36.50 -0.8776 0.7188 0.0000
-36.50 -0.8776 0.7188 0.0000
-36.48 -0.8776 0.7188 0.0000
-36.50 -0.8776 0.7188 0.0000
-36.50 -0.8776 0.7188 0.0000
-36.48 -0.8776 0.7188 0.0000
-36.48 -0.8776 0.7188 0.0000
-36.48 -0.8776 0.7188 0.0000
-36.50 -0.8776 0.7188 0.0000
-36.48 -0.8776 0.7188 0.0000
-36.48 -0.8776 0.7188 0.0000
-36.48 -0.8776 0.7188 0.0000
-36.48 -0.8776 0.7188 0.0000
-36.48 -0.8776 0.7188 0.0000
-36.48 -0.8776 0.7188 0.0000
-36.48 -0.8776 0.7188 0.0000
-36.48 -0.8776 0.7188 0.0000
-36.50 -0.8776 0.7188 0.0000
-36.50 -0.8776 0.7188 0.0000
-36.50 -0.8776 0.7188 0.0000
-36.48 -0.8776 0.7188 0.0000
-36.50 -0.8776 0.7188 0.0000
-36.50 -0.8776 0.7188 0.0000
-36.48 -0.8776 0.7188 0.0000
-36.48 -0.8776 0.7188 0.0000
-36.48 -0.8776 0.7188 0.0000
-36.48 -0.8776 0.7188 0.0000
-36.48 -0.8776 0.7188 0.0000
-36.48 -0.8776 0.7188 0.0000
-36.48 -0.8776 0.7188 0.0000
-36.48 -0.8776 0.7188 0.0000
-36.48 -0.8776 0.7188 0.0000
-36.48 -0.8776 0.7188 0.0000
-36.48 -0.8776 0.7188 0.0000
-36.48 -0.8776 0.7188 0.0000
-36.48 -0.8776 0.7188 0.0000
-36.48 -0.8776 0.7188 0.0000
-36.48 -0.8776 0.7188 0.0000
-36.48 -0.8776 0.7188 0.0000
-36.48 -0.8776 0.7188 0.0000
-36.48 -0.8776 0.7188 0.0000
-36.47 -0.8776 0.7188 0.0000
-36.48 -0.8776 0.7188 0.0000
-36.47 -0.8776 0.7188 0.0000
-36.47 -0.8776 0.7188 0.0000
-36.45 -0.8776 0.7188 0.0000
-36.44 -0.8776 0.7188 0.0000
-36.42 -0.8776 0.7188 0.0000
-36.40 -0.8776 0.7188 0.0000
-36.37 -0.8776 0.7188 0.0000
-36.34 -0.8776 0.7188 0.0000
-36.30 -0.8776 0.7188 0.0000
-36.25 -0.8776 0.7188 0.0000
-36.21 -0.8776 0.7188 0.0000
-36.16 -0.8776 0.7188 0.0000
-36.10 -0.8776 0.7188 0.0000
-36.10 -0.8776 0.7188 0.0000
-36.02 -0.8776 0.7188 0.0000
-35.94 -0.8776 0.7188 0.0000
-35.85 -0.8776 0.7188 0.0000
-35.75 -0.8776 0.7188 0.0000
-35.64 -0.8776 0.7188 0.0000
-35.53 -0.8776 0.7188 0.0000
-35.39 -0.8776 0.7188 0.0000
-35.25 -0.8776 0.7188 0.0000
-35.12 -0.8776 0.7188 0.0000
-34.96 -0.8776 0.7188 0.0000
-34.81 -0.8776 0.7188 0.0000
-34.64 -0.8776 0.7188 0.0000
-34.46 -0.8776 0.7188 0.0000
-34.23 -0.8776 0.7188 0.0000
-33.95 -0.8776 0.7188 0.0000
-33.63 -0.8776 0.7188 0.0000
-33.22 -0.8776 0.7188 0.0000
-32.76 -0.8776 0.7188 0.0000
-32.20 -0.8776 0.7188 0.0000
-31.61 -0.8776 0.7188 0.0000
-30.96 -0.8776 0.7188 0.0000
-30.24 -0.8776 0.7188 0.0000
-29.58 -0.8776 0.7188 0.0000
-28.94 -0.8776 0.7188 0.0000
-28.35 -0.8776 0.7188 0.0000
-27.80 -0.8776 0.7188 0.0000
-27.24 -0.8776 0.7188 0.0000
-26.78 -0.8776 0.7188 0.0000
-26.33 -0.8776 0.7188 0.0000
-25.96 -0.8776 0.7188 0.0000
-25.64 -0.8776 0.7188 0.0000
-25.32 -0.8776 0.7188 0.0000
-25.07 -0.8776 0.7188 0.0000
-24.81 -0.8776 0.7188 0.0000
-24.58 -0.8776 0.7188 0.0000
-24.34 -0.8776 0.7188 0.0000
-24.08 -0.8776 0.7188 0.0000
-23.80 -0.8776 0.7188 0.0000
-23.49 -0.8776 0.7188 0.0000
-23.16 -0.8776 0.7188 0.0000
-22.80 -0.8776 0.7188 0.0000
-22.37 -0.8776 0.7188 0.0000
-21.52 -0.8776 0.7188 0.0000
-20.84 -0.8776 0.7188 0.0000
-19.66 -0.8776 0.7188 0.0000
-17.59 -0.8776 0.7188 0.0000
-14.17 -0.8776 0.7188 0.0000
-11.72 -0.8776 0.7188 0.0000
-10.60 -0.8776 0.7188 0.0000
-9.74 -0.8776 0.7188 0.0000
-9.11 -0.8776 0.7188 0.0000
-8.61 -0.8776 0.7188 0.0000
-8.16 -0.8776 0.7188 0.0000
-7.72 -0.8776 0.7188 0.0000
-7.75 -0.8776 0.7188 0.0000
-7.21 -0.8776 0.7188 0.0000
-6.52 -0.8776 0.7188 0.0000
-5.65 -0.8776 0.7188 0.0000
-4.43 -0.8776 0.7188 0.0000
-2.84 -0.8776 0.7188 0.0000
-1.08 -0.8776 0.7188 0.0000
0.52 -0.8776 0.7188 0.0000
1.74 -0.5955 1.4735 0.0000
2.77 -1.4173 1.9610 0.0000
3.54 -2.0307 -2.4614 -4.4920
4.18 -2.5459 -1.2618 -3.8077
4.93 -3.1469 3.4758 0.0000
5.32 -3.4536 -1.4358 -4.8894
5.52 -3.6131 0.4675 -3.1455
5.81 -3.8461 0.7274 -3.1187
5.75 -3.7971 0.0991 -3.6980
5.59 -3.6744 0.2728 -3.4016
5.27 -3.4168 -0.4981 -3.9149
4.83 -3.0611 -0.6326 -3.6937
4.35 -2.6808 0.4376 -2.2432
3.77 -2.2147 0.5907 -1.6239
3.09 -1.6749 -0.5137 -2.1887
2.25 -1.0003 -0.5096 -1.5099
1.25 -0.2030 0.7698 0.0000
0.04 -0.2030 0.7698 0.0000
-1.05 -0.2030 0.7698 0.0000
-2.04 -0.2030 0.7698 0.0000
-2.86 -0.2030 0.7698 0.0000
-3.48 -0.2030 0.7698 0.0000
-3.88 -0.2030 0.7698 0.0000
-4.16 -0.2030 0.7698 0.0000
-4.30 -0.2030 0.7698 0.0000
-4.31 -0.2030 0.7698 0.0000
-4.27 -0.2030 0.7698 0.0000
-4.14 -0.2030 0.7698 0.0000
-3.97 -0.2030 0.7698 0.0000
-3.76 -0.2030 0.7698 0.0000
-3.51 -0.2030 0.7698 0.0000
-3.24 -0.2030 0.7698 0.0000
-2.95 -0.2030 0.7698 0.0000
-2.67 -0.2030 0.7698 0.0000
-2.41 -0.2030 0.7698 0.0000
-2.18 -0.2030 0.7698 0.0000
-2.01 -0.2030 0.7698 0.0000
-1.90 -0.2030 0.7698 0.0000
-1.86 -0.2030 0.7698 0.0000
-1.89 -0.2030 0.7698 0.0000
-1.97 -0.2030 0.7698 0.0000
-2.07 -0.2030 0.7698 0.0000
-2.24 -0.2030 0.7698 0.0000
-2.47 -0.2030 0.7698 0.0000
-2.73 -0.2030 0.7698 0.0000
-3.02 -0.2030 0.7698 0.0000
-3.33 -0.2030 0.7698 0.0000
-3.68 -0.2030 0.7698 0.0000
-4.02 -0.2030 0.7698 0.0000
-4.37 -0.2030 0.7698 0.0000
-4.71 -0.2030 0.7698 0.0000
-5.05 -0.2030 0.7698 0.0000
-5.39 -0.2030 0.7698 0.0000
-5.69 -0.2030 0.7698 0.0000
-5.98 -0.2030 0.7698 0.0000
-6.24 -0.2030 0.7698 0.0000
-6.50 -0.2030 0.7698 0.0000
-6.75 -0.2030 0.7698 0.0000
-7.00 -0.2030 0.7698 0.0000
-7.24 -0.2030 0.7698 0.0000
-7.49 -0.2030 0.7698 0.0000
-7.70 -0.2030 0.7698 0.0000
-7.93 -0.2030 0.7698 0.0000
-7.93 -0.2030 0.7698 0.0000
-8.13 -0.2030 0.7698 0.0000
-8.33 -0.2030 0.7698 0.0000
-8.51 -0.2030 0.7698 0.0000
-8.71 -0.2030 0.7698 0.0000
-8.94 -0.2030 0.7698 0.0000
-9.17 -0.2030 0.7698 0.0000
-9.43 -0.2030 0.7698 0.0000
-9.72 -0.2030 0.7698 0.0000
-10.05 -0.2030 0.7698 0.0000
-10.41 -0.2030 0.7698 0.0000
-10.84 -0.2030 0.7698 0.0000
-11.35 -0.2030 0.7698 0.0000
-11.89 -0.2030 0.7698 0.0000
-12.62 -0.2030 0.7698 0.0000
-14.00 -0.2030 0.7698 0.0000
-15.29 -0.2030 0.7698 0.0000
-17.21 -0.2030 0.7698 0.0000
-18.50 -0.2030 0.7698 0.0000
-19.57 -0.2030 0.7698 0.0000
-20.41 -0.2030 0.7698 0.0000
-20.93 -0.2030 0.7698 0.0000
-21.29 -0.2030 0.7698 0.0000
-21.61 -0.2030 0.7698 0.0000
-21.84 -0.2030 0.7698 0.0000
-21.84 -0.2030 0.7698 0.0000
-22.01 -0.2030 0.7698 0.0000
-22.16 -0.2030 0.7698 0.0000
-22.30 -0.2030 0.7698 0.0000
-22.44 -0.2030 0.7698 0.0000
-22.56 -0.2030 0.7698 0.0000
-22.70 -0.2030 0.7698 0.0000
-22.83 -0.2030 0.7698 0.0000
-22.96 -0.2030 0.7698 0.0000
-23.08 -0.2030 0.7698 0.0000
-23.20 -0.2030 0.7698 0.0000
-23.33 -0.2030 0.7698 0.0000
-23.43 -0.2030 0.7698 0.0000
-23.54 -0.2030 0.7698 0.0000
-23.63 -0.2030 0.7698 0.0000
-23.74 -0.2030 0.7698 0.0000
-23.82 -0.2030 0.7698 0.0000
-23.91 -0.2030 0.7698 0.0000
-23.97 -0.2030 0.7698 0.0000
-24.05 -0.2030 0.7698 0.0000
-24.09 -0.2030 0.7698 0.0000
-24.15 -0.2030 0.7698 0.0000
-24.18 -0.2030 0.7698 0.0000
-24.23 -0.2030 0.7698 0.0000
-24.26 -0.2030 0.7698 0.0000
-24.29 -0.2030 0.7698 0.0000
-24.32 -0.2030 0.7698 0.0000
-24.35 -0.2030 0.7698 0.0000
-24.38 -0.2030 0.7698 0.0000
-24.41 -0.2030 0.7698 0.0000
-24.44 -0.2030 0.7698 0.0000
-24.49 -0.2030 0.7698 0.0000
-24.54 -0.2030 0.7698 0.0000
-24.58 -0.2030 0.7698 0.0000
-24.64 -0.2030 0.7698 0.0000
-24.74 -0.2030 0.7698 0.0000
-24.83 -0.2030 0.7698 0.0000
-24.94 -0.2030 0.7698 0.0000
-25.07 -0.2030 0.7698 0.0000
-25.23 -0.2030 0.7698 0.0000
-25.41 -0.2030 0.7698 0.0000
-25.61 -0.2030 0.7698 0.0000
-25.81 -0.2030 0.7698 0.0000
-26.05 -0.2030 0.7698 0.0000
-26.28 -0.2030 0.7698 0.0000
-26.53 -0.2030 0.7698 0.0000
-26.84 -0.2030 0.7698 0.0000
-27.13 -0.2030 0.7698 0.0000
-27.42 -0.2030 0.7698 0.0000
-27.77 -0.2030 0.7698 0.0000
-28.09 -0.2030 0.7698 0.0000
-28.46 -0.2030 0.7698 0.0000
-28.86 -0.2030 0.7698 0.0000
-29.29 -0.2030 0.7698 0.0000
-29.78 -0.2030 0.7698 0.0000
-30.33 -0.2030 0.7698 0.0000
-30.90 -0.2030 0.7698 0.0000
-31.50 -0.2030 0.7698 0.0000
-32.02 -0.2030 0.7698 0.0000
-32.49 -0.2030 0.7698 0.0000
-32.94 -0.2030 0.7698 0.0000
-33.34 -0.2030 0.7698 0.0000
-33.68 -0.2030 0.7698 0.0000
-33.98 -0.2030 0.7698 0.0000
-34.23 -0.2030 0.7698 0.0000
-34.46 -0.2030 0.7698 0.0000
-34.69 -0.2030 0.7698 0.0000
-34.89 -0.2030 0.7698 0.0000
-35.10 -0.2030 0.7698 0.0000
-35.30 -0.2030 0.7698 0.0000
-35.48 -0.2030 0.7698 0.0000
-35.68 -0.2030 0.7698 0.0000
-35.84 -0.2030 0.7698 0.0000
-35.93 -0.2030 0.7698 0.0000
-36.10 -0.2030 0.7698 0.0000
-36.24 -0.2030 0.7698 0.0000
-36.37 -0.2030 0.7698 0.0000
-36.53 -0.2030 0.7698 0.0000
-36.67 -0.2030 0.7698 0.0000
-36.82 -0.2030 0.7698 0.0000
-36.99 -0.2030 0.7698 0.0000
-37.16 -0.2030 0.7698 0.0000
-37.37 -0.2030 0.7698 0.0000
-37.60 -0.2030 0.7698 0.0000
-37.83 -0.2030 0.7698 0.0000
-38.11 -0.2030 0.7698 0.0000
-38.40 -0.2030 0.7698 0.0000
-38.72 -0.2030 0.7698 0.0000
-39.07 -0.2030 0.7698 0.0000
-39.41 -0.2030 0.7698 0.0000
-39.76 -0.2030 0.7698 0.0000
-40.13 -0.2030 0.7698 0.0000
-40.51 -0.2030 0.7698 0.0000
-41.04 -0.2030 0.7698 0.0000
-41.65 -0.2030 0.7698 0.0000
-42.34 -0.2030 0.7698 0.0000
-42.97 -0.2030 0.7698 0.0000
-43.43 -0.2030 0.7698 0.0000
-44.06 -0.2030 0.7698 0.0000
-44.81 -0.2030 0.7698 0.0000
-45.41 -0.2030 0.7698 0.0000
-45.80 -0.2030 0.7698 0.0000
-46.02 -0.2030 0.7698 0.0000
-46.13 -0.2030 0.7698 0.0000
-46.17 -0.2030 0.7698 0.0000
-46.19 -0.2030 0.7698 0.0000
-46.16 -0.2030 0.7698 0.0000
-46.11 -0.2030 0.7698 0.0000
-46.06 -0.2030 0.7698 0.0000
-46.00 -0.2030 0.7698 0.0000
-45.96 -0.2030 0.7698 0.0000
-45.91 -0.2030 0.7698 0.0000
-45.87 -0.2030 0.7698 0.0000
-45.82 -0.2030 0.7698 0.0000
-45.79 -0.2030 0.7698 0.0000
-45.74 -0.2030 0.7698 0.0000
-45.71 -0.2030 0.7698 0.0000
-45.68 -0.2030 0.7698 0.0000
-45.67 -0.2030 0.7698 0.0000
-45.65 -0.2030 0.7698 0.0000
-45.65 -0.2030 0.7698 0.0000
-45.64 -0.2030 0.7698 0.0000
-45.64 -0.2030 0.7698 0.0000
-45.64 -0.2030 0.7698 0.0000
-45.64 -0.2030 0.7698 0.0000
-45.64 -0.2030 0.7698 0.0000
-45.64 -0.2030 0.7698 0.0000
-45.64 -0.2030 0.7698 0.0000
-45.64 -0.2030 0.7698 0.0000
-45.64 -0.2030 0.7698 0.0000
-45.64 -0.2030 0.7698 0.0000
-45.64 -0.2030 0.7698 0.0000
-45.64 -0.2030 0.7698 0.0000
-45.64 -0.2030 0.7698 0.0000
-45.64 -0.2030 0.7698 0.0000
-45.64 -0.2030 0.7698 0.0000
-45.64 -0.2030 0.7698 0.0000
-45.64 -0.2030 0.7698 0.0000
-45.64 -0.2030 0.7698 0.0000
-45.64 -0.2030 0.7698 0.0000
-45.64 -0.2030 0.7698 0.0000
-45.64 -0.2030 0.7698 0.0000
-45.64 -0.2030 0.7698 0.0000
-45.62 -0.2030 0.7698 0.0000
-45.64 -0.2030 0.7698 0.0000
-45.64 -0.2030 0.7698 0.0000
-45.64 -0.2030 0.7698 0.0000
-45.64 -0.2030 0.7698 0.0000
-45.62 -0.2030 0.7698 0.0000
-45.64 -0.2030 0.7698 0.0000
-45.64 -0.2030 0.7698 0.0000
-45.64 -0.2030 0.7698 0.0000
-45.64 -0.2030 0.7698 0.0000
-45.64 -0.2030 0.7698 0.0000
-45.64 -0.2030 0.7698 0.0000
-45.64 -0.2030 0.7698 0.0000
-45.64 -0.2030 0.7698 0.0000
-45.64 -0.2030 0.7698 0.0000
-45.65 -0.2030 0.7698 0.0000
-45.64 -0.2030 0.7698 0.0000
-45.65 -0.2030 0.7698 0.0000
-45.65 -0.2030 0.7698 0.0000
-45.65 -0.2030 0.7698 0.0000
-45.65 -0.2030 0.7698 0.0000
-45.65 -0.2030 0.7698 0.0000
-45.65 -0.2030 0.7698 0.0000
-45.65 -0.2030 0.7698 0.0000
-45.65 -0.2030 0.7698 0.0000
-45.65 -0.2030 0.7698 0.0000
-45.65 -0.2030 0.7698 0.0000
-45.64 -0.2030 0.7698 0.0000
-45.60 -0.2030 0.7698 0.0000
-45.54 -0.2030 0.7698 0.0000
-45.45 -0.2030 0.7698 0.0000
-45.30 -0.2030 0.7698 0.0000
-45.08 -0.2030 0.7698 0.0000
-44.73 -0.2030 0.7698 0.0000
-44.30 -0.2030 0.7698 0.0000
-43.83 -0.2030 0.7698 0.0000
-43.35 -0.2030 0.7698 0.0000
-42.94 -0.2030 0.7698 0.0000
-42.35 -0.2030 0.7698 0.0000
-41.51 -0.2030 0.7698 0.0000
-40.68 -0.2030 0.7698 0.0000
-39.99 -0.2030 0.7698 0.0000
-39.39 -0.2030 0.7698 0.0000
-38.83 -0.2030 0.7698 0.0000
-38.24 -0.2030 0.7698 0.0000
-37.72 -0.2030 0.7698 0.0000
-37.26 -0.2030 0.7698 0.0000
-36.79 -0.2030 0.7698 0.0000
-36.37 -0.2030 0.7698 0.0000
-35.90 -0.2030 0.7698 0.0000
-34.75 -0.2030 0.7698 0.0000
-34.09 -0.2030 0.7698 0.0000
-33.12 -0.2030 0.7698 0.0000
-31.77 -0.2030 0.7698 0.0000
-29.92 -0.2030 0.7698 0.0000
-27.66 -0.2030 0.7698 0.0000
-25.90 -0.2030 0.7698 0.0000
-24.67 -0.2030 0.7698 0.0000
-23.74 -0.2030 0.7698 0.0000
-22.97 -0.2030 0.7698 0.0000
-22.14 -0.2030 0.7698 0.0000
-28.20 -0.2030 0.7698 0.0000
-16.50 -0.2030 0.7698 0.0000
-10.64 -0.2030 0.7698 0.0000
-7.38 -0.2030 0.7698 0.0000
-6.14 -0.2030 0.7698 0.0000
-5.28 -0.2030 0.7698 0.0000
-7.85 -0.2030 0.7698 0.0000
-6.90 -0.2030 0.7698 0.0000
-5.52 -0.2030 0.7698 0.0000
-3.39 -0.2030 0.7698 0.0000
-0.72 -0.2030 0.7698 0.0000
1.42 -0.3379 2.5786 0.0000
2.94 -1.5523 4.4011 0.0000
3.97 -2.3741 -4.0657 -6.4398
5.01 -3.2083 -2.0429 -5.2512
-2.38 -3.2083 -2.0429 0.0000
5.01 -3.2083 0.0000 -3.2083
6.47 -4.3736 10.1880 0.0000
8.28 -5.8211 -7.1605 -12.9815
11.24 -8.1885 -15.5462 -23.7347
11.70 -8.5565 -0.6234 -9.1800
11.40 -8.3235 0.9723 -7.3511
8.09 -5.6739 10.7704 0.0000
5.27 -3.4168 -3.8620 -7.2788
17.92 -13.5368 28.4894 0.0000
5.16 -3.3309 -25.5037 -28.8346
4.15 -2.5213 -1.9415 -4.4628
3.65 -2.1165 0.0000 -2.1165
2.62 -1.2947 1.4130 0.0000
1.19 -0.1539 -1.6243 -1.7782
-0.68 -0.1539 -1.6243 0.0000
-2.47 -0.1539 -1.6243 0.0000
-3.99 -0.1539 -1.6243 0.0000
-5.09 -0.1539 -1.6243 0.0000
-5.88 -0.1539 -1.6243 0.0000
-6.40 -0.1539 -1.6243 0.0000
-6.77 -0.1539 -1.6243 0.0000
-7.06 -0.1539 -1.6243 0.0000
-7.27 -0.1539 -1.6243 0.0000
-7.46 -0.1539 -1.6243 0.0000
-7.58 -0.1539 -1.6243 0.0000
-7.69 -0.1539 -1.6243 0.0000
-7.76 -0.1539 -1.6243 0.0000
-7.82 -0.1539 -1.6243 0.0000
-7.85 -0.1539 -1.6243 0.0000
-7.85 -0.1539 -1.6243 0.0000
-7.85 -0.1539 -1.6243 0.0000
-7.84 -0.1539 -1.6243 0.0000
-7.82 -0.1539 -1.6243 0.0000
-7.79 -0.1539 -1.6243 0.0000
-7.76 -0.1539 -1.6243 0.0000
-7.73 -0.1539 -1.6243 0.0000
-7.67 -0.1539 -1.6243 0.0000
-7.64 -0.1539 -1.6243 0.0000
-7.61 -0.1539 -1.6243 0.0000
-7.56 -0.1539 -1.6243 0.0000
-7.55 -0.1539 -1.6243 0.0000
-7.55 -0.1539 -1.6243 0.0000
-7.55 -0.1539 -1.6243 0.0000
-7.55 -0.1539 -1.6243 0.0000
-7.58 -0.1539 -1.6243 0.0000
-7.59 -0.1539 -1.6243 0.0000
-7.62 -0.1539 -1.6243 0.0000
-7.67 -0.1539 -1.6243 0.0000
-7.72 -0.1539 -1.6243 0.0000
-7.78 -0.1539 -1.6243 0.0000
-7.84 -0.1539 -1.6243 0.0000
-7.92 -0.1539 -1.6243 0.0000
-7.92 -0.1539 -1.6243 0.0000
-7.99 -0.1539 -1.6243 0.0000
-8.08 -0.1539 -1.6243 0.0000
-8.19 -0.1539 -1.6243 0.0000
-8.30 -0.1539 -1.6243 0.0000
-8.41 -0.1539 -1.6243 0.0000
-8.51 -0.1539 -1.6243 0.0000
-8.62 -0.1539 -1.6243 0.0000
-8.76 -0.1539 -1.6243 0.0000
-8.90 -0.1539 -1.6243 0.0000
-9.05 -0.1539 -1.6243 0.0000
-9.23 -0.1539 -1.6243 0.0000
-9.43 -0.1539 -1.6243 0.0000
-9.65 -0.1539 -1.6243 0.0000
-9.88 -0.1539 -1.6243 0.0000
-10.15 -0.1539 -1.6243 0.0000
-10.48 -0.1539 -1.6243 0.0000
-10.81 -0.1539 -1.6243 0.0000
-11.21 -0.1539 -1.6243 0.0000
-11.61 -0.1539 -1.6243 0.0000
-12.06 -0.1539 -1.6243 0.0000
-12.61 -0.1539 -1.6243 0.0000
-13.50 -0.1539 -1.6243 0.0000
-14.74 -0.1539 -1.6243 0.0000
-15.67 -0.1539 -1.6243 0.0000
-17.38 -0.1539 -1.6243 0.0000
-18.37 -0.1539 -1.6243 0.0000
-19.26 -0.1539 -1.6243 0.0000
-20.01 -0.1539 -1.6243 0.0000
-20.58 -0.1539 -1.6243 0.0000
-20.93 -0.1539 -1.6243 0.0000
-21.22 -0.1539 -1.6243 0.0000
-21.44 -0.1539 -1.6243 0.0000
-21.62 -0.1539 -1.6243 0.0000
-21.76 -0.1539 -1.6243 0.0000
-21.87 -0.1539 -1.6243 0.0000
-21.95 -0.1539 -1.6243 0.0000
-21.99 -0.1539 -1.6243 0.0000
-22.04 -0.1539 -1.6243 0.0000
-22.05 -0.1539 -1.6243 0.0000
-22.04 -0.1539 -1.6243 0.0000
-22.02 -0.1539 -1.6243 0.0000
-22.05 -0.1539 -1.6243 0.0000
-22.04 -0.1539 -1.6243 0.0000
-22.01 -0.1539 -1.6243 0.0000
-21.98 -0.1539 -1.6243 0.0000
-21.93 -0.1539 -1.6243 0.0000
-21.88 -0.1539 -1.6243 0.0000
-21.82 -0.1539 -1.6243 0.0000
-21.76 -0.1539 -1.6243 0.0000
-21.70 -0.1539 -1.6243 0.0000
-21.64 -0.1539 -1.6243 0.0000
-21.58 -0.1539 -1.6243 0.0000
-21.50 -0.1539 -1.6243 0.0000
-21.44 -0.1539 -1.6243 0.0000
-21.38 -0.1539 -1.6243 0.0000
-21.33 -0.1539 -1.6243 0.0000
-21.27 -0.1539 -1.6243 0.0000
-21.24 -0.1539 -1.6243 0.0000
-21.19 -0.1539 -1.6243 0.0000
-21.18 -0.1539 -1.6243 0.0000
-21.15 -0.1539 -1.6243 0.0000
-21.15 -0.1539 -1.6243 0.0000
-21.13 -0.1539 -1.6243 0.0000
-21.13 -0.1539 -1.6243 0.0000
-21.12 -0.1539 -1.6243 0.0000
-21.12 -0.1539 -1.6243 0.0000
-21.10 -0.1539 -1.6243 0.0000
-21.10 -0.1539 -1.6243 0.0000
-21.09 -0.1539 -1.6243 0.0000
-21.07 -0.1539 -1.6243 0.0000
-21.06 -0.1539 -1.6243 0.0000
-21.03 -0.1539 -1.6243 0.0000
-21.01 -0.1539 -1.6243 0.0000
-20.98 -0.1539 -1.6243 0.0000
-20.95 -0.1539 -1.6243 0.0000
-20.92 -0.1539 -1.6243 0.0000
-20.89 -0.1539 -1.6243 0.0000
-20.84 -0.1539 -1.6243 0.0000
-20.81 -0.1539 -1.6243 0.0000
-20.76 -0.1539 -1.6243 0.0000
-20.72 -0.1539 -1.6243 0.0000
-20.67 -0.1539 -1.6243 0.0000
-20.63 -0.1539 -1.6243 0.0000
-20.58 -0.1539 -1.6243 0.0000
-20.55 -0.1539 -1.6243 0.0000
-20.50 -0.1539 -1.6243 0.0000
-20.49 -0.1539 -1.6243 0.0000
-20.47 -0.1539 -1.6243 0.0000
-20.47 -0.1539 -1.6243 0.0000
-20.47 -0.1539 -1.6243 0.0000
-20.46 -0.1539 -1.6243 0.0000
-20.46 -0.1539 -1.6243 0.0000
-20.46 -0.1539 -1.6243 0.0000
-20.46 -0.1539 -1.6243 0.0000
-20.46 -0.1539 -1.6243 0.0000
-20.46 -0.1539 -1.6243 0.0000
-20.46 -0.1539 -1.6243 0.0000
-20.44 -0.1539 -1.6243 0.0000
-20.44 -0.1539 -1.6243 0.0000
-20.44 -0.1539 -1.6243 0.0000
-20.44 -0.1539 -1.6243 0.0000
-20.44 -0.1539 -1.6243 0.0000
-20.44 -0.1539 -1.6243 0.0000
-20.43 -0.1539 -1.6243 0.0000
-20.43 -0.1539 -1.6243 0.0000
-20.43 -0.1539 -1.6243 0.0000
-20.43 -0.1539 -1.6243 0.0000
-20.43 -0.1539 -1.6243 0.0000
-20.41 -0.1539 -1.6243 0.0000
-20.41 -0.1539 -1.6243 0.0000
-20.41 -0.1539 -1.6243 0.0000
-20.41 -0.1539 -1.6243 0.0000
-20.41 -0.1539 -1.6243 0.0000
-20.41 -0.1539 -1.6243 0.0000
-20.41 -0.1539 -1.6243 0.0000
-20.41 -0.1539 -1.6243 0.0000
-20.41 -0.1539 -1.6243 0.0000
-20.41 -0.1539 -1.6243 0.0000
-20.40 -0.1539 -1.6243 0.0000
-20.40 -0.1539 -1.6243 0.0000
-20.40 -0.1539 -1.6243 0.0000
-20.40 -0.1539 -1.6243 0.0000
-20.40 -0.1539 -1.6243 0.0000
-20.41 -0.1539 -1.6243 0.0000
-20.40 -0.1539 -1.6243 0.0000
-20.40 -0.1539 -1.6243 0.0000
-20.40 -0.1539 -1.6243 0.0000
-20.40 -0.1539 -1.6243 0.0000
-20.40 -0.1539 -1.6243 0.0000
-20.40 -0.1539 -1.6243 0.0000
-20.40 -0.1539 -1.6243 0.0000
-20.40 -0.1539 -1.6243 0.0000
-20.40 -0.1539 -1.6243 0.0000
-20.40 -0.1539 -1.6243 0.0000
-20.40 -0.1539 -1.6243 0.0000
-20.40 -0.1539 -1.6243 0.0000
-20.40 -0.1539 -1.6243 0.0000
-20.40 -0.1539 -1.6243 0.0000
-20.40 -0.1539 -1.6243 0.0000
-20.40 -0.1539 -1.6243 0.0000
-20.40 -0.1539 -1.6243 0.0000
-20.40 -0.1539 -1.6243 0.0000
-20.40 -0.1539 -1.6243 0.0000
-20.40 -0.1539 -1.6243 0.0000
-20.40 -0.1539 -1.6243 0.0000
-20.40 -0.1539 -1.6243 0.0000
-20.40 -0.1539 -1.6243 0.0000
-20.38 -0.1539 -1.6243 0.0000
-20.38 -0.1539 -1.6243 0.0000
-20.38 -0.1539 -1.6243 0.0000
-20.40 -0.1539 -1.6243 0.0000
-20.38 -0.1539 -1.6243 0.0000
-20.40 -0.1539 -1.6243 0.0000
-20.38 -0.1539 -1.6243 0.0000
-20.40 -0.1539 -1.6243 0.0000
-20.38 -0.1539 -1.6243 0.0000
-20.40 -0.1539 -1.6243 0.0000
-20.38 -0.1539 -1.6243 0.0000
-20.38 -0.1539 -1.6243 0.0000
-20.40 -0.1539 -1.6243 0.0000
-20.38 -0.1539 -1.6243 0.0000
-20.38 -0.1539 -1.6243 0.0000
-20.38 -0.1539 -1.6243 0.0000
-20.38 -0.1539 -1.6243 0.0000
-20.40 -0.1539 -1.6243 0.0000
-20.38 -0.1539 -1.6243 0.0000
-20.40 -0.1539 -1.6243 0.0000
-20.38 -0.1539 -1.6243 0.0000
-20.40 -0.1539 -1.6243 0.0000
-20.38 -0.1539 -1.6243 0.0000
-20.38 -0.1539 -1.6243 0.0000
-20.38 -0.1539 -1.6243 0.0000
-20.38 -0.1539 -1.6243 0.0000
-20.38 -0.1539 -1.6243 0.0000
-20.40 -0.1539 -1.6243 0.0000
-20.40 -0.1539 -1.6243 0.0000
-20.38 -0.1539 -1.6243 0.0000
-20.38 -0.1539 -1.6243 0.0000
-20.38 -0.1539 -1.6243 0.0000
-20.38 -0.1539 -1.6243 0.0000
-20.38 -0.1539 -1.6243 0.0000
-20.38 -0.1539 -1.6243 0.0000
-20.38 -0.1539 -1.6243 0.0000
-20.38 -0.1539 -1.6243 0.0000
-20.38 -0.1539 -1.6243 0.0000
-20.38 -0.1539 -1.6243 0.0000
-20.38 -0.1539 -1.6243 0.0000
-20.38 -0.1539 -1.6243 0.0000
-20.38 -0.1539 -1.6243 0.0000
-20.38 -0.1539 -1.6243 0.0000
-20.38 -0.1539 -1.6243 0.0000
-20.38 -0.1539 -1.6243 0.0000
-20.38 -0.1539 -1.6243 0.0000
-20.38 -0.1539 -1.6243 0.0000
-20.38 -0.1539 -1.6243 0.0000
-20.38 -0.1539 -1.6243 0.0000
-20.38 -0.1539 -1.6243 0.0000
-20.38 -0.1539 -1.6243 0.0000
-20.38 -0.1539 -1.6243 0.0000
-20.38 -0.1539 -1.6243 0.0000
-20.38 -0.1539 -1.6243 0.0000
-20.38 -0.1539 -1.6243 0.0000
-20.38 -0.1539 -1.6243 0.0000
-20.38 -0.1539 -1.6243 0.0000
-20.38 -0.1539 -1.6243 0.0000
-20.38 -0.1539 -1.6243 0.0000
-20.38 -0.1539 -1.6243 0.0000
-20.38 -0.1539 -1.6243 0.0000
-20.38 -0.1539 -1.6243 0.0000
-20.38 -0.1539 -1.6243 0.0000
-20.38 -0.1539 -1.6243 0.0000
-20.38 -0.1539 -1.6243 0.0000
-20.38 -0.1539 -1.6243 0.0000
-20.38 -0.1539 -1.6243 0.0000
-20.40 -0.1539 -1.6243 0.0000
-20.40 -0.1539 -1.6243 0.0000
-20.37 -0.1539 -1.6243 0.0000
-20.37 -0.1539 -1.6243 0.0000
-20.37 -0.1539 -1.6243 0.0000
-20.38 -0.1539 -1.6243 0.0000
-20.38 -0.1539 -1.6243 0.0000
-20.37 -0.1539 -1.6243 0.0000
-20.35 -0.1539 -1.6243 0.0000
-20.35 -0.1539 -1.6243 0.0000
-20.37 -0.1539 -1.6243 0.0000
-20.38 -0.1539 -1.6243 0.0000
-20.38 -0.1539 -1.6243 0.0000
-20.37 -0.1539 -1.6243 0.0000
-20.37 -0.1539 -1.6243 0.0000
-20.35 -0.1539 -1.6243 0.0000
-20.34 -0.1539 -1.6243 0.0000
-20.35 -0.1539 -1.6243 0.0000
-20.35 -0.1539 -1.6243 0.0000
-20.35 -0.1539 -1.6243 0.0000
-20.35 -0.1539 -1.6243 0.0000
-20.35 -0.1539 -1.6243 0.0000
-20.35 -0.1539 -1.6243 0.0000
-20.35 -0.1539 -1.6243 0.0000
-20.35 -0.1539 -1.6243 0.0000
-20.35 -0.1539 -1.6243 0.0000
-20.34 -0.1539 -1.6243 0.0000
-20.35 -0.1539 -1.6243 0.0000
-20.35 -0.1539 -1.6243 0.0000
-20.35 -0.1539 -1.6243 0.0000
-20.35 -0.1539 -1.6243 0.0000
-20.34 -0.1539 -1.6243 0.0000
-20.35 -0.1539 -1.6243 0.0000
-20.35 -0.1539 -1.6243 0.0000
-20.35 -0.1539 -1.6243 0.0000
-20.35 -0.1539 -1.6243 0.0000
-20.35 -0.1539 -1.6243 0.0000
-20.35 -0.1539 -1.6243 0.0000
-20.34 -0.1539 -1.6243 0.0000
-20.34 -0.1539 -1.6243 0.0000
-20.34 -0.1539 -1.6243 0.0000
-20.35 -0.1539 -1.6243 0.0000
-20.35 -0.1539 -1.6243 0.0000
-20.34 -0.1539 -1.6243 0.0000
-20.34 -0.1539 -1.6243 0.0000
-20.34 -0.1539 -1.6243 0.0000
-20.34 -0.1539 -1.6243 0.0000
-20.35 -0.1539 -1.6243 0.0000
-20.34 -0.1539 -1.6243 0.0000
-20.35 -0.1539 -1.6243 0.0000
-20.35 -0.1539 -1.6243 0.0000
-20.35 -0.1539 -1.6243 0.0000
-20.35 -0.1539 -1.6243 0.0000
-20.35 -0.1539 -1.6243 0.0000
-20.34 -0.1539 -1.6243 0.0000
-20.34 -0.1539 -1.6243 0.0000
-20.34 -0.1539 -1.6243 0.0000
-20.35 -0.1539 -1.6243 0.0000
-20.35 -0.1539 -1.6243 0.0000
-20.35 -0.1539 -1.6243 0.0000
-20.34 -0.1539 -1.6243 0.0000
-20.34 -0.1539 -1.6243 0.0000
-20.34 -0.1539 -1.6243 0.0000
-20.35 -0.1539 -1.6243 0.0000
-20.35 -0.1539 -1.6243 0.0000
-20.34 -0.1539 -1.6243 0.0000
-20.35 -0.1539 -1.6243 0.0000
-20.34 -0.1539 -1.6243 0.0000
-20.34 -0.1539 -1.6243 0.0000
-20.34 -0.1539 -1.6243 0.0000
-20.34 -0.1539 -1.6243 0.0000
-20.35 -0.1539 -1.6243 0.0000
-20.34 -0.1539 -1.6243 0.0000
-20.34 -0.1539 -1.6243 0.0000
-20.34 -0.1539 -1.6243 0.0000
-20.34 -0.1539 -1.6243 0.0000
-20.34 -0.1539 -1.6243 0.0000
-20.35 -0.1539 -1.6243 0.0000
-20.34 -0.1539 -1.6243 0.0000
-20.34 -0.1539 -1.6243 0.0000
-20.34 -0.1539 -1.6243 0.0000
-20.34 -0.1539 -1.6243 0.0000
-20.34 -0.1539 -1.6243 0.0000
-20.34 -0.1539 -1.6243 0.0000
-20.34 -0.1539 -1.6243 0.0000
-20.34 -0.1539 -1.6243 0.0000
-20.34 -0.1539 -1.6243 0.0000
-20.34 -0.1539 -1.6243 0.0000
-20.34 -0.1539 -1.6243 0.0000
-20.34 -0.1539 -1.6243 0.0000
-20.34 -0.1539 -1.6243 0.0000
-20.34 -0.1539 -1.6243 0.0000
-20.34 -0.1539 -1.6243 0.0000
-20.34 -0.1539 -1.6243 0.0000
-20.34 -0.1539 -1.6243 0.0000
-20.34 -0.1539 -1.6243 0.0000
-20.34 -0.1539 -1.6243 0.0000
-20.34 -0.1539 -1.6243 0.0000
-20.34 -0.1539 -1.6243 0.0000
-20.34 -0.1539 -1.6243 0.0000
-20.34 -0.1539 -1.6243 0.0000
-20.34 -0.1539 -1.6243 0.0000
-20.34 -0.1539 -1.6243 0.0000
-20.34 -0.1539 -1.6243 0.0000
-20.34 -0.1539 -1.6243 0.0000
-20.34 -0.1539 -1.6243 0.0000
-20.34 -0.1539 -1.6243 0.0000
-20.34 -0.1539 -1.6243 0.0000
-20.34 -0.1539 -1.6243 0.0000
-20.34 -0.1539 -1.6243 0.0000
-20.34 -0.1539 -1.6243 0.0000
-20.34 -0.1539 -1.6243 0.0000
-20.34 -0.1539 -1.6243 0.0000
-20.34 -0.1539 -1.6243 0.0000
-20.34 -0.1539 -1.6243 0.0000
-20.34 -0.1539 -1.6243 0.0000
-20.34 -0.1539 -1.6243 0.0000
-20.34 -0.1539 -1.6243 0.0000
-20.34 -0.1539 -1.6243 0.0000
-20.34 -0.1539 -1.6243 0.0000
-20.34 -0.1539 -1.6243 0.0000
-20.34 -0.1539 -1.6243 0.0000
-20.34 -0.1539 -1.6243 0.0000
-20.34 -0.1539 -1.6243 0.0000
-20.34 -0.1539 -1.6243 0.0000
-20.34 -0.1539 -1.6243 0.0000
-20.34 -0.1539 -1.6243 0.0000
-20.34 -0.1539 -1.6243 0.0000
-20.34 -0.1539 -1.6243 0.0000
-20.34 -0.1539 -1.6243 0.0000
-20.34 -0.1539 -1.6243 0.0000
-20.34 -0.1539 -1.6243 0.0000
-20.34 -0.1539 -1.6243 0.0000
-20.34 -0.1539 -1.6243 0.0000
-20.34 -0.1539 -1.6243 0.0000
-20.34 -0.1539 -1.6243 0.0000
-20.34 -0.1539 -1.6243 0.0000
-20.34 -0.1539 -1.6243 0.0000
-20.34 -0.1539 -1.6243 0.0000
-20.34 -0.1539 -1.6243 0.0000
-20.34 -0.1539 -1.6243 0.0000
-20.34 -0.1539 -1.6243 0.0000
-20.34 -0.1539 -1.6243 0.0000
-20.34 -0.1539 -1.6243 0.0000
-20.34 -0.1539 -1.6243 0.0000
-20.34 -0.1539 -1.6243 0.0000
-20.34 -0.1539 -1.6243 0.0000
-20.34 -0.1539 -1.6243 0.0000
-20.34 -0.1539 -1.6243 0.0000
-20.34 -0.1539 -1.6243 0.0000
-20.34 -0.1539 -1.6243 0.0000
-20.34 -0.1539 -1.6243 0.0000
-20.34 -0.1539 -1.6243 0.0000
-20.34 -0.1539 -1.6243 0.0000
-20.34 -0.1539 -1.6243 0.0000
-20.34 -0.1539 -1.6243 0.0000
-20.34 -0.1539 -1.6243 0.0000
-20.34 -0.1539 -1.6243 0.0000
-20.34 -0.1539 -1.6243 0.0000
-20.34 -0.1539 -1.6243 0.0000
-20.34 -0.1539 -1.6243 0.0000
-20.34 -0.1539 -1.6243 0.0000
-20.34 -0.1539 -1.6243 0.0000
-20.34 -0.1539 -1.6243 0.0000
-20.34 -0.1539 -1.6243 0.0000
-20.34 -0.1539 -1.6243 0.0000
-20.34 -0.1539 -1.6243 0.0000
-20.34 -0.1539 -1.6243 0.0000
-20.34 -0.1539 -1.6243 0.0000
-20.34 -0.1539 -1.6243 0.0000
-20.34 -0.1539 -1.6243 0.0000
-20.34 -0.1539 -1.6243 0.0000
-20.34 -0.1539 -1.6243 0.0000
-20.34 -0.1539 -1.6243 0.0000
-20.34 -0.1539 -1.6243 0.0000
-20.34 -0.1539 -1.6243 0.0000
-20.34 -0.1539 -1.6243 0.0000
-20.34 -0.1539 -1.6243 0.0000
-20.34 -0.1539 -1.6243 0.0000
-20.34 -0.1539 -1.6243 0.0000
-20.34 -0.1539 -1.6243 0.0000
-20.34 -0.1539 -1.6243 0.0000
-20.34 -0.1539 -1.6243 0.0000
-20.34 -0.1539 -1.6243 0.0000
-20.34 -0.1539 -1.6243 0.0000
-20.34 -0.1539 -1.6243 0.0000
-20.34 -0.1539 -1.6243 0.0000
-20.34 -0.1539 -1.6243 0.0000
-20.34 -0.1539 -1.6243 0.0000
-20.34 -0.1539 -1.6243 0.0000
-20.34 -0.1539 -1.6243 0.0000
-20.34 -0.1539 -1.6243 0.0000
-20.34 -0.1539 -1.6243 0.0000
-20.34 -0.1539 -1.6243 0.0000
-20.34 -0.1539 -1.6243 0.0000
-20.34 -0.1539 -1.6243 0.0000
-20.34 -0.1539 -1.6243 0.0000
-20.34 -0.1539 -1.6243 0.0000
-20.34 -0.1539 -1.6243 0.0000
-20.34 -0.1539 -1.6243 0.0000
-20.34 -0.1539 -1.6243 0.0000
-20.34 -0.1539 -1.6243 0.0000
-20.34 -0.1539 -1.6243 0.0000
-20.34 -0.1539 -1.6243 0.0000
-20.34 -0.1539 -1.6243 0.0000
-20.34 -0.1539 -1.6243 0.0000
-20.34 -0.1539 -1.6243 0.0000
-20.34 -0.1539 -1.6243 0.0000
-20.34 -0.1539 -1.6243 0.0000
-20.34 -0.1539 -1.6243 0.0000
-20.34 -0.1539 -1.6243 0.0000
-20.34 -0.1539 -1.6243 0.0000
-20.34 -0.1539 -1.6243 0.0000
-20.34 -0.1539 -1.6243 0.0000
-20.34 -0.1539 -1.6243 0.0000
-20.34 -0.1539 -1.6243 0.0000
-20.34 -0.1539 -1.6243 0.0000
-20.34 -0.1539 -1.6243 0.0000
-20.34 -0.1539 -1.6243 0.0000
-20.34 -0.1539 -1.6243 0.0000
-20.34 -0.1539 -1.6243 0.0000
-20.34 -0.1539 -1.6243 0.0000
-20.34 -0.1539 -1.6243 0.0000
-20.34 -0.1539 -1.6243 0.0000
-20.34 -0.1539 -1.6243 0.0000
-20.34 -0.1539 -1.6243 0.0000
-20.34 -0.1539 -1.6243 0.0000
-20.34 -0.1539 -1.6243 0.0000
-20.34 -0.1539 -1.6243 0.0000
-20.34 -0.1539 -1.6243 0.0000
-20.34 -0.1539 -1.6243 0.0000
-20.34 -0.1539 -1.6243 0.0000
-20.34 -0.1539 -1.6243 0.0000
-20.34 -0.1539 -1.6243 0.0000
-20.34 -0.1539 -1.6243 0.0000
-20.34 -0.1539 -1.6243 0.0000
-20.34 -0.1539 -1.6243 0.0000
-20.34 -0.1539 -1.6243 0.0000
-20.34 -0.1539 -1.6243 0.0000
-20.34 -0.1539 -1.6243 0.0000
-20.34 -0.1539 -1.6243 0.0000
-20.34 -0.1539 -1.6243 0.0000
-20.34 -0.1539 -1.6243 0.0000
-20.34 -0.1539 -1.6243 0.0000
-20.34 -0.1539 -1.6243 0.0000
-20.34 -0.1539 -1.6243 0.0000
-20.34 -0.1539 -1.6243 0.0000
-20.34 -0.1539 -1.6243 0.0000
-20.34 -0.1539 -1.6243 0.0000
-20.34 -0.1539 -1.6243 0.0000
-20.34 -0.1539 -1.6243 0.0000
-20.34 -0.1539 -1.6243 0.0000
-20.34 -0.1539 -1.6243 0.0000
-20.34 -0.1539 -1.6243 0.0000
-20.34 -0.1539 -1.6243 0.0000
-20.34 -0.1539 -1.6243 0.0000
-20.34 -0.1539 -1.6243 0.0000
-20.34 -0.1539 -1.6243 0.0000
-20.34 -0.1539 -1.6243 0.0000
-20.34 -0.1539 -1.6243 0.0000
-20.34 -0.1539 -1.6243 0.0000
-20.34 -0.1539 -1.6243 0.0000
-20.34 -0.1539 -1.6243 0.0000
-20.34 -0.1539 -1.6243 0.0000
-20.34 -0.1539 -1.6243 0.0000
-20.34 -0.1539 -1.6243 0.0000
-20.34 -0.1539 -1.6243 0.0000
-20.34 -0.1539 -1.6243 0.0000
-20.34 -0.1539 -1.6243 0.0000
-20.34 -0.1539 -1.6243 0.0000
-20.34 -0.1539 -1.6243 0.0000
-20.34 -0.1539 -1.6243 0.0000
-20.34 -0.1539 -1.6243 0.0000
-20.34 -0.1539 -1.6243 0.0000
-20.34 -0.1539 -1.6243 0.0000
-20.34 -0.1539 -1.6243 0.0000
-20.34 -0.1539 -1.6243 0.0000
-20.34 -0.1539 -1.6243 0.0000
-20.34 -0.1539 -1.6243 0.0000
-20.34 -0.1539 -1.6243 0.0000
-20.34 -0.1539 -1.6243 0.0000
-20.34 -0.1539 -1.6243 0.0000
-20.34 -0.1539 -1.6243 0.0000
-20.34 -0.1539 -1.6243 0.0000
-20.34 -0.1539 -1.6243 0.0000
-20.34 -0.1539 -1.6243 0.0000
-20.34 -0.1539 -1.6243 0.0000
-20.34 -0.1539 -1.6243 0.0000
-20.34 -0.1539 -1.6243 0.0000
-20.34 -0.1539 -1.6243 0.0000
-20.34 -0.1539 -1.6243 0.0000
-20.34 -0.1539 -1.6243 0.0000
-20.34 -0.1539 -1.6243 0.0000
-20.34 -0.1539 -1.6243 0.0000
-20.34 -0.1539 -1.6243 0.0000
-20.34 -0.1539 -1.6243 0.0000
-20.34 -0.1539 -1.6243 0.0000
-20.34 -0.1539 -1.6243 0.0000
-20.34 -0.1539 -1.6243 0.0000
-20.34 -0.1539 -1.6243 0.0000
-20.34 -0.1539 -1.6243 0.0000
-20.34 -0.1539 -1.6243 0.0000
-20.34 -0.1539 -1.6243 0.0000
-20.34 -0.1539 -1.6243 0.0000
-20.34 -0.1539 -1.6243 0.0000
-20.34 -0.1539 -1.6243 0.0000
-20.34 -0.1539 -1.6243 0.0000
-20.34 -0.1539 -1.6243 0.0000
-20.34 -0.1539 -1.6243 0.0000
-20.34 -0.1539 -1.6243 0.0000
-20.34 -0.1539 -1.6243 0.0000
-20.34 -0.1539 -1.6243 0.0000
-20.34 -0.1539 -1.6243 0.0000
-20.34 -0.1539 -1.6243 0.0000
-20.34 -0.1539 -1.6243 0.0000
-20.34 -0.1539 -1.6243 0.0000
-20.34 -0.1539 -1.6243 0.0000
-20.34 -0.1539 -1.6243 0.0000
-20.34 -0.1539 -1.6243 0.0000
-20.34 -0