-0.86 0.0000 0.0000 0.0000
-1.74 0.0000 0.0000 0.0000
-3.05 0.0000 0.0000 0.0000
-4.13 0.0000 0.0000 0.0000
-4.93 0.0000 0.0000 0.0000
-5.71 0.0000 0.0000 0.0000
-6.35 0.0000 0.0000 0.0000
-6.78 0.0000 0.0000 0.0000
-7.07 0.0000 0.0000 0.0000
-7.33 0.0000 0.0000 0.0000
-7.56 0.0000 0.0000 0.0000
-7.75 0.0000 0.0000 0.0000
-7.92 0.0000 0.0000 0.0000
-7.92 0.0000 0.0000 0.0000
-8.04 0.0000 0.0000 0.0000
-8.16 0.0000 0.0000 0.0000
-8.27 0.0000 0.0000 0.0000
-8.38 0.0000 0.0000 0.0000
-8.50 0.0000 0.0000 0.0000
-8.61 0.0000 0.0000 0.0000
-8.73 0.0000 0.0000 0.0000
-8.85 0.0000 0.0000 0.0000
-8.99 0.0000 0.0000 0.0000
-9.13 0.0000 0.0000 0.0000
-9.26 0.0000 0.0000 0.0000
-9.39 0.0000 0.0000 0.0000
-9.51 0.0000 0.0000 0.0000
-9.63 0.0000 0.0000 0.0000
-9.74 0.0000 0.0000 0.0000
-9.83 0.0000 0.0000 0.0000
-9.89 0.0000 0.0000 0.0000
-9.95 0.0000 0.0000 0.0000
-9.99 0.0000 0.0000 0.0000
-10.02 0.0000 0.0000 0.0000
-10.02 0.0000 0.0000 0.0000
-10.00 0.0000 0.0000 0.0000
-10.00 0.0000 0.0000 0.0000
-9.99 0.0000 0.0000 0.0000
-9.99 0.0000 0.0000 0.0000
-9.99 0.0000 0.0000 0.0000
-9.99 0.0000 0.0000 0.0000
-9.99 0.0000 0.0000 0.0000
-10.00 0.0000 0.0000 0.0000
-10.00 0.0000 0.0000 0.0000
-10.02 0.0000 0.0000 0.0000
-10.03 0.0000 0.0000 0.0000
-10.03 0.0000 0.0000 0.0000
-10.05 0.0000 0.0000 0.0000
-10.06 0.0000 0.0000 0.0000
-10.08 0.0000 0.0000 0.0000
-10.09 0.0000 0.0000 0.0000
-10.11 0.0000 0.0000 0.0000
-10.12 0.0000 0.0000 0.0000
-10.15 0.0000 0.0000 0.0000
-10.17 0.0000 0.0000 0.0000
-10.18 0.0000 0.0000 0.0000
-10.22 0.0000 0.0000 0.0000
-10.23 0.0000 0.0000 0.0000
-10.25 0.0000 0.0000 0.0000
-10.28 0.0000 0.0000 0.0000
-10.31 0.0000 0.0000 0.0000
-10.34 0.0000 0.0000 0.0000
-10.37 0.0000 0.0000 0.0000
-10.40 0.0000 0.0000 0.0000
-10.43 0.0000 0.0000 0.0000
-10.48 0.0000 0.0000 0.0000
-10.51 0.0000 0.0000 0.0000
-10.55 0.0000 0.0000 0.0000
-10.60 0.0000 0.0000 0.0000
-10.66 0.0000 0.0000 0.0000
-10.71 0.0000 0.0000 0.0000
-10.77 0.0000 0.0000 0.0000
-10.84 0.0000 0.0000 0.0000
-10.94 0.0000 0.0000 0.0000
-11.01 0.0000 0.0000 0.0000
-11.14 0.0000 0.0000 0.0000
-11.24 0.0000 0.0000 0.0000
-11.38 0.0000 0.0000 0.0000
-11.50 0.0000 0.0000 0.0000
-11.63 0.0000 0.0000 0.0000
-11.75 0.0000 0.0000 0.0000
-11.84 0.0000 0.0000 0.0000
-11.93 0.0000 0.0000 0.0000
-12.01 0.0000 0.0000 0.0000
-12.09 0.0000 0.0000 0.0000
-12.15 0.0000 0.0000 0.0000
-12.19 0.0000 0.0000 0.0000
-12.22 0.0000 0.0000 0.0000
-12.25 0.0000 0.0000 0.0000
-12.29 0.0000 0.0000 0.0000
-12.30 0.0000 0.0000 0.0000
-12.32 0.0000 0.0000 0.0000
-12.33 0.0000 0.0000 0.0000
-12.35 0.0000 0.0000 0.0000
-12.35 0.0000 0.0000 0.0000
-12.35 0.0000 0.0000 0.0000
-12.36 0.0000 0.0000 0.0000
-12.36 0.0000 0.0000 0.0000
-12.36 0.0000 0.0000 0.0000
-12.38 0.0000 0.0000 0.0000
-12.39 0.0000 0.0000 0.0000
-12.41 0.0000 0.0000 0.0000
-12.42 0.0000 0.0000 0.0000
-12.44 0.0000 0.0000 0.0000
-12.47 0.0000 0.0000 0.0000
-12.48 0.0000 0.0000 0.0000
-12.52 0.0000 0.0000 0.0000
-12.53 0.0000 0.0000 0.0000
-12.56 0.0000 0.0000 0.0000
-12.58 0.0000 0.0000 0.0000
-12.59 0.0000 0.0000 0.0000
-12.61 0.0000 0.0000 0.0000
-12.62 0.0000 0.0000 0.0000
-12.62 0.0000 0.0000 0.0000
-12.62 0.0000 0.0000 0.0000
-12.62 0.0000 0.0000 0.0000
-12.62 0.0000 0.0000 0.0000
-12.62 0.0000 0.0000 0.0000
-12.62 0.0000 0.0000 0.0000
-12.62 0.0000 0.0000 0.0000
-12.62 0.0000 0.0000 0.0000
-12.62 0.0000 0.0000 0.0000
-12.62 0.0000 0.0000 0.0000
-12.62 0.0000 0.0000 0.0000
-12.62 0.0000 0.0000 0.0000
-12.62 0.0000 0.0000 0.0000
-12.62 0.0000 0.0000 0.0000
-12.62 0.0000 0.0000 0.0000
-12.62 0.0000 0.0000 0.0000
-12.62 0.0000 0.0000 0.0000
-12.65 0.0000 0.0000 0.0000
-12.62 0.0000 0.0000 0.0000
-12.64 0.0000 0.0000 0.0000
-12.64 0.0000 0.0000 0.0000
-12.64 0.0000 0.0000 0.0000
-12.62 0.0000 0.0000 0.0000
-12.61 0.0000 0.0000 0.0000
-12.58 0.0000 0.0000 0.0000
-12.53 0.0000 0.0000 0.0000
-12.48 0.0000 0.0000 0.0000
-12.42 0.0000 0.0000 0.0000
-12.35 0.0000 0.0000 0.0000
-12.25 0.0000 0.0000 0.0000
-12.16 0.0000 0.0000 0.0000
-12.06 0.0000 0.0000 0.0000
-11.95 0.0000 0.0000 0.0000
-11.81 0.0000 0.0000 0.0000
-11.69 0.0000 0.0000 0.0000
-11.55 0.0000 0.0000 0.0000
-11.41 0.0000 0.0000 0.0000
-11.27 0.0000 0.0000 0.0000
-11.12 0.0000 0.0000 0.0000
-10.98 0.0000 0.0000 0.0000
-10.84 0.0000 0.0000 0.0000
-10.69 0.0000 0.0000 0.0000
-10.52 0.0000 0.0000 0.0000
-10.35 0.0000 0.0000 0.0000
-10.14 0.0000 0.0000 0.0000
-9.89 0.0000 0.0000 0.0000
-9.63 0.0000 0.0000 0.0000
-9.31 0.0000 0.0000 0.0000
-8.91 0.0000 0.0000 0.0000
-8.47 0.0000 0.0000 0.0000
-7.90 0.0000 0.0000 0.0000
-7.19 0.0000 0.0000 0.0000
-5.57 0.0000 0.0000 0.0000
-1.83 0.0000 0.0000 0.0000
1.84 -0.6691 2.3922 1.7231
3.54 -2.0307 -1.3341 -3.3648
4.66 -2.9261 -0.7053 -3.6314
5.53 -3.6253 -0.2333 -3.8587
6.15 -4.1160 -0.1358 -4.2518
6.15 -4.1160 -0.1031 -4.2191
6.41 -4.3245 -0.0595 -4.3841
6.44 -4.3491 0.0322 -4.3169
6.30 -4.2387 0.0217 -4.2169
6.07 -4.0547 0.0076 -4.0470
6.15 -4.1160 0.0089 -4.1071
5.85 -3.8829 0.0004 -3.8825
5.52 -3.6131 -0.0004 -3.6135
5.13 -3.3064 0.0004 -3.3060
4.73 -2.9875 -0.0005 -2.9880
4.23 -2.5827 -0.0004 -2.5831
3.68 -2.1411 -0.0002 -2.1413
3.11 -1.6872 0.0001 -1.6871
2.54 -1.2334 0.0000 -1.2333
2.17 -0.9390 -0.0000 -0.9390
2.04 -0.8286 -0.0000 -0.8286
2.14 -0.9144 0.0000 -0.9144
2.50 -1.1966 0.0000 -1.1965
2.93 -1.5400 0.0000 -1.5400
3.37 -1.8957 -0.0000 -1.8957
3.80 -2.2392 0.0000 -2.2392
4.14 -2.5091 0.0000 -2.5091
4.38 -2.7053 0.0000 -2.7053
4.55 -2.8403 -0.0000 -2.8403
4.60 -2.8771 0.0000 -2.8771
4.55 -2.8403 0.0000 -2.8403
4.46 -2.7667 0.0000 -2.7667
4.21 -2.5704 -0.0000 -2.5704
3.88 -2.3005 -0.0000 -2.3005
3.43 -1.9448 0.0000 -1.9448
2.88 -1.5032 -0.0000 -1.5032
2.25 -1.0003 0.0000 -1.0003
1.62 -0.4974 0.0000 -0.4974
0.79 -0.4974 0.0000 0.0000
-0.00 -0.4974 0.0000 0.0000
-0.36 -0.4974 0.0000 0.0000
-0.28 -0.4974 0.0000 0.0000
-0.22 -0.4974 0.0000 0.0000
0.26 -0.4974 0.0000 0.0000
0.90 -0.4974 0.0000 0.0000
1.47 -0.3747 2.3922 2.0175
2.14 -0.9144 -1.3341 -2.2485
2.83 -1.4664 -0.7053 -2.1717
3.35 -1.8835 -0.3994 -2.2829
3.58 -2.0675 -0.1358 -2.2033
3.74 -2.1901 0.0915 -2.0987
3.69 -2.1533 0.0573 -2.0960
3.51 -2.0061 -0.0408 -2.0469
3.11 -1.6872 0.0087 -1.6786
2.70 -1.3560 -0.0032 -1.3592
2.08 -0.8654 0.0008 -0.8645
1.15 -0.1171 0.0052 -0.1119
-0.69 -0.1171 0.0052 0.0000
-1.94 -0.1171 0.0052 0.0000
-3.59 -0.1171 0.0052 0.0000
-4.34 -0.1171 0.0052 0.0000
-4.94 -0.1171 0.0052 0.0000
-5.31 -0.1171 0.0052 0.0000
-5.45 -0.1171 0.0052 0.0000
-5.42 -0.1171 0.0052 0.0000
-5.23 -0.1171 0.0052 0.0000
-4.86 -0.1171 0.0052 0.0000
-4.53 -0.1171 0.0052 0.0000
-4.10 -0.1171 0.0052 0.0000
-3.59 -0.1171 0.0052 0.0000
-2.78 -0.1171 0.0052 0.0000
-1.89 -0.1171 0.0052 0.0000
-1.32 -0.1171 0.0052 0.0000
-0.91 -0.1171 0.0052 0.0000
-0.54 -0.1171 0.0052 0.0000
-0.20 -0.1171 0.0052 0.0000
0.10 -0.1171 0.0052 0.0000
0.29 -0.1171 0.0052 0.0000
0.38 -0.1171 0.0052 0.0000
0.40 -0.1171 0.0052 0.0000
0.35 -0.1171 0.0052 0.0000
0.23 -0.1171 0.0052 0.0000
0.03 -0.1171 0.0052 0.0000
-0.23 -0.1171 0.0052 0.0000
-0.59 -0.1171 0.0052 0.0000
-0.95 -0.1171 0.0052 0.0000
-1.35 -0.1171 0.0052 0.0000
-1.98 -0.1171 0.0052 0.0000
-2.92 -0.1171 0.0052 0.0000
-3.78 -0.1171 0.0052 0.0000
-4.34 -0.1171 0.0052 0.0000
-4.96 -0.1171 0.0052 0.0000
-5.60 -0.1171 0.0052 0.0000
-6.15 -0.1171 0.0052 0.0000
-6.58 -0.1171 0.0052 0.0000
-6.90 -0.1171 0.0052 0.0000
-7.18 -0.1171 0.0052 0.0000
-7.41 -0.1171 0.0052 0.0000
-7.61 -0.1171 0.0052 0.0000
-7.79 -0.1171 0.0052 0.0000
-7.79 -0.1171 0.0052 0.0000
-7.93 -0.1171 0.0052 0.0000
-8.05 -0.1171 0.0052 0.0000
-8.18 -0.1171 0.0052 0.0000
-8.30 -0.1171 0.0052 0.0000
-8.42 -0.1171 0.0052 0.0000
-8.56 -0.1171 0.0052 0.0000
-8.70 -0.1171 0.0052 0.0000
-8.85 -0.1171 0.0052 0.0000
-9.02 -0.1171 0.0052 0.0000
-9.20 -0.1171 0.0052 0.0000
-9.37 -0.1171 0.0052 0.0000
-9.54 -0.1171 0.0052 0.0000
-9.71 -0.1171 0.0052 0.0000
-9.88 -0.1171 0.0052 0.0000
-10.02 -0.1171 0.0052 0.0000
-10.17 -0.1171 0.0052 0.0000
-10.29 -0.1171 0.0052 0.0000
-10.40 -0.1171 0.0052 0.0000
-10.49 -0.1171 0.0052 0.0000
-10.55 -0.1171 0.0052 0.0000
-10.63 -0.1171 0.0052 0.0000
-10.69 -0.1171 0.0052 0.0000
-10.75 -0.1171 0.0052 0.0000
-10.80 -0.1171 0.0052 0.0000
-10.87 -0.1171 0.0052 0.0000
-10.94 -0.1171 0.0052 0.0000
-11.03 -0.1171 0.0052 0.0000
-11.12 -0.1171 0.0052 0.0000
-11.21 -0.1171 0.0052 0.0000
-11.30 -0.1171 0.0052 0.0000
-11.41 -0.1171 0.0052 0.0000
-11.50 -0.1171 0.0052 0.0000
-11.60 -0.1171 0.0052 0.0000
-11.67 -0.1171 0.0052 0.0000
-11.73 -0.1171 0.0052 0.0000
-11.75 -0.1171 0.0052 0.0000
-11.76 -0.1171 0.0052 0.0000
-11.76 -0.1171 0.0052 0.0000
-11.75 -0.1171 0.0052 0.0000
-11.73 -0.1171 0.0052 0.0000
-11.73 -0.1171 0.0052 0.0000
-11.72 -0.1171 0.0052 0.0000
-11.70 -0.1171 0.0052 0.0000
-11.69 -0.1171 0.0052 0.0000
-11.67 -0.1171 0.0052 0.0000
-11.66 -0.1171 0.0052 0.0000
-11.64 -0.1171 0.0052 0.0000
-11.63 -0.1171 0.0052 0.0000
-11.60 -0.1171 0.0052 0.0000
-11.58 -0.1171 0.0052 0.0000
-11.56 -0.1171 0.0052 0.0000
-11.55 -0.1171 0.0052 0.0000
-11.52 -0.1171 0.0052 0.0000
-11.50 -0.1171 0.0052 0.0000
-11.47 -0.1171 0.0052 0.0000
-11.46 -0.1171 0.0052 0.0000
-11.43 -0.1171 0.0052 0.0000
-11.41 -0.1171 0.0052 0.0000
-11.38 -0.1171 0.0052 0.0000
-11.35 -0.1171 0.0052 0.0000
-11.33 -0.1171 0.0052 0.0000
-11.29 -0.1171 0.0052 0.0000
-11.26 -0.1171 0.0052 0.0000
-11.21 -0.1171 0.0052 0.0000
-11.17 -0.1171 0.0052 0.0000
-11.10 -0.1171 0.0052 0.0000
-11.04 -0.1171 0.0052 0.0000
-10.97 -0.1171 0.0052 0.0000
-10.87 -0.1171 0.0052 0.0000
-10.77 -0.1171 0.0052 0.0000
-10.64 -0.1171 0.0052 0.0000
-10.48 -0.1171 0.0052 0.0000
-10.25 -0.1171 0.0052 0.0000
-9.94 -0.1171 0.0052 0.0000
-9.56 -0.1171 0.0052 0.0000
-9.10 -0.1171 0.0052 0.0000
-8.50 -0.1171 0.0052 0.0000
-7.78 -0.1171 0.0052 0.0000
-6.01 -0.1171 0.0052 0.0000
-1.08 -0.1171 0.0052 0.0000
2.79 -1.4296 2.3922 0.9626
4.63 -2.9016 0.2924 -2.6092
5.82 -3.8584 -0.4007 -4.2591
5.82 -3.8584 0.3219 -3.5365
7.75 -5.4040 0.1974 -5.2066
10.19 -7.3544 -0.1234 -7.4777
12.60 -9.2802 0.0681 -9.2121
13.93 -10.3474 -0.0180 -10.3655
14.30 -10.6418 0.0222 -10.6196
14.04 -10.4333 -0.0143 -10.4476
13.12 -9.6973 -0.0064 -9.7038
11.82 -8.6547 -0.0011 -8.6558
10.32 -7.4525 0.0025 -7.4501
8.61 -6.0909 -0.0003 -6.0912
7.28 -5.0237 0.0000 -5.0237
6.16 -4.1283 0.0005 -4.1278
5.30 -3.4413 0.0001 -3.4413
5.99 -3.9933 0.0001 -3.9932
5.42 -3.5395 0.0001 -3.5394
4.92 -3.1347 -0.0000 -3.1347
4.47 -2.7789 0.0000 -2.7789
4.00 -2.3987 -0.0000 -2.3987
3.65 -2.1165 -0.0000 -2.1166
3.49 -1.9939 0.0000 -1.9939
3.46 -1.9693 0.0000 -1.9693
3.55 -2.0429 -0.0000 -2.0429
3.72 -2.1779 -0.0000 -2.1779
3.97 -2.3741 0.0000 -2.3741
4.23 -2.5827 -0.0000 -2.5827
4.47 -2.7789 0.0000 -2.7789
4.67 -2.9384 -0.0000 -2.9384
4.84 -3.0733 -0.0000 -3.0733
4.87 -3.0979 0.0000 -3.0979
4.84 -3.0733 0.0000 -3.0733
4.73 -2.9875 -0.0000 -2.9875
4.61 -2.8893 -0.0000 -2.8893
4.41 -2.7299 -0.0000 -2.7299
4.20 -2.5581 -0.0000 -2.5581
3.88 -2.3005 0.0000 -2.3005
3.52 -2.0184 0.0000 -2.0184
3.17 -1.7363 0.0000 -1.7363
2.89 -1.5155 -0.0000 -1.5155
2.71 -1.3683 0.0000 -1.3683
2.65 -1.3192 0.0000 -1.3192
2.73 -1.3805 0.0000 -1.3805
2.88 -1.5032 -0.0000 -1.5032
3.05 -1.6381 0.0000 -1.6381
3.26 -1.8099 0.0000 -1.8099
3.42 -1.9325 -0.0000 -1.9325
3.52 -2.0184 0.0000 -2.0184
3.57 -2.0552 0.0000 -2.0552
3.54 -2.0307 -0.0000 -2.0307
3.49 -1.9939 -0.0000 -1.9939
3.43 -1.9448 0.0000 -1.9448
3.32 -1.8589 0.0000 -1.8589
3.22 -1.7731 -0.0000 -1.7731
3.11 -1.6872 0.0000 -1.6872
3.02 -1.6136 0.0000 -1.6136
2.96 -1.5645 0.0000 -1.5645
2.94 -1.5523 0.0000 -1.5523
2.94 -1.5523 -0.0000 -1.5523
2.96 -1.5645 0.0000 -1.5645
2.96 -1.5645 -0.0000 -1.5645
2.96 -1.5645 0.0000 -1.5645
2.96 -1.5645 -0.0000 -1.5645
2.96 -1.5645 0.0000 -1.5645
2.96 -1.5645 -0.0000 -1.5645
2.96 -1.5645 0.0000 -1.5645
2.94 -1.5523 -0.0000 -1.5523
2.93 -1.5400 0.0000 -1.5400
2.88 -1.5032 -0.0000 -1.5032
2.80 -1.4419 0.0000 -1.4419
2.71 -1.3683 0.0000 -1.3683
2.56 -1.2456 -0.0000 -1.2456
2.37 -1.0984 0.0000 -1.0984
2.11 -0.8899 -0.0000 -0.8899
1.78 -0.6200 0.0000 -0.6200
1.24 -0.1907 -0.0000 -0.1907
0.27 -0.1907 -0.0000 0.0000
-0.75 -0.1907 -0.0000 0.0000
-1.54 -0.1907 -0.0000 0.0000
-2.72 -0.1907 -0.0000 0.0000
-3.88 -0.1907 -0.0000 0.0000
-4.51 -0.1907 -0.0000 0.0000
-5.16 -0.1907 -0.0000 0.0000
-5.74 -0.1907 -0.0000 0.0000
-6.21 -0.1907 -0.0000 0.0000
-6.57 -0.1907 -0.0000 0.0000
-6.84 -0.1907 -0.0000 0.0000
-7.07 -0.1907 -0.0000 0.0000
-7.27 -0.1907 -0.0000 0.0000
-7.46 -0.1907 -0.0000 0.0000
-7.62 -0.1907 -0.0000 0.0000
-7.78 -0.1907 -0.0000 0.0000
-7.92 -0.1907 -0.0000 0.0000
-7.92 -0.1907 -0.0000 0.0000
-8.04 -0.1907 -0.0000 0.0000
-8.16 -0.1907 -0.0000 0.0000
-8.28 -0.1907 -0.0000 0.0000
-8.41 -0.1907 -0.0000 0.0000
-8.54 -0.1907 -0.0000 0.0000
-8.70 -0.1907 -0.0000 0.0000
-8.87 -0.1907 -0.0000 0.0000
-9.03 -0.1907 -0.0000 0.0000
-9.22 -0.1907 -0.0000 0.0000
-9.40 -0.1907 -0.0000 0.0000
-9.57 -0.1907 -0.0000 0.0000
-9.72 -0.1907 -0.0000 0.0000
-9.89 -0.1907 -0.0000 0.0000
-10.05 -0.1907 -0.0000 0.0000
-10.17 -0.1907 -0.0000 0.0000
-10.29 -0.1907 -0.0000 0.0000
-10.37 -0.1907 -0.0000 0.0000
-10.45 -0.1907 -0.0000 0.0000
-10.49 -0.1907 -0.0000 0.0000
-10.52 -0.1907 -0.0000 0.0000
-10.54 -0.1907 -0.0000 0.0000
-10.55 -0.1907 -0.0000 0.0000
-10.55 -0.1907 -0.0000 0.0000
-10.55 -0.1907 -0.0000 0.0000
-10.55 -0.1907 -0.0000 0.0000
-10.55 -0.1907 -0.0000 0.0000
-10.57 -0.1907 -0.0000 0.0000
-10.58 -0.1907 -0.0000 0.0000
-10.60 -0.1907 -0.0000 0.0000
-10.61 -0.1907 -0.0000 0.0000
-10.64 -0.1907 -0.0000 0.0000
-10.69 -0.1907 -0.0000 0.0000
-10.74 -0.1907 -0.0000 0.0000
-10.81 -0.1907 -0.0000 0.0000
-10.87 -0.1907 -0.0000 0.0000
-10.98 -0.1907 -0.0000 0.0000
-11.10 -0.1907 -0.0000 0.0000
-11.24 -0.1907 -0.0000 0.0000
-11.41 -0.1907 -0.0000 0.0000
-11.60 -0.1907 -0.0000 0.0000
-11.79 -0.1907 -0.0000 0.0000
-12.02 -0.1907 -0.0000 0.0000
-12.22 -0.1907 -0.0000 0.0000
-12.42 -0.1907 -0.0000 0.0000
-12.62 -0.1907 -0.0000 0.0000
-12.79 -0.1907 -0.0000 0.0000
-12.91 -0.1907 -0.0000 0.0000
-13.01 -0.1907 -0.0000 0.0000
-13.05 -0.1907 -0.0000 0.0000
-13.05 -0.1907 -0.0000 0.0000
-13.05 -0.1907 -0.0000 0.0000
-13.04 -0.1907 -0.0000 0.0000
-13.04 -0.1907 -0.0000 0.0000
-13.04 -0.1907 -0.0000 0.0000
-13.05 -0.1907 -0.0000 0.0000
-13.05 -0.1907 -0.0000 0.0000
-13.05 -0.1907 -0.0000 0.0000
-13.05 -0.1907 -0.0000 0.0000
-13.05 -0.1907 -0.0000 0.0000
-13.05 -0.1907 -0.0000 0.0000
-13.05 -0.1907 -0.0000 0.0000
-13.05 -0.1907 -0.0000 0.0000
-13.05 -0.1907 -0.0000 0.0000
-13.05 -0.1907 -0.0000 0.0000
-13.05 -0.1907 -0.0000 0.0000
-13.07 -0.1907 -0.0000 0.0000
-13.05 -0.1907 -0.0000 0.0000
-13.07 -0.1907 -0.0000 0.0000
-13.07 -0.1907 -0.0000 0.0000
-13.07 -0.1907 -0.0000 0.0000
-13.07 -0.1907 -0.0000 0.0000
-13.07 -0.1907 -0.0000 0.0000
-13.07 -0.1907 -0.0000 0.0000
-13.07 -0.1907 -0.0000 0.0000
-13.07 -0.1907 -0.0000 0.0000
-13.07 -0.1907 -0.0000 0.0000
-13.07 -0.1907 -0.0000 0.0000
-13.07 -0.1907 -0.0000 0.0000
-13.07 -0.1907 -0.0000 0.0000
-13.07 -0.1907 -0.0000 0.0000
-13.07 -0.1907 -0.0000 0.0000
-13.07 -0.1907 -0.0000 0.0000
-13.07 -0.1907 -0.0000 0.0000
-13.07 -0.1907 -0.0000 0.0000
-13.07 -0.1907 -0.0000 0.0000
-13.07 -0.1907 -0.0000 0.0000
-13.07 -0.1907 -0.0000 0.0000
-13.07 -0.1907 -0.0000 0.0000
-13.07 -0.1907 -0.0000 0.0000
-13.05 -0.1907 -0.0000 0.0000
-13.05 -0.1907 -0.0000 0.0000
-13.05 -0.1907 -0.0000 0.0000
-13.04 -0.1907 -0.0000 0.0000
-13.04 -0.1907 -0.0000 0.0000
-13.02 -0.1907 -0.0000 0.0000
-13.01 -0.1907 -0.0000 0.0000
-12.98 -0.1907 -0.0000 0.0000
-12.98 -0.1907 -0.0000 0.0000
-12.96 -0.1907 -0.0000 0.0000
-12.96 -0.1907 -0.0000 0.0000
-12.96 -0.1907 -0.0000 0.0000
-12.96 -0.1907 -0.0000 0.0000
-12.96 -0.1907 -0.0000 0.0000
-12.96 -0.1907 -0.0000 0.0000
-12.96 -0.1907 -0.0000 0.0000
-12.96 -0.1907 -0.0000 0.0000
-12.96 -0.1907 -0.0000 0.0000
-12.96 -0.1907 -0.0000 0.0000
-12.96 -0.1907 -0.0000 0.0000
-12.96 -0.1907 -0.0000 0.0000
-12.96 -0.1907 -0.0000 0.0000
-12.96 -0.1907 -0.0000 0.0000
-12.96 -0.1907 -0.0000 0.0000
-12.96 -0.1907 -0.0000 0.0000
-12.96 -0.1907 -0.0000 0.0000
-12.94 -0.1907 -0.0000 0.0000
-12.91 -0.1907 -0.0000 0.0000
-12.88 -0.1907 -0.0000 0.0000
-12.87 -0.1907 -0.0000 0.0000
-12.90 -0.1907 -0.0000 0.0000
-12.96 -0.1907 -0.0000 0.0000
-12.98 -0.1907 -0.0000 0.0000
-12.98 -0.1907 -0.0000 0.0000
-13.02 -0.1907 -0.0000 0.0000
-13.05 -0.1907 -0.0000 0.0000
-13.05 -0.1907 -0.0000 0.0000
-13.05 -0.1907 -0.0000 0.0000
-13.04 -0.1907 -0.0000 0.0000
-13.04 -0.1907 -0.0000 0.0000
-13.04 -0.1907 -0.0000 0.0000
-13.04 -0.1907 -0.0000 0.0000
-13.02 -0.1907 -0.0000 0.0000
-13.04 -0.1907 -0.0000 0.0000
-13.04 -0.1907 -0.0000 0.0000
-13.04 -0.1907 -0.0000 0.0000
-13.04 -0.1907 -0.0000 0.0000
-13.05 -0.1907 -0.0000 0.0000
-13.05 -0.1907 -0.0000 0.0000
-13.04 -0.1907 -0.0000 0.0000
-13.04 -0.1907 -0.0000 0.0000
-13.02 -0.1907 -0.0000 0.0000
-13.01 -0.1907 -0.0000 0.0000
-12.99 -0.1907 -0.0000 0.0000
-12.96 -0.1907 -0.0000 0.0000
-12.91 -0.1907 -0.0000 0.0000
-12.85 -0.1907 -0.0000 0.0000
-12.78 -0.1907 -0.0000 0.0000
-12.68 -0.1907 -0.0000 0.0000
-12.56 -0.1907 -0.0000 0.0000
-12.41 -0.1907 -0.0000 0.0000
-12.22 -0.1907 -0.0000 0.0000
-12.02 -0.1907 -0.0000 0.0000
-11.81 -0.1907 -0.0000 0.0000
-11.56 -0.1907 -0.0000 0.0000
-11.29 -0.1907 -0.0000 0.0000
-11.00 -0.1907 -0.0000 0.0000
-10.69 -0.1907 -0.0000 0.0000
-10.31 -0.1907 -0.0000 0.0000
-9.89 -0.1907 -0.0000 0.0000
-9.40 -0.1907 -0.0000 0.0000
-8.82 -0.1907 -0.0000 0.0000
-8.07 -0.1907 -0.0000 0.0000
-6.90 -0.1907 -0.0000 0.0000
-3.28 -0.1907 -0.0000 0.0000
1.93 -0.7427 2.3922 1.6495
4.08 -2.4600 0.2924 -2.1676
5.32 -3.4536 -0.4007 -3.8543
5.32 -3.4536 -0.3088 -3.7624
6.54 -4.4349 -0.1620 -4.5970
7.95 -5.5635 0.1138 -5.4497
9.38 -6.7043 -0.0709 -6.7752
10.41 -7.5261 -0.0203 -7.5464
10.48 -7.5875 0.0217 -7.5657
9.79 -7.0355 0.0123 -7.0232
8.58 -6.0664 0.0059 -6.0605
7.39 -5.1096 0.0041 -5.1055
6.33 -4.2632 0.0013 -4.2619
5.47 -3.5763 -0.0016 -3.5779
5.93 -3.9443 0.0009 -3.9433
5.29 -3.4291 0.0000 -3.4291
4.72 -2.9752 0.0003 -2.9749
4.11 -2.4845 -0.0000 -2.4846
3.54 -2.0307 -0.0001 -2.0308
3.09 -1.6749 -0.0000 -1.6750
2.96 -1.5645 -0.0000 -1.5646
3.06 -1.6504 0.0000 -1.6504
3.37 -1.8957 -0.0000 -1.8958
3.85 -2.2760 -0.0000 -2.2760
4.29 -2.6317 0.0000 -2.6317
4.66 -2.9261 -0.0000 -2.9261
4.95 -3.1592 -0.0000 -3.1592
5.13 -3.3064 0.0000 -3.3064
5.21 -3.3677 -0.0000 -3.3677
5.19 -3.3555 0.0000 -3.3555
5.09 -3.2696 0.0000 -3.2696
4.87 -3.0979 -0.0000 -3.0979
4.57 -2.8525 0.0000 -2.8525
4.17 -2.5336 -0.0000 -2.5336
3.66 -2.1288 -0.0000 -2.1288
3.03 -1.6259 0.0000 -1.6259
2.42 -1.1352 -0.0000 -1.1352
1.85 -0.6814 -0.0000 -0.6814
1.48 -0.3870 0.0000 -0.3870
1.45 -0.3624 0.0000 -0.3624
1.68 -0.5464 -0.0000 -0.5464
2.16 -0.9267 -0.0000 -0.9267
2.70 -1.3560 -0.0000 -1.3560
3.19 -1.7485 0.0000 -1.7485
3.68 -2.1411 0.0000 -2.1411
4.01 -2.4109 0.0000 -2.4109
4.23 -2.5827 -0.0000 -2.5827
4.34 -2.6685 0.0000 -2.6685
4.32 -2.6563 -0.0000 -2.6563
4.17 -2.5336 0.0000 -2.5336
3.91 -2.3251 -0.0000 -2.3251
3.51 -2.0061 0.0000 -2.0061
3.00 -1.6013 -0.0000 -1.6013
2.39 -1.1107 -0.0000 -1.1107
1.55 -0.4360 -0.0000 -0.4360
0.15 -0.4360 -0.0000 0.0000
-1.03 -0.4360 -0.0000 0.0000
-1.84 -0.4360 -0.0000 0.0000
-2.66 -0.4360 -0.0000 0.0000
-3.33 -0.4360 -0.0000 0.0000
-3.44 -0.4360 -0.0000 0.0000
-3.36 -0.4360 -0.0000 0.0000
-3.02 -0.4360 -0.0000 0.0000
-2.49 -0.4360 -0.0000 0.0000
-1.92 -0.4360 -0.0000 0.0000
-1.44 -0.4360 -0.0000 0.0000
-1.11 -0.4360 -0.0000 0.0000
-0.83 -0.4360 -0.0000 0.0000
-0.57 -0.4360 -0.0000 0.0000
-0.39 -0.4360 -0.0000 0.0000
-0.31 -0.4360 -0.0000 0.0000
-0.29 -0.4360 -0.0000 0.0000
-0.34 -0.4360 -0.0000 0.0000
-0.46 -0.4360 -0.0000 0.0000
-0.60 -0.4360 -0.0000 0.0000
-0.75 -0.4360 -0.0000 0.0000
-0.94 -0.4360 -0.0000 0.0000
-1.12 -0.4360 -0.0000 0.0000
-1.34 -0.4360 -0.0000 0.0000
-1.61 -0.4360 -0.0000 0.0000
-1.97 -0.4360 -0.0000 0.0000
-2.36 -0.4360 -0.0000 0.0000
-2.78 -0.4360 -0.0000 0.0000
-3.18 -0.4360 -0.0000 0.0000
-3.50 -0.4360 -0.0000 0.0000
-3.76 -0.4360 -0.0000 0.0000
-3.97 -0.4360 -0.0000 0.0000
-4.16 -0.4360 -0.0000 0.0000
-4.33 -0.4360 -0.0000 0.0000
-4.51 -0.4360 -0.0000 0.0000
-4.70 -0.4360 -0.0000 0.0000
-4.89 -0.4360 -0.0000 0.0000
-5.12 -0.4360 -0.0000 0.0000
-5.35 -0.4360 -0.0000 0.0000
-5.58 -0.4360 -0.0000 0.0000
-5.83 -0.4360 -0.0000 0.0000
-6.06 -0.4360 -0.0000 0.0000
-6.27 -0.4360 -0.0000 0.0000
-6.49 -0.4360 -0.0000 0.0000
-6.67 -0.4360 -0.0000 0.0000
-6.87 -0.4360 -0.0000 0.0000
-7.04 -0.4360 -0.0000 0.0000
-7.21 -0.4360 -0.0000 0.0000
-7.38 -0.4360 -0.0000 0.0000
-7.53 -0.4360 -0.0000 0.0000
-7.69 -0.4360 -0.0000 0.0000
-7.82 -0.4360 -0.0000 0.0000
-7.82 -0.4360 -0.0000 0.0000
-7.95 -0.4360 -0.0000 0.0000
-8.08 -0.4360 -0.0000 0.0000
-8.21 -0.4360 -0.0000 0.0000
-8.34 -0.4360 -0.0000 0.0000
-8.48 -0.4360 -0.0000 0.0000
-8.64 -0.4360 -0.0000 0.0000
-8.80 -0.4360 -0.0000 0.0000
-8.99 -0.4360 -0.0000 0.0000
-9.17 -0.4360 -0.0000 0.0000
-9.34 -0.4360 -0.0000 0.0000
-9.53 -0.4360 -0.0000 0.0000
-9.69 -0.4360 -0.0000 0.0000
-9.85 -0.4360 -0.0000 0.0000
-10.00 -0.4360 -0.0000 0.0000
-10.14 -0.4360 -0.0000 0.0000
-10.25 -0.4360 -0.0000 0.0000
-10.34 -0.4360 -0.0000 0.0000
-10.41 -0.4360 -0.0000 0.0000
-10.46 -0.4360 -0.0000 0.0000
-10.51 -0.4360 -0.0000 0.0000
-10.51 -0.4360 -0.0000 0.0000
-10.52 -0.4360 -0.0000 0.0000
-10.51 -0.4360 -0.0000 0.0000
-10.51 -0.4360 -0.0000 0.0000
-10.51 -0.4360 -0.0000 0.0000
-10.51 -0.4360 -0.0000 0.0000
-10.51 -0.4360 -0.0000 0.0000
-10.51 -0.4360 -0.0000 0.0000
-10.51 -0.4360 -0.0000 0.0000
-10.52 -0.4360 -0.0000 0.0000
-10.52 -0.4360 -0.0000 0.0000
-10.52 -0.4360 -0.0000 0.0000
-10.52 -0.4360 -0.0000 0.0000
-10.54 -0.4360 -0.0000 0.0000
-10.54 -0.4360 -0.0000 0.0000
-10.54 -0.4360 -0.0000 0.0000
-10.55 -0.4360 -0.0000 0.0000
-10.57 -0.4360 -0.0000 0.0000
-10.60 -0.4360 -0.0000 0.0000
-10.61 -0.4360 -0.0000 0.0000
-10.64 -0.4360 -0.0000 0.0000
-10.69 -0.4360 -0.0000 0.0000
-10.72 -0.4360 -0.0000 0.0000
-10.77 -0.4360 -0.0000 0.0000
-10.83 -0.4360 -0.0000 0.0000
-10.91 -0.4360 -0.0000 0.0000
-10.98 -0.4360 -0.0000 0.0000
-11.06 -0.4360 -0.0000 0.0000
-11.18 -0.4360 -0.0000 0.0000
-11.29 -0.4360 -0.0000 0.0000
-11.43 -0.4360 -0.0000 0.0000
-11.56 -0.4360 -0.0000 0.0000
-11.69 -0.4360 -0.0000 0.0000
-11.83 -0.4360 -0.0000 0.0000
-11.93 -0.4360 -0.0000 0.0000
-12.02 -0.4360 -0.0000 0.0000
-12.09 -0.4360 -0.0000 0.0000
-12.13 -0.4360 -0.0000 0.0000
-12.15 -0.4360 -0.0000 0.0000
-12.15 -0.4360 -0.0000 0.0000
-12.15 -0.4360 -0.0000 0.0000
-12.15 -0.4360 -0.0000 0.0000
-12.15 -0.4360 -0.0000 0.0000
-12.15 -0.4360 -0.0000 0.0000
-12.15 -0.4360 -0.0000 0.0000
-12.15 -0.4360 -0.0000 0.0000
-12.15 -0.4360 -0.0000 0.0000
-12.15 -0.4360 -0.0000 0.0000
-12.13 -0.4360 -0.0000 0.0000
-12.15 -0.4360 -0.0000 0.0000
-12.15 -0.4360 -0.0000 0.0000
-12.15 -0.4360 -0.0000 0.0000
-12.15 -0.4360 -0.0000 0.0000
-12.13 -0.4360 -0.0000 0.0000
-12.13 -0.4360 -0.0000 0.0000
-12.13 -0.4360 -0.0000 0.0000
-12.13 -0.4360 -0.0000 0.0000
-12.13 -0.4360 -0.0000 0.0000
-12.13 -0.4360 -0.0000 0.0000
-12.13 -0.4360 -0.0000 0.0000
-12.13 -0.4360 -0.0000 0.0000
-12.13 -0.4360 -0.0000 0.0000
-12.13 -0.4360 -0.0000 0.0000
-12.13 -0.4360 -0.0000 0.0000
-12.13 -0.4360 -0.0000 0.0000
-12.13 -0.4360 -0.0000 0.0000
-12.13 -0.4360 -0.0000 0.0000
-12.13 -0.4360 -0.0000 0.0000
-12.13 -0.4360 -0.0000 0.0000
-12.13 -0.4360 -0.0000 0.0000
-12.13 -0.4360 -0.0000 0.0000
-12.13 -0.4360 -0.0000 0.0000
-12.13 -0.4360 -0.0000 0.0000
-12.13 -0.4360 -0.0000 0.0000
-12.13 -0.4360 -0.0000 0.0000
-12.13 -0.4360 -0.0000 0.0000
-12.13 -0.4360 -0.0000 0.0000
-12.13 -0.4360 -0.0000 0.0000
-12.13 -0.4360 -0.0000 0.0000
-12.13 -0.4360 -0.0000 0.0000
-12.13 -0.4360 -0.0000 0.0000
-12.13 -0.4360 -0.0000 0.0000
-12.15 -0.4360 -0.0000 0.0000
-12.15 -0.4360 -0.0000 0.0000
-12.15 -0.4360 -0.0000 0.0000
-12.15 -0.4360 -0.0000 0.0000
-12.15 -0.4360 -0.0000 0.0000
-12.15 -0.4360 -0.0000 0.0000
-12.15 -0.4360 -0.0000 0.0000
-12.15 -0.4360 -0.0000 0.0000
-12.16 -0.4360 -0.0000 0.0000
-12.16 -0.4360 -0.0000 0.0000
-12.16 -0.4360 -0.0000 0.0000
-12.16 -0.4360 -0.0000 0.0000
-12.16 -0.4360 -0.0000 0.0000
-12.16 -0.4360 -0.0000 0.0000
-12.16 -0.4360 -0.0000 0.0000
-12.16 -0.4360 -0.0000 0.0000
-12.16 -0.4360 -0.0000 0.0000
-12.18 -0.4360 -0.0000 0.0000
-12.18 -0.4360 -0.0000 0.0000
-12.18 -0.4360 -0.0000 0.0000
-12.19 -0.4360 -0.0000 0.0000
-12.19 -0.4360 -0.0000 0.0000
-12.19 -0.4360 -0.0000 0.0000
-12.21 -0.4360 -0.0000 0.0000
-12.21 -0.4360 -0.0000 0.0000
-12.21 -0.4360 -0.0000 0.0000
-12.21 -0.4360 -0.0000 0.0000
-12.21 -0.4360 -0.0000 0.0000
-12.22 -0.4360 -0.0000 0.0000
-12.22 -0.4360 -0.0000 0.0000
-12.22 -0.4360 -0.0000 0.0000
-12.22 -0.4360 -0.0000 0.0000
-12.22 -0.4360 -0.0000 0.0000
-12.22 -0.4360 -0.0000 0.0000
-12.22 -0.4360 -0.0000 0.0000
-12.22 -0.4360 -0.0000 0.0000
-12.22 -0.4360 -0.0000 0.0000
-12.22 -0.4360 -0.0000 0.0000
-12.24 -0.4360 -0.0000 0.0000
-12.24 -0.4360 -0.0000 0.0000
-12.24 -0.4360 -0.0000 0.0000
-12.24 -0.4360 -0.0000 0.0000
-12.25 -0.4360 -0.0000 0.0000
-12.25 -0.4360 -0.0000 0.0000
-12.27 -0.4360 -0.0000 0.0000
-12.27 -0.4360 -0.0000 0.0000
-12.27 -0.4360 -0.0000 0.0000
-12.29 -0.4360 -0.0000 0.0000
-12.29 -0.4360 -0.0000 0.0000
-12.29 -0.4360 -0.0000 0.0000
-12.29 -0.4360 -0.0000 0.0000
-12.29 -0.4360 -0.0000 0.0000
-12.29 -0.4360 -0.0000 0.0000
-12.29 -0.4360 -0.0000 0.0000
-12.29 -0.4360 -0.0000 0.0000
-12.29 -0.4360 -0.0000 0.0000
-12.29 -0.4360 -0.0000 0.0000
-12.29 -0.4360 -0.0000 0.0000
-12.29 -0.4360 -0.0000 0.0000
-12.29 -0.4360 -0.0000 0.0000
-12.29 -0.4360 -0.0000 0.0000
-12.29 -0.4360 -0.0000 0.0000
-12.29 -0.4360 -0.0000 0.0000
-12.29 -0.4360 -0.0000 0.0000
-12.29 -0.4360 -0.0000 0.0000
-12.29 -0.4360 -0.0000 0.0000
-12.29 -0.4360 -0.0000 0.0000
-12.29 -0.4360 -0.0000 0.0000
-12.29 -0.4360 -0.0000 0.0000
-12.29 -0.4360 -0.0000 0.0000
-12.29 -0.4360 -0.0000 0.0000
-12.29 -0.4360 -0.0000 0.0000
-12.29 -0.4360 -0.0000 0.0000
-12.29 -0.4360 -0.0000 0.0000
-12.29 -0.4360 -0.0000 0.0000
-12.29 -0.4360 -0.0000 0.0000
-12.30 -0.4360 -0.0000 0.0000
-12.30 -0.4360 -0.0000 0.0000
-12.30 -0.4360 -0.0000 0.0000
-12.30 -0.4360 -0.0000 0.0000
-12.30 -0.4360 -0.0000 0.0000
-12.30 -0.4360 -0.0000 0.0000
-12.30 -0.4360 -0.0000 0.0000
-12.30 -0.4360 -0.0000 0.0000
-12.30 -0.4360 -0.0000 0.0000
-12.32 -0.4360 -0.0000 0.0000
-12.32 -0.4360 -0.0000 0.0000
-12.32 -0.4360 -0.0000 0.0000
-12.32 -0.4360 -0.0000 0.0000
-12.32 -0.4360 -0.0000 0.0000
-12.32 -0.4360 -0.0000 0.0000
-12.32 -0.4360 -0.0000 0.0000
-12.32 -0.4360 -0.0000 0.0000
-12.32 -0.4360 -0.0000 0.0000
-12.32 -0.4360 -0.0000 0.0000
-12.32 -0.4360 -0.0000 0.0000
-12.32 -0.4360 -0.0000 0.0000
-12.32 -0.4360 -0.0000 0.0000
-12.33 -0.4360 -0.0000 0.0000
-12.32 -0.4360 -0.0000 0.0000
-12.33 -0.4360 -0.0000 0.0000
-12.33 -0.4360 -0.0000 0.0000
-12.33 -0.4360 -0.0000 0.0000
-12.35 -0.4360 -0.0000 0.0000
-12.35 -0.4360 -0.0000 0.0000
-12.35 -0.4360 -0.0000 0.0000
-12.36 -0.4360 -0.0000 0.0000
-12.36 -0.4360 -0.0000 0.0000
-12.36 -0.4360 -0.0000 0.0000
-12.36 -0.4360 -0.0000 0.0000
-12.36 -0.4360 -0.0000 0.0000
-12.36 -0.4360 -0.0000 0.0000
-12.38 -0.4360 -0.0000 0.0000
-12.38 -0.4360 -0.0000 0.0000
-12.38 -0.4360 -0.0000 0.0000
-12.38 -0.4360 -0.0000 0.0000
-12.38 -0.4360 -0.0000 0.0000
-12.38 -0.4360 -0.0000 0.0000
-12.38 -0.4360 -0.0000 0.0000
-12.38 -0.4360 -0.0000 0.0000
-12.38 -0.4360 -0.0000 0.0000
-12.38 -0.4360 -0.0000 0.0000
-12.38 -0.4360 -0.0000 0.0000
-12.39 -0.4360 -0.0000 0.0000
-12.39 -0.4360 -0.0000 0.0000
-12.39 -0.4360 -0.0000 0.0000
-12.41 -0.4360 -0.0000 0.0000
-12.41 -0.4360 -0.0000 0.0000
-12.42 -0.4360 -0.0000 0.0000
-12.42 -0.4360 -0.0000 0.0000
-12.44 -0.4360 -0.0000 0.0000
-12.44 -0.4360 -0.0000 0.0000
-12.45 -0.4360 -0.0000 0.0000
-12.45 -0.4360 -0.0000 0.0000
-12.45 -0.4360 -0.0000 0.0000
-12.45 -0.4360 -0.0000 0.0000
-12.45 -0.4360 -0.0000 0.0000
-12.45 -0.4360 -0.0000 0.0000
-12.45 -0.4360 -0.0000 0.0000
-12.47 -0.4360 -0.0000 0.0000
-12.47 -0.4360 -0.0000 0.0000
-12.47 -0.4360 -0.0000 0.0000
-12.47 -0.4360 -0.0000 0.0000
-12.47 -0.4360 -0.0000 0.0000
-12.48 -0.4360 -0.0000 0.0000
-12.48 -0.4360 -0.0000 0.0000
-12.50 -0.4360 -0.0000 0.0000
-12.52 -0.4360 -0.0000 0.0000
-12.53 -0.4360 -0.0000 0.0000
-12.55 -0.4360 -0.0000 0.0000
-12.56 -0.4360 -0.0000 0.0000
-12.58 -0.4360 -0.0000 0.0000
-12.59 -0.4360 -0.0000 0.0000
-12.61 -0.4360 -0.0000 0.0000
-12.62 -0.4360 -0.0000 0.0000
-12.62 -0.4360 -0.0000 0.0000
-12.64 -0.4360 -0.0000 0.0000
-12.64 -0.4360 -0.0000 0.0000
-12.65 -0.4360 -0.0000 0.0000
-12.65 -0.4360 -0.0000 0.0000
-12.65 -0.4360 -0.0000 0.0000
-12.65 -0.4360 -0.0000 0.0000
-12.67 -0.4360 -0.0000 0.0000
-12.65 -0.4360 -0.0000 0.0000
-12.67 -0.4360 -0.0000 0.0000
-12.67 -0.4360 -0.0000 0.0000
-12.65 -0.4360 -0.0000 0.0000
-12.67 -0.4360 -0.0000 0.0000
-12.67 -0.4360 -0.0000 0.0000
-12.67 -0.4360 -0.0000 0.0000
-12.67 -0.4360 -0.0000 0.0000
-12.67 -0.4360 -0.0000 0.0000
-12.67 -0.4360 -0.0000 0.0000
-12.67 -0.4360 -0.0000 0.0000
-12.68 -0.4360 -0.0000 0.0000
-12.68 -0.4360 -0.0000 0.0000
-12.70 -0.4360 -0.0000 0.0000
-12.70 -0.4360 -0.0000 0.0000
-12.70 -0.4360 -0.0000 0.0000
-12.70 -0.4360 -0.0000 0.0000
-12.70 -0.4360 -0.0000 0.0000
-12.71 -0.4360 -0.0000 0.0000
-12.71 -0.4360 -0.0000 0.0000
-12.71 -0.4360 -0.0000 0.0000
-12.71 -0.4360 -0.0000 0.0000
-12.71 -0.4360 -0.0000 0.0000
-12.71 -0.4360 -0.0000 0.0000
-12.71 -0.4360 -0.0000 0.0000
-12.71 -0.4360 -0.0000 0.0000
-12.71 -0.4360 -0.0000 0.0000
-12.71 -0.4360 -0.0000 0.0000
-12.71 -0.4360 -0.0000 0.0000
-12.71 -0.4360 -0.0000 0.0000
-12.71 -0.4360 -0.0000 0.0000
-12.73 -0.4360 -0.0000 0.0000
-12.71 -0.4360 -0.0000 0.0000
-12.71 -0.4360 -0.0000 0.0000
-12.71 -0.4360 -0.0000 0.0000
-12.73 -0.4360 -0.0000 0.0000
-12.73 -0.4360 -0.0000 0.0000
-12.73 -0.4360 -0.0000 0.0000
-12.73 -0.4360 -0.0000 0.0000
-12.73 -0.4360 -0.0000 0.0000
-12.73 -0.4360 -0.0000 0.0000
-12.75 -0.4360 -0.0000 0.0000
-12.75 -0.4360 -0.0000 0.0000
-12.75 -0.4360 -0.0000 0.0000
-12.76 -0.4360 -0.0000 0.0000
-12.76 -0.4360 -0.0000 0.0000
-12.76 -0.4360 -0.0000 0.0000
-12.78 -0.4360 -0.0000 0.0000
-12.79 -0.4360 -0.0000 0.0000
-12.79 -0.4360 -0.0000 0.0000
-12.79 -0.4360 -0.0000 0.0000
-12.79 -0.4360 -0.0000 0.0000
-12.79 -0.4360 -0.0000 0.0000
-12.81 -0.4360 -0.0000 0.0000
-12.81 -0.4360 -0.0000 0.0000
-12.81 -0.4360 -0.0000 0.0000
-12.81 -0.4360 -0.0000 0.0000
-12.81 -0.4360 -0.0000 0.0000
-12.81 -0.4360 -0.0000 0.0000
-12.81 -0.4360 -0.0000 0.0000
-12.81 -0.4360 -0.0000 0.0000
-12.81 -0.4360 -0.0000 0.0000
-12.81 -0.4360 -0.0000 0.0000
-12.81 -0.4360 -0.0000 0.0000
-12.81 -0.4360 -0.0000 0.0000
-12.81 -0.4360 -0.0000 0.0000
-12.82 -0.4360 -0.0000 0.0000
-12.82 -0.4360 -0.0000 0.0000
-12.82 -0.4360 -0.0000 0.0000
-12.82 -0.4360 -0.0000 0.0000
-12.82 -0.4360 -0.0000 0.0000
-12.82 -0.4360 -0.0000 0.0000
-12.82 -0.4360 -0.0000 0.0000
-12.81 -0.4360 -0.0000 0.0000
-12.81 -0.4360 -0.0000 0.0000
-12.81 -0.4360 -0.0000 0.0000
-12.82 -0.4360 -0.0000 0.0000
-12.82 -0.4360 -0.0000 0.0000
-12.82 -0.4360 -0.0000 0.0000
-12.82 -0.4360 -0.0000 0.0000
-12.82 -0.4360 -0.0000 0.0000
-12.82 -0.4360 -0.0000 0.0000
-12.82 -0.4360 -0.0000 0.0000
-12.82 -0.4360 -0.0000 0.0000
-12.81 -0.4360 -0.0000 0.0000
-12.81 -0.4360 -0.0000 0.0000
-12.81 -0.4360 -0.0000 0.0000
-12.81 -0.4360 -0.0000 0.0000
-12.81 -0.4360 -0.0000 0.0000
-12.81 -0.4360 -0.0000 0.0000
-12.81 -0.4360 -0.0000 0.0000
-12.82 -0.4360 -0.0000 0.0000
-12.81 -0.4360 -0.0000 0.0000
-12.82 -0.4360 -0.0000 0.0000
-12.81 -0.4360 -0.0000 0.0000
-12.81 -0.4360 -0.0000 0.0000
-12.82 -0.4360 -0.0000 0.0000
-12.82 -0.4360 -0.0000 0.0000
-12.82 -0.4360 -0.0000 0.0000
-12.82 -0.4360 -0.0000 0.0000
-12.82 -0.4360 -0.0000 0.0000
-12.82 -0.4360 -0.0000 0.0000
-12.82 -0.4360 -0.0000 0.0000
-12.82 -0.4360 -0.0000 0.0000
-12.82 -0.4360 -0.0000 0.0000
-12.84 -0.4360 -0.0000 0.0000
-12.84 -0.4360 -0.0000 0.0000
-12.84 -0.4360 -0.0000 0.0000
-12.84 -0.4360 -0.0000 0.0000
-12.84 -0.4360 -0.0000 0.0000
-12.84 -0.4360 -0.0000 0.0000
-12.84 -0.4360 -0.0000 0.0000
-12.84 -0.4360 -0.0000 0.0000
-12.84 -0.4360 -0.0000 0.0000
-12.84 -0.4360 -0.0000 0.0000
-12.84 -0.4360 -0.0000 0.0000
-12.84 -0.4360 -0.0000 0.0000
-12.84 -0.4360 -0.0000 0.0000
-12.84 -0.4360 -0.0000 0.0000
-12.84 -0.4360 -0.0000 0.0000
-12.85 -0.4360 -0.0000 0.0000
-12.85 -0.4360 -0.0000 0.0000
-12.85 -0.4360 -0.0000 0.0000
-12.85 -0.4360 -0.0000 0.0000
-12.85 -0.4360 -0.0000 0.0000
-12.85 -0.4360 -0.0000 0.0000
-12.85 -0.4360 -0.0000 0.0000
-12.85 -0.4360 -0.0000 0.0000
-12.85 -0.4360 -0.0000 0.0000
-12.87 -0.4360 -0.0000 0.0000
-12.87 -0.4360 -0.0000 0.0000
-12.87 -0.4360 -0.0000 0.0000
-12.85 -0.4360 -0.0000 0.0000
-12.85 -0.4360 -0.0000 0.0000
-12.85 -0.4360 -0.0000 0.0000
-12.82 -0.4360 -0.0000 0.0000
-12.79 -0.4360 -0.0000 0.0000
-12.75 -0.4360 -0.0000 0.0000
-12.70 -0.4360 -0.0000 0.0000
-12.64 -0.4360 -0.0000 0.0000
-12.55 -0.4360 -0.0000 0.0000
-12.45 -0.4360 -0.0000 0.0000
-12.36 -0.4360 -0.0000 0.0000
-12.25 -0.4360 -0.0000 0.0000
-12.16 -0.4360 -0.0000 0.0000
-12.06 -0.4360 -0.0000 0.0000
-11.95 -0.4360 -0.0000 0.0000
-11.83 -0.4360 -0.0000 0.0000
-11.72 -0.4360 -0.0000 0.0000
-11.60 -0.4360 -0.0000 0.0000
-11.47 -0.4360 -0.0000 0.0000
-11.35 -0.4360 -0.0000 0.0000
-11.23 -0.4360 -0.0000 0.0000
-11.09 -0.4360 -0.0000 0.0000
-10.97 -0.4360 -0.0000 0.0000
-10.83 -0.4360 -0.0000 0.0000
-10.68 -0.4360 -0.0000 0.0000
-10.51 -0.4360 -0.0000 0.0000
-10.31 -0.4360 -0.0000 0.0000
-10.03 -0.4360 -0.0000 0.0000
-9.76 -0.4360 -0.0000 0.0000
-9.40 -0.4360 -0.0000 0.0000
-8.99 -0.4360 -0.0000 0.0000
-8.47 -0.4360 -0.0000 0.0000
-9.79 -0.4360 -0.0000 0.0000
-6.86 -0.4360 -0.0000 0.0000
-4.08 -0.4360 -0.0000 0.0000
0.98 -0.4360 -0.0000 0.0000
3.28 -1.8221 2.3922 0.5700
4.70 -2.9629 -1.3341 -4.2970
5.81 -3.8461 -0.7053 -4.5514
5.81 -3.8461 0.2723 -3.5738
7.07 -4.8520 -0.1784 -5.0304
8.75 -6.2013 0.1019 -6.0994
10.36 -7.4893 -0.0709 -7.5603
11.45 -8.3603 -0.0355 -8.3958
11.56 -8.4461 0.0244 -8.4217
11.14 -8.1149 -0.0032 -8.1182
10.07 -7.2563 0.0085 -7.2477
8.74 -6.1891 0.0017 -6.1873
7.34 -5.0728 -0.0027 -5.0755
6.31 -4.2509 -0.0001 -4.2510
5.49 -3.5885 0.0009 -3.5876
6.04 -4.0301 -0.0005 -4.0306
5.50 -3.6008 -0.0001 -3.6010
5.18 -3.3432 0.0001 -3.3431
4.95 -3.1592 -0.0001 -3.1593
4.77 -3.0120 0.0000 -3.0120
4.67 -2.9384 -0.0000 -2.9384
4.69 -2.9507 -0.0000 -2.9507
4.73 -2.9875 0.0000 -2.9875
4.80 -3.0365 -0.0000 -3.0365
4.87 -3.0979 -0.0000 -3.0979
4.93 -3.1469 0.0000 -3.1469
4.98 -3.1837 0.0000 -3.1837
5.00 -3.1960 0.0000 -3.1960
4.96 -3.1715 0.0000 -3.1715
4.96 -3.1715 -0.0000 -3.1715
4.96 -3.1715 0.0000 -3.1715
4.96 -3.1715 -0.0000 -3.1715
4.96 -3.1715 -0.0000 -3.1715
4.95 -3.1592 0.0000 -3.1592
4.95 -3.1592 -0.0000 -3.1592
4.95 -3.1592 -0.0000 -3.1592
4.93 -3.1469 0.0000 -3.1469
4.92 -3.1347 -0.0000 -3.1347
4.90 -3.1224 0.0000 -3.1224
4.89 -3.1101 0.0000 -3.1101
4.87 -3.0979 0.0000 -3.0979
4.84 -3.0733 -0.0000 -3.0733
4.83 -3.0611 -0.0000 -3.0611
4.80 -3.0365 0.0000 -3.0365
4.78 -3.0243 0.0000 -3.0243
4.75 -2.9997 -0.0000 -2.9997
4.72 -2.9752 -0.0000 -2.9752
4.67 -2.9384 -0.0000 -2.9384
4.61 -2.8893 -0.0000 -2.8893
4.55 -2.8403 0.0000 -2.8403
4.49 -2.7912 0.0000 -2.7912
4.40 -2.7176 0.0000 -2.7176
4.29 -2.6317 -0.0000 -2.6317
4.18 -2.5459 -0.0000 -2.5459
4.06 -2.4477 0.0000 -2.4477
3.92 -2.3373 0.0000 -2.3373
3.78 -2.2269 -0.0000 -2.2269
3.63 -2.1043 0.0000 -2.1043
3.46 -1.9693 0.0000 -1.9693
3.31 -1.8467 -0.0000 -1.8467
3.17 -1.7363 0.0000 -1.7363
3.05 -1.6381 0.0000 -1.6381
2.94 -1.5523 -0.0000 -1.5523
2.86 -1.4909 0.0000 -1.4909
2.80 -1.4419 0.0000 -1.4419
2.76 -1.4051 0.0000 -1.4051
2.71 -1.3683 -0.0000 -1.3683
2.65 -1.3192 -0.0000 -1.3192
2.59 -1.2702 0.0000 -1.2702
2.51 -1.2088 -0.0000 -1.2088
2.40 -1.1230 -0.0000 -1.1230
2.24 -0.9880 0.0000 -0.9880
2.04 -0.8286 -0.0000 -0.8286
1.78 -0.6200 0.0000 -0.6200
1.39 -0.3134 0.0000 -0.3134
0.75 -0.3134 0.0000 0.0000
-0.02 -0.3134 0.0000 0.0000
-0.75 -0.3134 0.0000 0.0000
-1.28 -0.3134 0.0000 0.0000
-2.00 -0.3134 0.0000 0.0000
-2.89 -0.3134 0.0000 0.0000
-3.59 -0.3134 0.0000 0.0000
-4.01 -0.3134 0.0000 0.0000
-4.30 -0.3134 0.0000 0.0000
-4.53 -0.3134 0.0000 0.0000
-4.76 -0.3134 0.0000 0.0000
-4.96 -0.3134 0.0000 0.0000
-5.12 -0.3134 0.0000 0.0000
-5.29 -0.3134 0.0000 0.0000
-5.43 -0.3134 0.0000 0.0000
-5.57 -0.3134 0.0000 0.0000
-5.69 -0.3134 0.0000 0.0000
-5.80 -0.3134 0.0000 0.0000
-5.88 -0.3134 0.0000 0.0000
-5.95 -0.3134 0.0000 0.0000
-6.00 -0.3134 0.0000 0.0000
-6.04 -0.3134 0.0000 0.0000
-6.11 -0.3134 0.0000 0.0000
-6.15 -0.3134 0.0000 0.0000
-6.21 -0.3134 0.0000 0.0000
-6.27 -0.3134 0.0000 0.0000
-6.34 -0.3134 0.0000 0.0000
-6.43 -0.3134 0.0000 0.0000
-6.54 -0.3134 0.0000 0.0000
-6.64 -0.3134 0.0000 0.0000
-6.77 -0.3134 0.0000 0.0000
-6.89 -0.3134 0.0000 0.0000
-7.03 -0.3134 0.0000 0.0000
-7.16 -0.3134 0.0000 0.0000
-7.30 -0.3134 0.0000 0.0000
-7.46 -0.3134 0.0000 0.0000
-7.59 -0.3134 0.0000 0.0000
-7.73 -0.3134 0.0000 0.0000
-7.85 -0.3134 0.0000 0.0000
-7.85 -0.3134 0.0000 0.0000
-7.98 -0.3134 0.0000 0.0000
-8.10 -0.3134 0.0000 0.0000
-8.21 -0.3134 0.0000 0.0000
-8.33 -0.3134 0.0000 0.0000
-8.45 -0.3134 0.0000 0.0000
-8.57 -0.3134 0.0000 0.0000
-8.71 -0.3134 0.0000 0.0000
-8.87 -0.3134 0.0000 0.0000
-9.02 -0.3134 0.0000 0.0000
-9.19 -0.3134 0.0000 0.0000
-9.33 -0.3134 0.0000 0.0000
-9.48 -0.3134 0.0000 0.0000
-9.62 -0.3134 0.0000 0.0000
-9.74 -0.3134 0.0000 0.0000
-9.85 -0.3134 0.0000 0.0000
-9.94 -0.3134 0.0000 0.0000
-10.02 -0.3134 0.0000 0.0000
-10.08 -0.3134 0.0000 0.0000
-10.11 -0.3134 0.0000 0.0000
-10.12 -0.3134 0.0000 0.0000
-10.12 -0.3134 0.0000 0.0000
-10.11 -0.3134 0.0000 0.0000
-10.09 -0.3134 0.0000 0.0000
-10.08 -0.3134 0.0000 0.0000
-10.06 -0.3134 0.0000 0.0000
-10.05 -0.3134 0.0000 0.0000
-10.05 -0.3134 0.0000 0.0000
-10.05 -0.3134 0.0000 0.0000
-10.05 -0.3134 0.0000 0.0000
-10.05 -0.3134 0.0000 0.0000
-10.06 -0.3134 0.0000 0.0000
-10.06 -0.3134 0.0000 0.0000
-10.06 -0.3134 0.0000 0.0000
-10.08 -0.3134 0.0000 0.0000
-10.08 -0.3134 0.0000 0.0000
-10.09 -0.3134 0.0000 0.0000
-10.11 -0.3134 0.0000 0.0000
-10.12 -0.3134 0.0000 0.0000
-10.14 -0.3134 0.0000 0.0000
-10.14 -0.3134 0.0000 0.0000
-10.15 -0.3134 0.0000 0.0000
-10.17 -0.3134 0.0000 0.0000
-10.18 -0.3134 0.0000 0.0000
-10.20 -0.3134 0.0000 0.0000
-10.22 -0.3134 0.0000 0.0000
-10.23 -0.3134 0.0000 0.0000
-10.25 -0.3134 0.0000 0.0000
-10.25 -0.3134 0.0000 0.0000
-10.26 -0.3134 0.0000 0.0000
-10.28 -0.3134 0.0000 0.0000
-10.29 -0.3134 0.0000 0.0000
-10.31 -0.3134 0.0000 0.0000
-10.32 -0.3134 0.0000 0.0000
-10.34 -0.3134 0.0000 0.0000
-10.35 -0.3134 0.0000 0.0000
-10.35 -0.3134 0.0000 0.0000
-10.37 -0.3134 0.0000 0.0000
-10.38 -0.3134 0.0000 0.0000
-10.40 -0.3134 0.0000 0.0000
-10.41 -0.3134 0.0000 0.0000
-10.43 -0.3134 0.0000 0.0000
-10.45 -0.3134 0.0000 0.0000
-10.46 -0.3134 0.0000 0.0000
-10.49 -0.3134 0.0000 0.0000
-10.51 -0.3134 0.0000 0.0000
-10.54 -0.3134 0.0000 0.0000
-10.57 -0.3134 0.0000 0.0000
-10.61 -0.3134 0.0000 0.0000
-10.68 -0.3134 0.0000 0.0000
-10.72 -0.3134 0.0000 0.0000
-10.80 -0.3134 0.0000 0.0000
-10.87 -0.3134 0.0000 0.0000
-10.98 -0.3134 0.0000 0.0000
-11.10 -0.3134 0.0000 0.0000
-11.26 -0.3134 0.0000 0.0000
-11.43 -0.3134 0.0000 0.0000
-11.63 -0.3134 0.0000 0.0000
-11.84 -0.3134 0.0000 0.0000
-12.06 -0.3134 0.0000 0.0000
-12.27 -0.3134 0.0000 0.0000
-12.50 -0.3134 0.0000 0.0000
-12.68 -0.3134 0.0000 0.0000
-12.85 -0.3134 0.0000 0.0000
-12.98 -0.3134 0.0000 0.0000
-13.05 -0.3134 0.0000 0.0000
-13.10 -0.3134 0.0000 0.0000
-13.08 -0.3134 0.0000 0.0000
-13.08 -0.3134 0.0000 0.0000
-13.08 -0.3134 0.0000 0.0000
-13.08 -0.3134 0.0000 0.0000
-13.08 -0.3134 0.0000 0.0000
-13.08 -0.3134 0.0000 0.0000
-13.08 -0.3134 0.0000 0.0000
-13.08 -0.3134 0.0000 0.0000
-13.08 -0.3134 0.0000 0.0000
-13.08 -0.3134 0.0000 0.0000
-13.08 -0.3134 0.0000 0.0000
-13.08 -0.3134 0.0000 0.0000
-13.07 -0.3134 0.0000 0.0000
-13.07 -0.3134 0.0000 0.0000
-13.07 -0.3134 0.0000 0.0000
-13.07 -0.3134 0.0000 0.0000
-13.07 -0.3134 0.0000 0.0000
-13.07 -0.3134 0.0000 0.0000
-13.07 -0.3134 0.0000 0.0000
-13.07 -0.3134 0.0000 0.0000
-13.07 -0.3134 0.0000 0.0000
-13.07 -0.3134 0.0000 0.0000
-13.07 -0.3134 0.0000 0.0000
-13.07 -0.3134 0.0000 0.0000
-13.07 -0.3134 0.0000 0.0000
-13.07 -0.3134 0.0000 0.0000
-13.07 -0.3134 0.0000 0.0000
-13.07 -0.3134 0.0000 0.0000
-13.07 -0.3134 0.0000 0.0000
-13.08 -0.3134 0.0000 0.0000
-13.07 -0.3134 0.0000 0.0000
-13.07 -0.3134 0.0000 0.0000
-13.08 -0.3134 0.0000 0.0000
-13.08 -0.3134 0.0000 0.0000
-13.08 -0.3134 0.0000 0.0000
-13.08 -0.3134 0.0000 0.0000
-13.08 -0.3134 0.0000 0.0000
-13.08 -0.3134 0.0000 0.0000
-13.08 -0.3134 0.0000 0.0000
-13.10 -0.3134 0.0000 0.0000
-13.10 -0.3134 0.0000 0.0000
-13.10 -0.3134 0.0000 0.0000
-13.10 -0.3134 0.0000 0.0000
-13.10 -0.3134 0.0000 0.0000
-13.11 -0.3134 0.0000 0.0000
-13.11 -0.3134 0.0000 0.0000
-13.10 -0.3134 0.0000 0.0000
-13.10 -0.3134 0.0000 0.0000
-13.07 -0.3134 0.0000 0.0000
-13.04 -0.3134 0.0000 0.0000
-12.98 -0.3134 0.0000 0.0000
-12.88 -0.3134 0.0000 0.0000
-12.79 -0.3134 0.0000 0.0000
-12.67 -0.3134 0.0000 0.0000
-12.48 -0.3134 0.0000 0.0000
-12.30 -0.3134 0.0000 0.0000
-12.09 -0.3134 0.0000 0.0000
-11.86 -0.3134 0.0000 0.0000
-11.61 -0.3134 0.0000 0.0000
-11.38 -0.3134 0.0000 0.0000
-11.15 -0.3134 0.0000 0.0000
-10.94 -0.3134 0.0000 0.0000
-10.69 -0.3134 0.0000 0.0000
-10.43 -0.3134 0.0000 0.0000
-10.11 -0.3134 0.0000 0.0000
-9.71 -0.3134 0.0000 0.0000
-9.31 -0.3134 0.0000 0.0000
-8.80 -0.3134 0.0000 0.0000
-8.11 -0.3134 0.0000 0.0000
-7.21 -0.3134 0.0000 0.0000
-4.62 -0.3134 0.0000 0.0000
0.55 -0.3134 0.0000 0.0000
3.23 -1.7853 0.0000 -1.7853
4.63 -2.9016 1.2118 -1.6898
5.79 -3.8339 0.7716 -3.0622
5.79 -3.8339 -0.0355 -3.8693
7.16 -4.9256 -0.2691 -5.1947
9.18 -6.5448 -0.0077 -6.5525
11.25 -8.2008 -0.0055 -8.2063
12.86 -9.4888 -0.0487 -9.5375
13.55 -10.0408 -0.0112 -10.0520
13.67 -10.1389 0.0048 -10.1342
13.35 -9.8813 -0.0068 -9.8881
12.81 -9.4520 0.0029 -9.4491
12.17 -8.9368 -0.0023 -8.9391
11.53 -8.4216 0.0015 -8.4201
10.73 -7.7837 -0.0009 -7.7846
9.86 -7.0845 0.0001 -7.0844
9.07 -6.4589 -0.0000 -6.4589
8.35 -5.8824 -0.0000 -5.8824
7.71 -5.3672 -0.0001 -5.3673
7.10 -4.8765 0.0000 -4.8765
6.64 -4.5085 0.0000 -4.5085
6.27 -4.2141 -0.0000 -4.2141
5.88 -3.9075 -0.0000 -3.9075
5.56 -3.6499 -0.0000 -3.6499
5.32 -3.4536 -0.0000 -3.4536
6.08 -4.0669 -0.0000 -4.0669
5.93 -3.9443 -0.0000 -3.9443
5.82 -3.8584 0.0000 -3.8584
5.72 -3.7725 -0.0000 -3.7725
5.65 -3.7235 -0.0000 -3.7235
5.53 -3.6253 -0.0000 -3.6253
5.46 -3.5640 0.0000 -3.5640
5.36 -3.4904 -0.0000 -3.4904
5.26 -3.4045 0.0000 -3.4045
5.10 -3.2819 -0.0000 -3.2819
4.87 -3.0979 0.0000 -3.0979
4.61 -2.8893 0.0000 -2.8893
4.32 -2.6563 -0.0000 -2.6563
3.97 -2.3741 -0.0000 -2.3741
3.57 -2.0552 -0.0000 -2.0552
3.16 -1.7240 0.0000 -1.7240
2.79 -1.4296 -0.0000 -1.4296
2.50 -1.1966 0.0000 -1.1966
2.36 -1.0862 0.0000 -1.0862
2.39 -1.1107 -0.0000 -1.1107
2.51 -1.2088 -0.0000 -1.2088
2.68 -1.3437 -0.0000 -1.3437
2.88 -1.5032 -0.0000 -1.5032
3.05 -1.6381 -0.0000 -1.6381
3.16 -1.7240 -0.0000 -1.7240
3.20 -1.7608 -0.0000 -1.7608
3.17 -1.7363 -0.0000 -1.7363
3.08 -1.6627 -0.0000 -1.6627
2.94 -1.5523 -0.0000 -1.5523
2.74 -1.3928 -0.0000 -1.3928
2.51 -1.2088 -0.0000 -1.2088
2.24 -0.9880 0.0000 -0.9880
1.88 -0.7059 0.0000 -0.7059
1.42 -0.3379 -0.0000 -0.3379
0.76 -0.3379 -0.0000 0.0000
-0.03 -0.3379 -0.0000 0.0000
-0.74 -0.3379 -0.0000 0.0000
-1.17 -0.3379 -0.0000 0.0000
-1.69 -0.3379 -0.0000 0.0000
-2.33 -0.3379 -0.0000 0.0000
-2.82 -0.3379 -0.0000 0.0000
-3.25 -0.3379 -0.0000 0.0000
-3.53 -0.3379 -0.0000 0.0000
-3.67 -0.3379 -0.0000 0.0000
-3.82 -0.3379 -0.0000 0.0000
-3.90 -0.3379 -0.0000 0.0000
-3.94 -0.3379 -0.0000 0.0000
-3.96 -0.3379 -0.0000 0.0000
-3.97 -0.3379 -0.0000 0.0000
-3.97 -0.3379 -0.0000 0.0000
-3.96 -0.3379 -0.0000 0.0000
-3.96 -0.3379 -0.0000 0.0000
-3.96 -0.3379 -0.0000 0.0000
-3.96 -0.3379 -0.0000 0.0000
-3.97 -0.3379 -0.0000 0.0000
-3.96 -0.3379 -0.0000 0.0000
-3.96 -0.3379 -0.0000 0.0000
-3.96 -0.3379 -0.0000 0.0000
-3.96 -0.3379 -0.0000 0.0000
-3.96 -0.3379 -0.0000 0.0000
-3.96 -0.3379 -0.0000 0.0000
-3.96 -0.3379 -0.0000 0.0000
-3.96 -0.3379 -0.0000 0.0000
-3.96 -0.3379 -0.0000 0.0000
-3.97 -0.3379 -0.0000 0.0000
-4.01 -0.3379 -0.0000 0.0000
-4.05 -0.3379 -0.0000 0.0000
-4.13 -0.3379 -0.0000 0.0000
-4.24 -0.3379 -0.0000 0.0000
-4.37 -0.3379 -0.0000 0.0000
-4.56 -0.3379 -0.0000 0.0000
-4.80 -0.3379 -0.0000 0.0000
-5.11 -0.3379 -0.0000 0.0000
-5.46 -0.3379 -0.0000 0.0000
-5.83 -0.3379 -0.0000 0.0000
-6.18 -0.3379 -0.0000 0.0000
-6.52 -0.3379 -0.0000 0.0000
-6.80 -0.3379 -0.0000 0.0000
-7.06 -0.3379 -0.0000 0.0000
-7.27 -0.3379 -0.0000 0.0000
-7.50 -0.3379 -0.0000 0.0000
-7.72 -0.3379 -0.0000 0.0000
-7.90 -0.3379 -0.0000 0.0000
-7.90 -0.3379 -0.0000 0.0000
-8.07 -0.3379 -0.0000 0.0000
-8.24 -0.3379 -0.0000 0.0000
-8.41 -0.3379 -0.0000 0.0000
-8.57 -0.3379 -0.0000 0.0000
-8.77 -0.3379 -0.0000 0.0000
-8.96 -0.3379 -0.0000 0.0000
-9.16 -0.3379 -0.0000 0.0000
-9.34 -0.3379 -0.0000 0.0000
-9.53 -0.3379 -0.0000 0.0000
-9.69 -0.3379 -0.0000 0.0000
-9.85 -0.3379 -0.0000 0.0000
-9.99 -0.3379 -0.0000 0.0000
-10.11 -0.3379 -0.0000 0.0000
-10.23 -0.3379 -0.0000 0.0000
-10.31 -0.3379 -0.0000 0.0000
-10.35 -0.3379 -0.0000 0.0000
-10.40 -0.3379 -0.0000 0.0000
-10.40 -0.3379 -0.0000 0.0000
-10.38 -0.3379 -0.0000 0.0000
-10.37 -0.3379 -0.0000 0.0000
-10.34 -0.3379 -0.0000 0.0000
-10.32 -0.3379 -0.0000 0.0000
-10.28 -0.3379 -0.0000 0.0000
-10.25 -0.3379 -0.0000 0.0000
-10.22 -0.3379 -0.0000 0.0000
-10.18 -0.3379 -0.0000 0.0000
-10.17 -0.3379 -0.0000 0.0000
-10.14 -0.3379 -0.0000 0.0000
-10.14 -0.3379 -0.0000 0.0000
-10.12 -0.3379 -0.0000 0.0000
-10.14 -0.3379 -0.0000 0.0000
-10.14 -0.3379 -0.0000 0.0000
-10.14 -0.3379 -0.0000 0.0000
-10.14 -0.3379 -0.0000 0.0000
-10.14 -0.3379 -0.0000 0.0000
-10.14 -0.3379 -0.0000 0.0000
-10.14 -0.3379 -0.0000 0.0000
-10.14 -0.3379 -0.0000 0.0000
-10.14 -0.3379 -0.0000 0.0000
-10.14 -0.3379 -0.0000 0.0000
-10.14 -0.3379 -0.0000 0.0000
-10.14 -0.3379 -0.0000 0.0000
-10.15 -0.3379 -0.0000 0.0000
-10.15 -0.3379 -0.0000 0.0000
-10.15 -0.3379 -0.0000 0.0000
-10.17 -0.3379 -0.0000 0.0000
-10.17 -0.3379 -0.0000 0.0000
-10.17 -0.3379 -0.0000 0.0000
-10.18 -0.3379 -0.0000 0.0000
-10.18 -0.3379 -0.0000 0.0000
-10.18 -0.3379 -0.0000 0.0000
-10.18 -0.3379 -0.0000 0.0000
-10.18 -0.3379 -0.0000 0.0000
-10.18 -0.3379 -0.0000 0.0000
-10.18 -0.3379 -0.0000 0.0000
-10.18 -0.3379 -0.0000 0.0000
-10.18 -0.3379 -0.0000 0.0000
-10.18 -0.3379 -0.0000 0.0000
-10.18 -0.3379 -0.0000 0.0000
-10.18 -0.3379 -0.0000 0.0000
-10.18 -0.3379 -0.0000 0.0000
-10.18 -0.3379 -0.0000 0.0000
-10.18 -0.3379 -0.0000 0.0000
-10.20 -0.3379 -0.0000 0.0000
-10.20 -0.3379 -0.0000 0.0000
-10.20 -0.3379 -0.0000 0.0000
-10.22 -0.3379 -0.0000 0.0000
-10.23 -0.3379 -0.0000 0.0000
-10.23 -0.3379 -0.0000 0.0000
-10.25 -0.3379 -0.0000 0.0000
-10.25 -0.3379 -0.0000 0.0000
-10.26 -0.3379 -0.0000 0.0000
-10.28 -0.3379 -0.0000 0.0000
-10.28 -0.3379 -0.0000 0.0000
-10.29 -0.3379 -0.0000 0.0000
-10.31 -0.3379 -0.0000 0.0000
-10.31 -0.3379 -0.0000 0.0000
-10.31 -0.3379 -0.0000 0.0000
-10.32 -0.3379 -0.0000 0.0000
-10.32 -0.3379 -0.0000 0.0000
-10.32 -0.3379 -0.0000 0.0000
-10.32 -0.3379 -0.0000 0.0000
-10.32 -0.3379 -0.0000 0.0000
-10.32 -0.3379 -0.0000 0.0000
-10.32 -0.3379 -0.0000 0.0000
-10.32 -0.3379 -0.0000 0.0000
-10.31 -0.3379 -0.0000 0.0000
-10.32 -0.3379 -0.0000 0.0000
-10.32 -0.3379 -0.0000 0.0000
-10.32 -0.3379 -0.0000 0.0000
-10.32 -0.3379 -0.0000 0.0000
-10.32 -0.3379 -0.0000 0.0000
-10.31 -0.3379 -0.0000 0.0000
-10.31 -0.3379 -0.0000 0.0000
-10.32 -0.3379 -0.0000 0.0000
-10.31 -0.3379 -0.0000 0.0000
-10.31 -0.3379 -0.0000 0.0000
-10.31 -0.3379 -0.0000 0.0000
-10.31 -0.3379 -0.0000 0.0000
-10.31 -0.3379 -0.0000 0.0000
-10.31 -0.3379 -0.0000 0.0000
-10.31 -0.3379 -0.0000 0.0000
-10.31 -0.3379 -0.0000 0.0000
-10.29 -0.3379 -0.0000 0.0000
-10.28 -0.3379 -0.0000 0.0000
-10.26 -0.3379 -0.0000 0.0000
-10.23 -0.3379 -0.0000 0.0000
-10.20 -0.3379 -0.0000 0.0000
-10.15 -0.3379 -0.0000 0.0000
-10.09 -0.3379 -0.0000 0.0000
-10.03 -0.3379 -0.0000 0.0000
-9.94 -0.3379 -0.0000 0.0000
-9.83 -0.3379 -0.0000 0.0000
-9.69 -0.3379 -0.0000 0.0000
-9.56 -0.3379 -0.0000 0.0000
-9.42 -0.3379 -0.0000 0.0000
-9.25 -0.3379 -0.0000 0.0000
-9.07 -0.3379 -0.0000 0.0000
-8.82 -0.3379 -0.0000 0.0000
-8.50 -0.3379 -0.0000 0.0000
-8.05 -0.3379 -0.0000 0.0000
-7.58 -0.3379 -0.0000 0.0000
-6.26 -0.3379 -0.0000 0.0000
-2.72 -0.3379 -0.0000 0.0000
1.97 -0.7795 2.3922 1.6127
4.15 -2.5213 0.2924 -2.2289
5.49 -3.5885 -0.7053 -4.2938
5.49 -3.5885 -0.2333 -3.8219
7.39 -5.1096 0.2134 -4.8962
10.41 -7.5261 0.0915 -7.4347
13.49 -9.9917 -0.0788 -10.0705
15.22 -11.3778 -0.0447 -11.4225
15.99 -11.9912 0.0237 -11.9674
16.26 -12.2120 -0.0076 -12.2196
16.19 -12.1506 -0.0076 -12.1583
15.99 -11.9912 -0.0036 -11.9948
15.64 -11.7090 0.0009 -11.7081
15.11 -11.2920 -0.0004 -11.2924
14.47 -10.7768 -0.0004 -10.7772
13.63 -10.1021 0.0004 -10.1017
12.57 -9.2557 -0.0001 -9.2559
11.57 -8.4584 -0.0001 -8.4585
10.42 -7.5384 0.0000 -7.5384
9.26 -6.6061 0.0000 -6.6061
8.14 -5.7107 -0.0000 -5.7107
7.14 -4.9133 0.0000 -4.9133
6.30 -4.2387 0.0000 -4.2387
5.61 -3.6867 0.0000 -3.6867
5.06 -3.2451 -0.0000 -3.2451
6.07 -4.0547 0.0000 -4.0547
5.67 -3.7357 -0.0000 -3.7357
5.38 -3.5027 -0.0000 -3.5027
5.09 -3.2696 0.0000 -3.2696
4.73 -2.9875 -0.0000 -2.9875
4.40 -2.7176 -0.0000 -2.7176
4.04 -2.4355 0.0000 -2.4355
3.68 -2.1411 0.0000 -2.1411
3.32 -1.8589 -0.0000 -1.8589
3.25 -1.7976 -0.0000 -1.7976
2.85 -1.4787 -0.0000 -1.4787
2.70 -1.3560 -0.0000 -1.3560
2.54 -1.2334 0.0000 -1.2334
2.39 -1.1107 0.0000 -1.1107
2.30 -1.0371 0.0000 -1.0371
2.36 -1.0862 0.0000 -1.0862
2.28 -1.0248 0.0000 -1.0248
2.16 -0.9267 0.0000 -0.9267
1.97 -0.7795 0.0000 -0.7795
1.76 -0.6078 0.0000 -0.6078
1.35 -0.2766 0.0000 -0.2766
0.76 -0.2766 0.0000 0.0000
-0.02 -0.2766 0.0000 0.0000
-0.69 -0.2766 0.0000 0.0000
-1.25 -0.2766 0.0000 0.0000
-2.10 -0.2766 0.0000 0.0000
-3.30 -0.2766 0.0000 0.0000
-4.01 -0.2766 0.0000 0.0000
-4.53 -0.2766 0.0000 0.0000
-5.05 -0.2766 0.0000 0.0000
-5.54 -0.2766 0.0000 0.0000
-5.95 -0.2766 0.0000 0.0000
-6.27 -0.2766 0.0000 0.0000
-6.52 -0.2766 0.0000 0.0000
-6.72 -0.2766 0.0000 0.0000
-6.86 -0.2766 0.0000 0.0000
-6.96 -0.2766 0.0000 0.0000
-7.06 -0.2766 0.0000 0.0000
-7.12 -0.2766 0.0000 0.0000
-7.18 -0.2766 0.0000 0.0000
-7.21 -0.2766 0.0000 0.0000
-7.27 -0.2766 0.0000 0.0000
-7.32 -0.2766 0.0000 0.0000
-7.35 -0.2766 0.0000 0.0000
-7.39 -0.2766 0.0000 0.0000
-7.44 -0.2766 0.0000 0.0000
-7.49 -0.2766 0.0000 0.0000
-7.53 -0.2766 0.0000 0.0000
-7.58 -0.2766 0.0000 0.0000
-7.62 -0.2766 0.0000 0.0000
-7.67 -0.2766 0.0000 0.0000
-7.72 -0.2766 0.0000 0.0000
-7.76 -0.2766 0.0000 0.0000
-7.81 -0.2766 0.0000 0.0000
-7.85 -0.2766 0.0000 0.0000
-7.88 -0.2766 0.0000 0.0000
-7.93 -0.2766 0.0000 0.0000
-7.93 -0.2766 0.0000 0.0000
-7.96 -0.2766 0.0000 0.0000
-7.99 -0.2766 0.0000 0.0000
-8.02 -0.2766 0.0000 0.0000
-8.05 -0.2766 0.0000 0.0000
-8.08 -0.2766 0.0000 0.0000
-8.11 -0.2766 0.0000 0.0000
-8.15 -0.2766 0.0000 0.0000
-8.16 -0.2766 0.0000 0.0000
-8.21 -0.2766 0.0000 0.0000
-8.22 -0.2766 0.0000 0.0000
-8.25 -0.2766 0.0000 0.0000
-8.28 -0.2766 0.0000 0.0000
-8.31 -0.2766 0.0000 0.0000
-8.33 -0.2766 0.0000 0.0000
-8.36 -0.2766 0.0000 0.0000
-8.39 -0.2766 0.0000 0.0000
-8.41 -0.2766 0.0000 0.0000
-8.44 -0.2766 0.0000 0.0000
-8.47 -0.2766 0.0000 0.0000
-8.50 -0.2766 0.0000 0.0000
-8.54 -0.2766 0.0000 0.0000
-8.57 -0.2766 0.0000 0.0000
-8.62 -0.2766 0.0000 0.0000
-8.68 -0.2766 0.0000 0.0000
-8.74 -0.2766 0.0000 0.0000
-8.82 -0.2766 0.0000 0.0000
-8.90 -0.2766 0.0000 0.0000
-8.97 -0.2766 0.0000 0.0000
-9.07 -0.2766 0.0000 0.0000
-9.14 -0.2766 0.0000 0.0000
-9.23 -0.2766 0.0000 0.0000
-9.33 -0.2766 0.0000 0.0000
-9.40 -0.2766 0.0000 0.0000
-9.48 -0.2766 0.0000 0.0000
-9.56 -0.2766 0.0000 0.0000
-9.63 -0.2766 0.0000 0.0000
-9.69 -0.2766 0.0000 0.0000
-9.74 -0.2766 0.0000 0.0000
-9.79 -0.2766 0.0000 0.0000
-9.82 -0.2766 0.0000 0.0000
-9.85 -0.2766 0.0000 0.0000
-9.86 -0.2766 0.0000 0.0000
-9.86 -0.2766 0.0000 0.0000
-9.85 -0.2766 0.0000 0.0000
-9.86 -0.2766 0.0000 0.0000
-9.85 -0.2766 0.0000 0.0000
-9.86 -0.2766 0.0000 0.0000
-9.85 -0.2766 0.0000 0.0000
-9.85 -0.2766 0.0000 0.0000
-9.86 -0.2766 0.0000 0.0000
-9.86 -0.2766 0.0000 0.0000
-9.86 -0.2766 0.0000 0.0000
-9.86 -0.2766 0.0000 0.0000
-9.86 -0.2766 0.0000 0.0000
-9.86 -0.2766 0.0000 0.0000
-9.86 -0.2766 0.0000 0.0000
-9.86 -0.2766 0.0000 0.0000
-9.86 -0.2766 0.0000 0.0000
-9.86 -0.2766 0.0000 0.0000
-9.86 -0.2766 0.0000 0.0000
-9.86 -0.2766 0.0000 0.0000
-9.86 -0.2766 0.0000 0.0000
-9.86 -0.2766 0.0000 0.0000
-9.86 -0.2766 0.0000 0.0000
-9.86 -0.2766 0.0000 0.0000
-9.86 -0.2766 0.0000 0.0000
-9.86 -0.2766 0.0000 0.0000
-9.86 -0.2766 0.0000 0.0000
-9.86 -0.2766 0.0000 0.0000
-9.86 -0.2766 0.0000 0.0000
-9.86 -0.2766 0.0000 0.0000
-9.85 -0.2766 0.0000 0.0000
-9.85 -0.2766 0.0000 0.0000
-9.85 -0.2766 0.0000 0.0000
-9.85 -0.2766 0.0000 0.0000
-9.86 -0.2766 0.0000 0.0000
-9.85 -0.2766 0.0000 0.0000
-9.85 -0.2766 0.0000 0.0000
-9.86 -0.2766 0.0000 0.0000
-9.86 -0.2766 0.0000 0.0000
-9.86 -0.2766 0.0000 0.0000
-9.86 -0.2766 0.0000 0.0000
-9.86 -0.2766 0.0000 0.0000
-9.86 -0.2766 0.0000 0.0000
-9.86 -0.2766 0.0000 0.0000
-9.86 -0.2766 0.0000 0.0000
-9.86 -0.2766 0.0000 0.0000
-9.86 -0.2766 0.0000 0.0000
-9.86 -0.2766 0.0000 0.0000
-9.86 -0.2766 0.0000 0.0000
-9.86 -0.2766 0.0000 0.0000
-9.86 -0.2766 0.0000 0.0000
-9.86 -0.2766 0.0000 0.0000
-9.86 -0.2766 0.0000 0.0000
-9.86 -0.2766 0.0000 0.0000
-9.86 -0.2766 0.0000 0.0000
-9.86 -0.2766 0.0000 0.0000
-9.86 -0.2766 0.0000 0.0000
-9.86 -0.2766 0.0000 0.0000
-9.86 -0.2766 0.0000 0.0000
-9.86 -0.2766 0.0000 0.0000
-9.86 -0.2766 0.0000 0.0000
-9.86 -0.2766 0.0000 0.0000
-9.86 -0.2766 0.0000 0.0000
-9.86 -0.2766 0.0000 0.0000
-9.86 -0.2766 0.0000 0.0000
-9.86 -0.2766 0.0000 0.0000
-9.86 -0.2766 0.0000 0.0000
-9.86 -0.2766 0.0000 0.0000
-9.86 -0.2766 0.0000 0.0000
-9.86 -0.2766 0.0000 0.0000
-9.86 -0.2766 0.0000 0.0000
-9.86 -0.2766 0.0000 0.0000
-9.88 -0.2766 0.0000 0.0000
-9.88 -0.2766 0.0000 0.0000
-9.88 -0.2766 0.0000 0.0000
-9.88 -0.2766 0.0000 0.0000
-9.89 -0.2766 0.0000 0.0000
-9.89 -0.2766 0.0000 0.0000
-9.89 -0.2766 0.0000 0.0000
-9.89 -0.2766 0.0000 0.0000
-9.89 -0.2766 0.0000 0.0000
-9.91 -0.2766 0.0000 0.0000
-9.91 -0.2766 0.0000 0.0000
-9.91 -0.2766 0.0000 0.0000
-9.91 -0.2766 0.0000 0.0000
-9.91 -0.2766 0.0000 0.0000
-9.92 -0.2766 0.0000 0.0000
-9.92 -0.2766 0.0000 0.0000
-9.92 -0.2766 0.0000 0.0000
-9.92 -0.2766 0.0000 0.0000
-9.94 -0.2766 0.0000 0.0000
-9.94 -0.2766 0.0000 0.0000
-9.94 -0.2766 0.0000 0.0000
-9.94 -0.2766 0.0000 0.0000
-9.94 -0.2766 0.0000 0.0000
-9.94 -0.2766 0.0000 0.0000
-9.94 -0.2766 0.0000 0.0000
-9.94 -0.2766 0.0000 0.0000
-9.94 -0.2766 0.0000 0.0000
-9.94 -0.2766 0.0000 0.0000
-9.94 -0.2766 0.0000 0.0000
-9.94 -0.2766 0.0000 0.0000
-9.94 -0.2766 0.0000 0.0000
-9.94 -0.2766 0.0000 0.0000
-9.92 -0.2766 0.0000 0.0000
-9.92 -0.2766 0.0000 0.0000
-9.92 -0.2766 0.0000 0.0000
-9.89 -0.2766 0.0000 0.0000
-9.88 -0.2766 0.0000 0.0000
-9.83 -0.2766 0.0000 0.0000
-9.80 -0.2766 0.0000 0.0000
-9.74 -0.2766 0.0000 0.0000
-9.69 -0.2766 0.0000 0.0000
-9.62 -0.2766 0.0000 0.0000
-9.51 -0.2766 0.0000 0.0000
-9.36 -0.2766 0.0000 0.0000
-9.13 -0.2766 0.0000 0.0000
-8.79 -0.2766 0.0000 0.0000
-8.33 -0.2766 0.0000 0.0000
-7.65 -0.2766 0.0000 0.0000
-6.24 -0.2766 0.0000 0.0000
-2.13 -0.2766 0.0000 0.0000
2.19 -0.9512 2.3922 1.4410
4.34 -2.6685 0.2924 -2.3761
5.67 -3.7357 -0.7053 -4.4410
5.67 -3.7357 0.2723 -3.4634
7.95 -5.5635 -0.1784 -5.7419
11.27 -8.2131 -0.1031 -8.3161
14.23 -10.5805 -0.0307 -10.6112
15.61 -11.6845 -0.0226 -11.7071
16.14 -12.1138 -0.0028 -12.1167
16.30 -12.2365 0.0093 -12.2272
16.19 -12.1506 0.0011 -12.1495
16.03 -12.0280 0.0019 -12.0261
15.76 -11.8072 0.0009 -11.8062
15.33 -11.4637 -0.0004 -11.4641
14.78 -11.0221 -0.0004 -11.0225
14.12 -10.4946 0.0001 -10.4946
13.34 -9.8690 0.0001 -9.8689
12.51 -9.2066 0.0001 -9.2066
11.76 -8.6056 0.0000 -8.6056
11.14 -8.1149 0.0000 -8.1149
10.41 -7.5261 0.0000 -7.5261
9.61 -6.8883 -0.0000 -6.8883
8.81 -6.2504 -0.0000 -6.2504
8.03 -5.6248 -0.0000 -5.6248
7.23 -4.9869 0.0000 -4.9869
6.57 -4.4595 0.0000 -4.4595
6.05 -4.0424 0.0000 -4.0424
5.64 -3.7112 0.0000 -3.7112
5.27 -3.4168 -0.0000 -3.4168
5.03 -3.2205 -0.0000 -3.2205
4.83 -3.0611 -0.0000 -3.0611
4.67 -2.9384 -0.0000 -2.9384
6.13 -4.1037 0.0000 -4.1037
6.05 -4.0424 -0.0000 -4.0424
5.99 -3.9933 0.0000 -3.9933
5.90 -3.9197 -0.0000 -3.9197
5.73 -3.7848 0.0000 -3.7848
5.50 -3.6008 -0.0000 -3.6008
5.24 -3.3923 0.0000 -3.3923
4.90 -3.1224 -0.0000 -3.1224
4.44 -2.7544 0.0000 -2.7544
3.86 -2.2883 -0.0000 -2.2883
3.11 -1.6872 0.0000 -1.6872
2.17 -0.9390 -0.0000 -0.9390
0.86 -0.9390 -0.0000 0.0000
-0.71 -0.9390 -0.0000 0.0000
-1.61 -0.9390 -0.0000 0.0000
-2.27 -0.9390 -0.0000 0.0000
-2.79 -0.9390 -0.0000 0.0000
-2.81 -0.9390 -0.0000 0.0000
-2.29 -0.9390 -0.0000 0.0000
-1.61 -0.9390 -0.0000 0.0000
-0.98 -0.9390 -0.0000 0.0000
-0.22 -0.9390 -0.0000 0.0000
0.63 -0.9390 -0.0000 0.0000
1.45 -0.3624 2.3922 2.0298
2.08 -0.8654 -1.3341 -2.1994
2.66 -1.3315 0.3284 -1.0030
3.14 -1.7117 0.3775 -1.3342
3.26 -1.8099 0.2134 -1.5965
3.43 -1.9448 -0.1119 -2.0567
3.43 -1.9448 0.0655 -1.8793
3.22 -1.7731 0.0246 -1.7485
2.86 -1.4909 0.0249 -1.4660
2.28 -1.0248 0.0047 -1.0201
1.28 -0.2275 -0.0091 -0.2366
-0.91 -0.2275 -0.0091 0.0000
-3.27 -0.2275 -0.0091 0.0000
-4.96 -0.2275 -0.0091 0.0000
-6.31 -0.2275 -0.0091 0.0000
-7.06 -0.2275 -0.0091 0.0000
-7.56 -0.2275 -0.0091 0.0000
-7.56 -0.2275 -0.0091 0.0000
-7.85 -0.2275 -0.0091 0.0000
-8.10 -0.2275 -0.0091 0.0000
-8.31 -0.2275 -0.0091 0.0000
-8.50 -0.2275 -0.0091 0.0000
-8.67 -0.2275 -0.0091 0.0000
-8.82 -0.2275 -0.0091 0.0000
-8.96 -0.2275 -0.0091 0.0000
-9.07 -0.2275 -0.0091 0.0000
-9.17 -0.2275 -0.0091 0.0000
-9.23 -0.2275 -0.0091 0.0000
-9.31 -0.2275 -0.0091 0.0000
-9.36 -0.2275 -0.0091 0.0000
-9.39 -0.2275 -0.0091 0.0000
-9.39 -0.2275 -0.0091 0.0000
-9.40 -0.2275 -0.0091 0.0000
-9.39 -0.2275 -0.0091 0.0000
-9.37 -0.2275 -0.0091 0.0000
-9.34 -0.2275 -0.0091 0.0000
-9.31 -0.2275 -0.0091 0.0000
-9.28 -0.2275 -0.0091 0.0000
-9.25 -0.2275 -0.0091 0.0000
-9.20 -0.2275 -0.0091 0.0000
-9.17 -0.2275 -0.0091 0.0000
-9.13 -0.2275 -0.0091 0.0000
-9.10 -0.2275 -0.0091 0.0000
-9.07 -0.2275 -0.0091 0.0000
-9.03 -0.2275 -0.0091 0.0000
-9.02 -0.2275 -0.0091 0.0000
-9.00 -0.2275 -0.0091 0.0000
-8.99 -0.2275 -0.0091 0.0000
-8.97 -0.2275 -0.0091 0.0000
-8.99 -0.2275 -0.0091 0.0000
-8.99 -0.2275 -0.0091 0.0000
-8.99 -0.2275 -0.0091 0.0000
-8.99 -0.2275 -0.0091 0.0000
-8.99 -0.2275 -0.0091 0.0000
-9.00 -0.2275 -0.0091 0.0000
-9.00 -0.2275 -0.0091 0.0000
-9.00 -0.2275 -0.0091 0.0000
-9.00 -0.2275 -0.0091 0.0000
-9.00 -0.2275 -0.0091 0.0000
-9.00 -0.2275 -0.0091 0.0000
-9.00 -0.2275 -0.0091 0.0000
-9.00 -0.2275 -0.0091 0.0000
-9.00 -0.2275 -0.0091 0.0000
-9.00 -0.2275 -0.0091 0.0000
-9.00 -0.2275 -0.0091 0.0000
-9.00 -0.2275 -0.0091 0.0000
-8.99 -0.2275 -0.0091 0.0000
-8.99 -0.2275 -0.0091 0.0000
-9.00 -0.2275 -0.0091 0.0000
-8.99 -0.2275 -0.0091 0.0000
-9.00 -0.2275 -0.0091 0.0000
-8.99 -0.2275 -0.0091 0.0000
-9.00 -0.2275 -0.0091 0.0000
-8.99 -0.2275 -0.0091 0.0000
-9.00 -0.2275 -0.0091 0.0000
-8.99 -0.2275 -0.0091 0.0000
-8.99 -0.2275 -0.0091 0.0000
-9.00 -0.2275 -0.0091 0.0000
-8.99 -0.2275 -0.0091 0.0000
-8.99 -0.2275 -0.0091 0.0000
-9.00 -0.2275 -0.0091 0.0000
-9.00 -0.2275 -0.0091 0.0000
-9.00 -0.2275 -0.0091 0.0000
-9.00 -0.2275 -0.0091 0.0000
-8.99 -0.2275 -0.0091 0.0000
-8.99 -0.2275 -0.0091 0.0000
-8.99 -0.2275 -0.0091 0.0000
-8.99 -0.2275 -0.0091 0.0000
-9.00 -0.2275 -0.0091 0.0000
-8.99 -0.2275 -0.0091 0.0000
-8.99 -0.2275 -0.0091 0.0000
-8.99 -0.2275 -0.0091 0.0000
-8.99 -0.2275 -0.0091 0.0000
-9.00 -0.2275 -0.0091 0.0000
-8.99 -0.2275 -0.0091 0.0000
-9.00 -0.2275 -0.0091 0.0000
-8.99 -0.2275 -0.0091 0.0000
-9.00 -0.2275 -0.0091 0.0000
-8.99 -0.2275 -0.0091 0.0000
-9.00 -0.2275 -0.0091 0.0000
-8.99 -0.2275 -0.0091 0.0000
-9.00 -0.2275 -0.0091 0.0000
-9.00 -0.2275 -0.0091 0.0000
-9.00 -0.2275 -0.0091 0.0000
-8.99 -0.2275 -0.0091 0.0000
-8.99 -0.2275 -0.0091 0.0000
-9.00 -0.2275 -0.0091 0.0000
-8.99 -0.2275 -0.0091 0.0000
-8.99 -0.2275 -0.0091 0.0000
-8.99 -0.2275 -0.0091 0.0000
-8.99 -0.2275 -0.0091 0.0000
-9.00 -0.2275 -0.0091 0.0000
-9.00 -0.2275 -0.0091 0.0000
-9.00 -0.2275 -0.0091 0.0000
-8.99 -0.2275 -0.0091 0.0000
-8.99 -0.2275 -0.0091 0.0000
-9.00 -0.2275 -0.0091 0.0000
-8.99 -0.2275 -0.0091 0.0000
-9.00 -0.2275 -0.0091 0.0000
-8.99 -0.2275 -0.0091 0.0000
-8.99 -0.2275 -0.0091 0.0000
-8.99 -0.2275 -0.0091 0.0000
-9.00 -0.2275 -0.0091 0.0000
-9.00 -0.2275 -0.0091 0.0000
-8.99 -0.2275 -0.0091 0.0000
-9.00 -0.2275 -0.0091 0.0000
-8.99 -0.2275 -0.0091 0.0000
-8.99 -0.2275 -0.0091 0.0000
-9.00 -0.2275 -0.0091 0.0000
-8.99 -0.2275 -0.0091 0.0000
-8.99 -0.2275 -0.0091 0.0000
-9.00 -0.2275 -0.0091 0.0000
-8.99 -0.2275 -0.0091 0.0000
-8.99 -0.2275 -0.0091 0.0000
-8.99 -0.2275 -0.0091 0.0000
-8.99 -0.2275 -0.0091 0.0000
-8.99 -0.2275 -0.0091 0.0000
-8.99 -0.2275 -0.0091 0.0000
-9.00 -0.2275 -0.0091 0.0000
-8.99 -0.2275 -0.0091 0.0000
-9.00 -0.2275 -0.0091 0.0000
-9.00 -0.2275 -0.0091 0.0000
-9.00 -0.2275 -0.0091 0.0000
-9.00 -0.2275 -0.0091 0.0000
-9.00 -0.2275 -0.0091 0.0000
-9.00 -0.2275 -0.0091 0.0000
-9.00 -0.2275 -0.0091 0.0000
-8.99 -0.2275 -0.0091 0.0000
-8.99 -0.2275 -0.0091 0.0000
-8.99 -0.2275 -0.0091 0.0000
-9.00 -0.2275 -0.0091 0.0000
-8.99 -0.2275 -0.0091 0.0000
-9.00 -0.2275 -0.0091 0.0000
-8.99 -0.2275 -0.0091 0.0000
-9.00 -0.2275 -0.0091 0.0000
-8.99 -0.2275 -0.0091 0.0000
-9.00 -0.2275 -0.0091 0.0000
-9.00 -0.2275 -0.0091 0.0000
-9.00 -0.2275 -0.0091 0.0000
-8.99 -0.2275 -0.0091 0.0000
-9.00 -0.2275 -0.0091 0.0000
-9.00 -0.2275 -0.0091 0.0000
-8.99 -0.2275 -0.0091 0.0000
-9.00 -0.2275 -0.0091 0.0000
-9.00 -0.2275 -0.0091 0.0000
-8.99 -0.2275 -0.0091 0.0000
-8.99 -0.2275 -0.0091 0.0000
-9.00 -0.2275 -0.0091 0.0000
-8.99 -0.2275 -0.0091 0.0000
-8.99 -0.2275 -0.0091 0.0000
-9.00 -0.2275 -0.0091 0.0000
-8.99 -0.2275 -0.0091 0.0000
-8.99 -0.2275 -0.0091 0.0000
-9.00 -0.2275 -0.0091 0.0000
-8.99 -0.2275 -0.0091 0.0000
-8.99 -0.2275 -0.0091 0.0000
-9.00 -0.2275 -0.0091 0.0000
-8.99 -0.2275 -0.0091 0.0000
-8.99 -0.2275 -0.0091 0.0000
-9.00 -0.2275 -0.0091 0.0000
-8.99 -0.2275 -0.0091 0.0000
-8.99 -0.2275 -0.0091 0.0000
-9.00 -0.2275 -0.0091 0.0000
-8.99 -0.2275 -0.0091 0.0000
-9.00 -0.2275 -0.0091 0.0000
-9.00 -0.2275 -0.0091 0.0000
-8.99 -0.2275 -0.0091 0.0000
-8.99 -0.2275 -0.0091 0.0000
-9.00 -0.2275 -0.0091 0.0000
-8.99 -0.2275 -0.0091 0.0000
-8.99 -0.2275 -0.0091 0.0000
-9.00 -0.2275 -0.0091 0.0000
-8.99 -0.2275 -0.0091 0.0000
-8.99 -0.2275 -0.0091 0.0000
-8.99 -0.2275 -0.0091 0.0000
-8.99 -0.2275 -0.0091 0.0000
-9.00 -0.2275 -0.0091 0.0000
-8.99 -0.2275 -0.0091 0.0000
-8.99 -0.2275 -0.0091 0.0000
-9.00 -0.2275 -0.0091 0.0000
-8.99 -0.2275 -0.0091 0.0000
-8.99 -0.2275 -0.0091 0.0000
-8.99 -0.2275 -0.0091 0.0000
-8.99 -0.2275 -0.0091 0.0000
-8.99 -0.2275 -0.0091 0.0000
-8.99 -0.2275 -0.0091 0.0000
-8.99 -0.2275 -0.0091 0.0000
-8.99 -0.2275 -0.0091 0.0000
-8.99 -0.2275 -0.0091 0.0000
-9.00 -0.2275 -0.0091 0.0000
-8.99 -0.2275 -0.0091 0.0000
-9.00 -0.2275 -0.0091 0.0000
-8.99 -0.2275 -0.0091 0.0000
-8.99 -0.2275 -0.0091 0.0000
-9.00 -0.2275 -0.0091 0.0000
-8.99 -0.2275 -0.0091 0.0000
-9.00 -0.2275 -0.0091 0.0000
-8.99 -0.2275 -0.0091 0.0000
-8.99 -0.2275 -0.0091 0.0000
-9.00 -0.2275 -0.0091 0.0000
-8.99 -0.2275 -0.0091 0.0000
-8.99 -0.2275 -0.0091 0.0000
-9.00 -0.2275 -0.0091 0.0000
-8.99 -0.2275 -0.0091 0.0000
-8.99 -0.2275 -0.0091 0.0000
-9.00 -0.2275 -0.0091 0.0000
-8.99 -0.2275 -0.0091 0.0000
-9.00 -0.2275 -0.0091 0.0000
-9.00 -0.2275 -0.0091 0.0000
-8.99 -0.2275 -0.0091 0.0000
-8.99 -0.2275 -0.0091 0.0000
-9.00 -0.2275 -0.0091 0.0000
-8.99 -0.2275 -0.0091 0.0000
-8.99 -0.2275 -0.0091 0.0000
-8.99 -0.2275 -0.0091 0.0000
-8.99 -0.2275 -0.0091 0.0000
-8.99 -0.2275 -0.0091 0.0000
-8.99 -0.2275 -0.0091 0.0000
-8.99 -0.2275 -0.0091 0.0000
-9.00 -0.2275 -0.0091 0.0000
-8.99 -0.2275 -0.0091 0.0000
-8.99 -0.2275 -0.0091 0.0000
-8.99 -0.2275 -0.0091 0.0000
-9.00 -0.2275 -0.0091 0.0000
-8.99 -0.2275 -0.0091 0.0000
-9.00 -0.2275 -0.0091 0.0000
-9.00 -0.2275 -0.0091 0.0000
-8.99 -0.2275 -0.0091 0.0000
-8.99 -0.2275 -0.0091 0.0000
-9.00 -0.2275 -0.0091 0.0000
-9.00 -0.2275 -0.0091 0.0000
-9.00 -0.2275 -0.0091 0.0000
-8.99 -0.2275 -0.0091 0.0000
-9.00 -0.2275 -0.0091 0.0000
-8.99 -0.2275 -0.0091 0.0000
-9.00 -0.2275 -0.0091 0.0000
-9.00 -0.2275 -0.0091 0.0000
-8.99 -0.2275 -0.0091 0.0000
-9.00 -0.2275 -0.0091 0.0000
-9.00 -0.2275 -0.0091 0.0000
-9.00 -0.2275 -0.0091 0.0000
-9.00 -0.2275 -0.0091 0.0000
-9.00 -0.2275 -0.0091 0.0000
-9.00 -0.2275 -0.0091 0.0000
-9.00 -0.2275 -0.0091 0.0000
-9.00 -0.2275 -0.0091 0.0000
-9.00 -0.2275 -0.0091 0.0000
-9.00 -0.2275 -0.0091 0.0000
-9.00 -0.2275 -0.0091 0.0000
-9.00 -0.2275 -0.0091 0.0000
-9.00 -0.2275 -0.0091 0.0000
-9.00 -0.2275 -0.0091 0.0000
-9.00 -0.2275 -0.0091 0.0000
-9.00 -0.2275 -0.0091 0.0000
-9.00 -0.2275 -0.0091 0.0000
-9.00 -0.2275 -0.0091 0.0000
-9.00 -0.2275 -0.0091 0.0000
-9.00 -0.2275 -0.0091 0.0000
-9.00 -0.2275 -0.0091 0.0000
-9.00 -0.2275 -0.0091 0.0000
-9.00 -0.2275 -0.0091 0.0000
-9.00 -0.2275 -0.0091 0.0000
-9.00 -0.2275 -0.0091 0.0000
-9.00 -0.2275 -0.0091 0.0000
-9.00 -0.2275 -0.0091 0.0000
-8.99 -0.2275 -0.0091 0.0000
-8.99 -0.2275 -0.0091 0.0000
-8.99 -0.2275 -0.0091 0.0000
-8.99 -0.2275 -0.0091 0.0000
-9.00 -0.2275 -0.0091 0.0000
-9.00 -0.2275 -0.0091 0.0000
-8.99 -0.2275 -0.0091 0.0000
-9.00 -0.2275 -0.0091 0.0000
-8.99 -0.2275 -0.0091 0.0000
-8.99 -0.2275 -0.0091 0.0000
-8.99 -0.2275 -0.0091 0.0000
-8.99 -0.2275 -0.0091 0.0000
-9.00 -0.2275 -0.0091 0.0000
-8.99 -0.2275 -0.0091 0.0000
-9.00 -0.2275 -0.0091 0.0000
-8.99 -0.2275 -0.0091 0.0000
-8.99 -0.2275 -0.0091 0.0000
-9.00 -0.2275 -0.0091 0.0000
-9.00 -0.2275 -0.0091 0.0000
-9.00 -0.2275 -0.0091 0.0000
-9.00 -0.2275 -0.0091 0.0000
-9.00 -0.2275 -0.0091 0.0000
-9.00 -0.2275 -0.0091 0.0000
-9.00 -0.2275 -0.0091 0.0000
-9.00 -0.2275 -0.0091 0.0000
-9.00 -0.2275 -0.0091 0.0000
-8.99 -0.2275 -0.0091 0.0000
-9.00 -0.2275 -0.0091 0.0000
-9.00 -0.2275 -0.0091 0.0000
-8.99 -0.2275 -0.0091 0.0000
-8.99 -0.2275 -0.0091 0.0000
-9.00 -0.2275 -0.0091 0.0000
-8.99 -0.2275 -0.0091 0.0000
-8.99 -0.2275 -0.0091 0.0000
-8.99 -0.2275 -0.0091 0.0000
-8.99 -0.2275 -0.0091 0.0000
-9.00 -0.2275 -0.0091 0.0000
-8.99 -0.2275 -0.0091 0.0000
-8.99 -0.2275 -0.0091 0.0000
-8.99 -0.2275 -0.0091 0.0000
-9.00 -0.2275 -0.0091 0.0000
-8.99 -0.2275 -0.0091 0.0000
-8.99 -0.2275 -0.0091 0.0000
-9.00 -0.2275 -0.0091 0.0000
-8.99 -0.2275 -0.0091 0.0000
-8.99 -0.2275 -0.0091 0.0000
-8.99 -0.2275 -0.0091 0.0000
-8.99 -0.2275 -0.0091 0.0000
-8.99 -0.2275 -0.0091 0.0000
-9.00 -0.2275 -0.0091 0.0000
-8.99 -0.2275 -0.0091 0.0000
-8.99 -0.2275 -0.0091 0.0000
-9.00 -0.2275 -0.0091 0.0000
-8.99 -0.2275 -0.0091 0.0000
-8.99 -0.2275 -0.0091 0.0000
-8.99 -0.2275 -0.0091 0.0000
-8.99 -0.2275 -0.0091 0.0000
-8.99 -0.2275 -0.0091 0.0000
-8.99 -0.2275 -0.0091 0.0000
-8.99 -0.2275 -0.0091 0.0000
-8.99 -0.2275 -0.0091 0.0000
-9.00 -0.2275 -0.0091 0.0000
-8.99 -0.2275 -0.0091 0.0000
-8.99 -0.2275 -0.0091 0.0000
-9.00 -0.2275 -0.0091 0.0000
-8.99 -0.2275 -0.0091 0.0000
-9.00 -0.2275 -0.0091 0.0000
-8.99 -0.2275 -0.0091 0.0000
-8.99 -0.2275 -0.0091 0.0000
-9.00 -0.2275 -0.0091 0.0000
-8.99 -0.2275 -0.0091 0.0000
-8.99 -0.2275 -0.0091 0.0000
-9.00 -0.2275 -0.0091 0.0000
-9.00 -0.2275 -0.0091 0.0000
-9.00 -0.2275 -0.0091 0.0000
-9.00 -0.2275 -0.0091 0.0000
-9.00 -0.2275 -0.0091 0.0000
-8.99 -0.2275 -0.0091 0.0000
-8.99 -0.2275 -0.0091 0.0000
-9.00 -0.2275 -0.0091 0.0000
-9.00 -0.2275 -0.0091 0.0000
-8.99 -0.2275 -0.0091 0.0000
-9.00 -0.2275 -0.0091 0.0000
-9.00 -0.2275 -0.0091 0.0000
-9.00 -0.2275 -0.0091 0.0000
-9.00 -0.2275 -0.0091 0.0000
-9.00 -0.2275 -0.0091 0.0000
-9.00 -0.2275 -0.0091 0.0000
-8.99 -0.2275 -0.0091 0.0000
-8.99 -0.2275 -0.0091 0.0000
-9.00 -0.2275 -0.0091 0.0000
-9.00 -0.2275 -0.0091 0.0000
-9.00 -0.2275 -0.0091 0.0000
-9.00 -0.2275 -0.0091 0.0000
-8.99 -0.2275 -0.0091 0.0000
-8.99 -0.2275 -0.0091 0.0000
-9.00 -0.2275 -0.0091 0.0000
-8.99 -0.2275 -0.0091 0.0000
-8.99 -0.2275 -0.0091 0.0000
-9.00 -0.2275 -0.0091 0.0000
-8.99 -0.2275 -0.0091 0.0000
-9.00 -0.2275 -0.0091 0.0000
-8.99 -0.2275 -0.0091 0.0000
-9.00 -0.2275 -0.0091 0.0000
-9.00 -0.2275 -0.0091 0.0000
-9.00 -0.2275 -0.0091 0.0000
-9.00 -0.2275 -0.0091 0.0000
-9.00 -0.2275 -0.0091 0.0000
-9.00 -0.2275 -0.0091 0.0000
-9.00 -0.2275 -0.0091 0.0000
-9.00 -0.2275 -0.0091 0.0000
-9.00 -0.2275 -0.0091 0.0000
-9.00 -0.2275 -0.0091 0.0000
-9.00 -0.2275 -0.0091 0.0000
-8.99 -0.2275 -0.0091 0.0000
-9.00 -0.2275 -0.0091 0.0000
-9.00 -0.2275 -0.0091 0.0000
-9.00 -0.2275 -0.0091 0.0000
-9.00 -0.2275 -0.0091 0.0000
-9.00 -0.2275 -0.0091 0.0000
-8.99 -0.2275 -0.0091 0.0000
-8.99 -0.2275 -0.0091 0.0000
-9.00 -0.2275 -0.0091 0.0000
-8.99 -0.2275 -0.0091 0.0000
-9.00 -0.2275 -0.0091 0.0000
-8.99 -0.2275 -0.0091 0.0000
-9.00 -0.2275 -0.0091 0.0000
-8.99 -0.2275 -0.0091 0.0000
-8.99 -0.2275 -0.0091 0.0000
-8.99 -0.2275 -0.0091 0.0000
-9.00 -0.2275 -0.0091 0.0000
-8.99 -0.2275 -0.0091 0.0000
-8.99 -0.2275 -0.0091 0.0000
-8.99 -0.2275 -0.0091 0.0000
-8.99 -0.2275 -0.0091 0.0000
-8.99 -0.2275 -0.0091 0.0000
-8.99 -0.2275 -0.0091 0.0000
-8.99 -0.2275 -0.0091 0.0000
-8.99 -0.2275 -0.0091 0.0000
-8.99 -0.2275 -0.0091 0.0000
-8.99 -0.2275 -0.0091 0.0000